Gmag,G_BPmag,G_RPmag,logAge,MH
14.409,17.144,12.986,10.04139,-0.85000
14.220,16.812,12.816,10.04139,-0.85000
13.646,15.805,12.311,10.04139,-0.85000
13.522,15.600,12.201,10.04139,-0.85000
12.727,14.351,11.509,10.04139,-0.85000
12.129,13.515,10.982,10.04139,-0.85000
11.696,12.959,10.593,10.04139,-0.85000
11.071,12.210,10.018,10.04139,-0.85000
10.497,11.552,9.480,10.04139,-0.85000
10.054,11.055,9.063,10.04139,-0.85000
9.686,10.646,8.716,10.04139,-0.85000
9.307,10.224,8.360,10.04139,-0.85000
8.976,9.849,8.054,10.04139,-0.85000
8.874,9.734,7.959,10.04139,-0.85000
8.383,9.169,7.511,10.04139,-0.85000
7.823,8.508,7.016,10.04139,-0.85000
7.220,7.787,6.498,10.04139,-0.85000
6.978,7.505,6.289,10.04139,-0.85000
6.673,7.154,6.021,10.04139,-0.85000
6.514,6.974,5.882,10.04139,-0.85000
6.293,6.723,5.688,10.04139,-0.85000
6.150,6.561,5.561,10.04139,-0.85000
6.039,6.438,5.463,10.04139,-0.85000
5.873,6.255,5.313,10.04139,-0.85000
5.717,6.083,5.174,10.04139,-0.85000
5.640,5.997,5.104,10.04139,-0.85000
5.578,5.930,5.049,10.04139,-0.85000
5.446,5.785,4.930,10.04139,-0.85000
5.324,5.652,4.819,10.04139,-0.85000
5.205,5.524,4.710,10.04139,-0.85000
5.114,5.427,4.627,10.04139,-0.85000
5.027,5.333,4.546,10.04139,-0.85000
4.886,5.185,4.414,10.04139,-0.85000
4.753,5.046,4.289,10.04139,-0.85000
4.621,4.908,4.163,10.04139,-0.85000
4.503,4.785,4.050,10.04139,-0.85000
4.460,4.740,4.009,10.04139,-0.85000
4.312,4.589,3.866,10.04139,-0.85000
4.171,4.446,3.728,10.04139,-0.85000
4.138,4.412,3.696,10.04139,-0.85000
4.085,4.359,3.643,10.04139,-0.85000
3.977,4.252,3.534,10.04139,-0.85000
3.845,4.123,3.398,10.04139,-0.85000
3.796,4.076,3.346,10.04139,-0.85000
3.705,3.991,3.249,10.04139,-0.85000
3.619,3.914,3.151,10.04139,-0.85000
3.600,3.897,3.130,10.04139,-0.85000
3.518,3.832,3.028,10.04139,-0.85000
3.473,3.805,2.964,10.04139,-0.85000
3.434,3.786,2.905,10.04139,-0.85000
3.382,3.750,2.835,10.04139,-0.85000
3.301,3.682,2.741,10.04139,-0.85000
3.194,3.585,2.624,10.04139,-0.85000
3.177,3.569,2.606,10.04139,-0.85000
3.107,3.502,2.532,10.04139,-0.85000
3.008,3.408,2.430,10.04139,-0.85000
2.888,3.292,2.305,10.04139,-0.85000
2.766,3.173,2.180,10.04139,-0.85000
2.667,3.076,2.078,10.04139,-0.85000
2.565,2.977,1.974,10.04139,-0.85000
2.439,2.855,1.845,10.04139,-0.85000
2.316,2.734,1.719,10.04139,-0.85000
2.185,2.607,1.585,10.04139,-0.85000
2.064,2.489,1.460,10.04139,-0.85000
1.938,2.367,1.331,10.04139,-0.85000
1.819,2.252,1.208,10.04139,-0.85000
1.697,2.135,1.082,10.04139,-0.85000
1.574,2.016,0.956,10.04139,-0.85000
1.459,1.906,0.836,10.04139,-0.85000
1.342,1.793,0.715,10.04139,-0.85000
1.233,1.689,0.602,10.04139,-0.85000
1.119,1.580,0.483,10.04139,-0.85000
1.010,1.476,0.369,10.04139,-0.85000
0.900,1.371,0.254,10.04139,-0.85000
0.793,1.269,0.143,10.04139,-0.85000
0.688,1.171,0.033,10.04139,-0.85000
0.582,1.071,-0.079,10.04139,-0.85000
0.480,0.976,-0.186,10.04139,-0.85000
0.379,0.880,-0.292,10.04139,-0.85000
0.347,0.850,-0.325,10.04139,-0.85000
0.375,0.875,-0.296,10.04139,-0.85000
0.425,0.921,-0.242,10.04139,-0.85000
0.432,0.928,-0.234,10.04139,-0.85000
0.340,0.842,-0.331,10.04139,-0.85000
0.236,0.745,-0.441,10.04139,-0.85000
0.138,0.654,-0.544,10.04139,-0.85000
0.038,0.562,-0.650,10.04139,-0.85000
-0.059,0.472,-0.753,10.04139,-0.85000
-0.158,0.382,-0.860,10.04139,-0.85000
-0.254,0.295,-0.962,10.04139,-0.85000
-0.351,0.207,-1.067,10.04139,-0.85000
-0.444,0.124,-1.166,10.04139,-0.85000
-0.536,0.041,-1.265,10.04139,-0.85000
-0.627,-0.040,-1.363,10.04139,-0.85000
-0.716,-0.120,-1.459,10.04139,-0.85000
-0.804,-0.198,-1.554,10.04139,-0.85000
-0.891,-0.274,-1.648,10.04139,-0.85000
-0.979,-0.352,-1.743,10.04139,-0.85000
-1.061,-0.423,-1.833,10.04139,-0.85000
-1.143,-0.494,-1.923,10.04139,-0.85000
-1.224,-0.563,-2.011,10.04139,-0.85000
-1.302,-0.631,-2.098,10.04139,-0.85000
-1.382,-0.698,-2.185,10.04139,-0.85000
-1.475,-0.777,-2.288,10.04139,-0.85000
-1.551,-0.841,-2.372,10.04139,-0.85000
-1.626,-0.904,-2.454,10.04139,-0.85000
-1.715,-0.977,-2.554,10.04139,-0.85000
-1.802,-1.047,-2.652,10.04139,-0.85000
-1.874,-1.105,-2.732,10.04139,-0.85000
-1.957,-1.170,-2.826,10.04139,-0.85000
-2.038,-1.233,-2.918,10.04139,-0.85000
-2.120,-1.296,-3.011,10.04139,-0.85000
-2.200,-1.357,-3.101,10.04139,-0.85000
-2.274,-1.412,-3.186,10.04139,-0.85000
-2.348,-1.466,-3.271,10.04139,-0.85000
-2.420,-1.518,-3.354,10.04139,-0.85000
-2.489,-1.565,-3.434,10.04139,-0.85000
-2.554,-1.607,-3.511,10.04139,-0.85000
-2.616,-1.645,-3.585,10.04139,-0.85000
-2.674,-1.677,-3.655,10.04139,-0.85000
-2.730,-1.707,-3.723,10.04139,-0.85000
-2.784,-1.736,-3.789,10.04139,-0.85000
-2.797,-1.741,-3.807,10.04139,-0.85000
0.513,0.917,-0.070,10.04139,-0.85000
0.477,0.884,-0.109,10.04139,-0.85000
0.468,0.876,-0.118,10.04139,-0.85000
0.465,0.872,-0.121,10.04139,-0.85000
0.463,0.870,-0.122,10.04139,-0.85000
0.464,0.869,-0.120,10.04139,-0.85000
0.466,0.870,-0.116,10.04139,-0.85000
0.469,0.871,-0.112,10.04139,-0.85000
0.472,0.873,-0.108,10.04139,-0.85000
0.475,0.874,-0.104,10.04139,-0.85000
0.477,0.875,-0.100,10.04139,-0.85000
0.479,0.876,-0.097,10.04139,-0.85000
0.480,0.876,-0.094,10.04139,-0.85000
0.482,0.876,-0.092,10.04139,-0.85000
0.482,0.876,-0.091,10.04139,-0.85000
0.482,0.876,-0.091,10.04139,-0.85000
0.482,0.875,-0.090,10.04139,-0.85000
0.482,0.874,-0.090,10.04139,-0.85000
0.481,0.873,-0.091,10.04139,-0.85000
0.479,0.871,-0.092,10.04139,-0.85000
0.477,0.869,-0.094,10.04139,-0.85000
0.474,0.866,-0.098,10.04139,-0.85000
0.469,0.862,-0.102,10.04139,-0.85000
0.468,0.861,-0.104,10.04139,-0.85000
0.463,0.857,-0.109,10.04139,-0.85000
0.457,0.852,-0.116,10.04139,-0.85000
0.450,0.846,-0.124,10.04139,-0.85000
0.442,0.839,-0.133,10.04139,-0.85000
0.433,0.831,-0.144,10.04139,-0.85000
0.424,0.823,-0.155,10.04139,-0.85000
0.415,0.815,-0.165,10.04139,-0.85000
0.411,0.812,-0.168,10.04139,-0.85000
0.393,0.796,-0.189,10.04139,-0.85000
0.362,0.770,-0.224,10.04139,-0.85000
0.319,0.732,-0.273,10.04139,-0.85000
0.247,0.670,-0.353,10.04139,-0.85000
0.171,0.604,-0.438,10.04139,-0.85000
0.097,0.539,-0.521,10.04139,-0.85000
0.014,0.466,-0.614,10.04139,-0.85000
-0.065,0.397,-0.701,10.04139,-0.85000
-0.140,0.331,-0.784,10.04139,-0.85000
-0.204,0.274,-0.855,10.04139,-0.85000
-0.244,0.239,-0.899,10.04139,-0.85000
-0.318,0.174,-0.980,10.04139,-0.85000
-0.404,0.098,-1.074,10.04139,-0.85000
-0.467,0.043,-1.143,10.04139,-0.85000
-0.495,0.018,-1.174,10.04139,-0.85000
-0.431,0.074,-1.104,10.04139,-0.85000
-0.442,0.065,-1.115,10.04139,-0.85000
-0.446,0.061,-1.120,10.04139,-0.85000
-0.546,-0.025,-1.230,10.04139,-0.85000
-0.631,-0.099,-1.324,10.04139,-0.85000
-0.712,-0.168,-1.414,10.04139,-0.85000
-0.796,-0.241,-1.507,10.04139,-0.85000
-0.881,-0.314,-1.601,10.04139,-0.85000
-0.966,-0.387,-1.694,10.04139,-0.85000
-1.047,-0.457,-1.784,10.04139,-0.85000
-1.128,-0.526,-1.875,10.04139,-0.85000
-1.208,-0.593,-1.963,10.04139,-0.85000
-1.285,-0.657,-2.049,10.04139,-0.85000
-1.323,-0.689,-2.092,10.04139,-0.85000
-1.399,-0.752,-2.176,10.04139,-0.85000
-1.445,-0.765,-2.246,10.04139,-0.85000
-1.519,-0.823,-2.330,10.04139,-0.85000
-1.593,-0.882,-2.415,10.04139,-0.85000
-1.665,-0.938,-2.496,10.04139,-0.85000
-1.736,-0.992,-2.579,10.04139,-0.85000
-1.810,-1.047,-2.663,10.04139,-0.85000
-1.878,-1.100,-2.741,10.04139,-0.85000
-1.937,-1.147,-2.807,10.04139,-0.85000
-1.995,-1.194,-2.871,10.04139,-0.85000
-2.071,-1.261,-2.953,10.04139,-0.85000
-2.159,-1.352,-3.038,10.04139,-0.85000
-2.297,-1.540,-3.146,10.04139,-0.85000
-2.366,-1.636,-3.198,10.04139,-0.85000
30.016,30.694,29.214,10.04139,-0.85000
