Gmag,G_BPmag,G_RPmag,logAge,MH
14.408,17.143,12.985,10.06070,-0.85000
13.646,15.804,12.311,10.06070,-0.85000
12.726,14.349,11.508,10.06070,-0.85000
12.127,13.513,10.981,10.06070,-0.85000
11.694,12.957,10.591,10.06070,-0.85000
11.689,12.950,10.587,10.06070,-0.85000
11.069,12.207,10.015,10.06070,-0.85000
10.494,11.549,9.478,10.06070,-0.85000
10.406,11.450,9.395,10.06070,-0.85000
10.051,11.052,9.060,10.06070,-0.85000
9.683,10.644,8.713,10.06070,-0.85000
9.305,10.221,8.358,10.06070,-0.85000
8.871,9.730,7.956,10.06070,-0.85000
8.377,9.162,7.506,10.06070,-0.85000
7.814,8.497,7.008,10.06070,-0.85000
7.205,7.770,6.485,10.06070,-0.85000
6.654,7.133,6.004,10.06070,-0.85000
6.638,7.114,5.990,10.06070,-0.85000
6.414,6.860,5.794,10.06070,-0.85000
6.212,6.631,5.616,10.06070,-0.85000
6.125,6.534,5.539,10.06070,-0.85000
6.103,6.510,5.519,10.06070,-0.85000
5.936,6.325,5.369,10.06070,-0.85000
5.779,6.151,5.228,10.06070,-0.85000
5.638,5.996,5.102,10.06070,-0.85000
5.606,5.961,5.073,10.06070,-0.85000
5.504,5.850,4.981,10.06070,-0.85000
5.381,5.715,4.869,10.06070,-0.85000
5.261,5.586,4.760,10.06070,-0.85000
5.142,5.458,4.651,10.06070,-0.85000
5.062,5.372,4.577,10.06070,-0.85000
4.941,5.244,4.464,10.06070,-0.85000
4.807,5.103,4.338,10.06070,-0.85000
4.674,4.964,4.212,10.06070,-0.85000
4.542,4.827,4.085,10.06070,-0.85000
4.411,4.693,3.959,10.06070,-0.85000
4.410,4.691,3.958,10.06070,-0.85000
4.361,4.641,3.910,10.06070,-0.85000
4.218,4.496,3.771,10.06070,-0.85000
4.185,4.462,3.738,10.06070,-0.85000
4.132,4.408,3.685,10.06070,-0.85000
4.024,4.301,3.576,10.06070,-0.85000
3.891,4.172,3.440,10.06070,-0.85000
3.842,4.125,3.389,10.06070,-0.85000
3.752,4.040,3.292,10.06070,-0.85000
3.647,3.947,3.174,10.06070,-0.85000
3.564,3.880,3.071,10.06070,-0.85000
3.517,3.851,3.006,10.06070,-0.85000
3.475,3.828,2.944,10.06070,-0.85000
3.419,3.789,2.870,10.06070,-0.85000
3.336,3.718,2.774,10.06070,-0.85000
3.226,3.618,2.655,10.06070,-0.85000
3.209,3.601,2.637,10.06070,-0.85000
3.163,3.558,2.589,10.06070,-0.85000
3.138,3.534,2.562,10.06070,-0.85000
3.039,3.440,2.460,10.06070,-0.85000
2.919,3.323,2.335,10.06070,-0.85000
2.796,3.204,2.209,10.06070,-0.85000
2.697,3.107,2.108,10.06070,-0.85000
2.596,3.008,2.004,10.06070,-0.85000
2.470,2.886,1.875,10.06070,-0.85000
2.346,2.765,1.749,10.06070,-0.85000
2.215,2.638,1.615,10.06070,-0.85000
2.094,2.519,1.490,10.06070,-0.85000
1.968,2.397,1.360,10.06070,-0.85000
1.849,2.282,1.238,10.06070,-0.85000
1.727,2.164,1.112,10.06070,-0.85000
1.604,2.046,0.985,10.06070,-0.85000
1.488,1.935,0.865,10.06070,-0.85000
1.371,1.822,0.743,10.06070,-0.85000
1.262,1.718,0.630,10.06070,-0.85000
1.147,1.608,0.511,10.06070,-0.85000
1.037,1.503,0.397,10.06070,-0.85000
0.926,1.397,0.281,10.06070,-0.85000
0.819,1.295,0.169,10.06070,-0.85000
0.713,1.196,0.058,10.06070,-0.85000
0.606,1.095,-0.055,10.06070,-0.85000
0.503,0.998,-0.163,10.06070,-0.85000
0.400,0.901,-0.271,10.06070,-0.85000
0.369,0.872,-0.303,10.06070,-0.85000
0.395,0.896,-0.275,10.06070,-0.85000
0.443,0.940,-0.224,10.06070,-0.85000
0.450,0.946,-0.217,10.06070,-0.85000
0.357,0.860,-0.314,10.06070,-0.85000
0.254,0.763,-0.424,10.06070,-0.85000
0.156,0.672,-0.527,10.06070,-0.85000
0.056,0.580,-0.633,10.06070,-0.85000
-0.041,0.490,-0.736,10.06070,-0.85000
-0.141,0.400,-0.842,10.06070,-0.85000
-0.236,0.313,-0.945,10.06070,-0.85000
-0.334,0.225,-1.049,10.06070,-0.85000
-0.426,0.141,-1.149,10.06070,-0.85000
-0.519,0.059,-1.248,10.06070,-0.85000
-0.610,-0.023,-1.346,10.06070,-0.85000
-0.699,-0.102,-1.442,10.06070,-0.85000
-0.787,-0.181,-1.537,10.06070,-0.85000
-0.874,-0.257,-1.631,10.06070,-0.85000
-0.962,-0.334,-1.727,10.06070,-0.85000
-1.044,-0.406,-1.816,10.06070,-0.85000
-1.127,-0.478,-1.907,10.06070,-0.85000
-1.207,-0.547,-1.996,10.06070,-0.85000
-1.287,-0.614,-2.082,10.06070,-0.85000
-1.366,-0.683,-2.170,10.06070,-0.85000
-1.460,-0.761,-2.273,10.06070,-0.85000
-1.536,-0.825,-2.358,10.06070,-0.85000
-1.611,-0.889,-2.440,10.06070,-0.85000
-1.701,-0.963,-2.541,10.06070,-0.85000
-1.789,-1.033,-2.639,10.06070,-0.85000
-1.861,-1.091,-2.719,10.06070,-0.85000
-1.945,-1.157,-2.814,10.06070,-0.85000
-2.027,-1.220,-2.907,10.06070,-0.85000
-2.109,-1.284,-3.000,10.06070,-0.85000
-2.189,-1.345,-3.091,10.06070,-0.85000
-2.264,-1.401,-3.177,10.06070,-0.85000
-2.339,-1.455,-3.263,10.06070,-0.85000
-2.411,-1.507,-3.346,10.06070,-0.85000
-2.481,-1.554,-3.427,10.06070,-0.85000
-2.547,-1.597,-3.505,10.06070,-0.85000
-2.609,-1.634,-3.580,10.06070,-0.85000
-2.667,-1.666,-3.651,10.06070,-0.85000
-2.724,-1.697,-3.720,10.06070,-0.85000
-2.779,-1.725,-3.787,10.06070,-0.85000
-2.792,-1.730,-3.804,10.06070,-0.85000
0.526,0.928,-0.055,10.06070,-0.85000
0.489,0.894,-0.094,10.06070,-0.85000
0.480,0.885,-0.104,10.06070,-0.85000
0.477,0.881,-0.107,10.06070,-0.85000
0.476,0.879,-0.107,10.06070,-0.85000
0.477,0.879,-0.105,10.06070,-0.85000
0.479,0.880,-0.101,10.06070,-0.85000
0.482,0.882,-0.097,10.06070,-0.85000
0.485,0.883,-0.092,10.06070,-0.85000
0.488,0.884,-0.088,10.06070,-0.85000
0.490,0.885,-0.084,10.06070,-0.85000
0.492,0.886,-0.081,10.06070,-0.85000
0.494,0.887,-0.078,10.06070,-0.85000
0.495,0.887,-0.076,10.06070,-0.85000
0.496,0.887,-0.075,10.06070,-0.85000
0.496,0.887,-0.074,10.06070,-0.85000
0.496,0.886,-0.074,10.06070,-0.85000
0.496,0.885,-0.073,10.06070,-0.85000
0.495,0.884,-0.074,10.06070,-0.85000
0.493,0.882,-0.076,10.06070,-0.85000
0.491,0.880,-0.078,10.06070,-0.85000
0.487,0.877,-0.082,10.06070,-0.85000
0.483,0.873,-0.086,10.06070,-0.85000
0.482,0.872,-0.088,10.06070,-0.85000
0.476,0.867,-0.094,10.06070,-0.85000
0.470,0.861,-0.101,10.06070,-0.85000
0.461,0.854,-0.111,10.06070,-0.85000
0.453,0.847,-0.121,10.06070,-0.85000
0.443,0.838,-0.132,10.06070,-0.85000
0.431,0.829,-0.145,10.06070,-0.85000
0.419,0.818,-0.160,10.06070,-0.85000
0.409,0.809,-0.171,10.06070,-0.85000
0.392,0.795,-0.189,10.06070,-0.85000
0.384,0.788,-0.199,10.06070,-0.85000
0.339,0.749,-0.249,10.06070,-0.85000
0.269,0.689,-0.328,10.06070,-0.85000
0.192,0.622,-0.414,10.06070,-0.85000
0.116,0.555,-0.499,10.06070,-0.85000
0.033,0.482,-0.592,10.06070,-0.85000
-0.048,0.411,-0.682,10.06070,-0.85000
-0.127,0.342,-0.769,10.06070,-0.85000
-0.197,0.281,-0.846,10.06070,-0.85000
-0.239,0.244,-0.892,10.06070,-0.85000
-0.240,0.243,-0.894,10.06070,-0.85000
-0.313,0.178,-0.974,10.06070,-0.85000
-0.397,0.104,-1.067,10.06070,-0.85000
-0.462,0.047,-1.137,10.06070,-0.85000
-0.468,0.042,-1.144,10.06070,-0.85000
-0.426,0.078,-1.099,10.06070,-0.85000
-0.425,0.080,-1.097,10.06070,-0.85000
-0.519,-0.002,-1.201,10.06070,-0.85000
-0.614,-0.084,-1.306,10.06070,-0.85000
-0.705,-0.162,-1.406,10.06070,-0.85000
-0.798,-0.242,-1.509,10.06070,-0.85000
-0.889,-0.320,-1.610,10.06070,-0.85000
-0.978,-0.397,-1.708,10.06070,-0.85000
-1.064,-0.470,-1.804,10.06070,-0.85000
-1.148,-0.541,-1.897,10.06070,-0.85000
-1.232,-0.611,-1.990,10.06070,-0.85000
-1.313,-0.679,-2.081,10.06070,-0.85000
-1.383,-0.728,-2.167,10.06070,-0.85000
-1.409,-0.736,-2.204,10.06070,-0.85000
-1.483,-0.794,-2.290,10.06070,-0.85000
-1.558,-0.852,-2.376,10.06070,-0.85000
-1.634,-0.911,-2.462,10.06070,-0.85000
-1.709,-0.969,-2.548,10.06070,-0.85000
-1.783,-1.025,-2.633,10.06070,-0.85000
-1.861,-1.088,-2.721,10.06070,-0.85000
-1.943,-1.156,-2.812,10.06070,-0.85000
-2.028,-1.236,-2.900,10.06070,-0.85000
-2.149,-1.373,-3.009,10.06070,-0.85000
-2.365,-1.682,-3.165,10.06070,-0.85000
30.067,30.807,29.225,10.06070,-0.85000
