Zini,MH,logAge,Mini,int_IMF,Mass,logL,logTe,logg,label,McoreTP,C_O,period0,period1,period2,period3,period4,pmode,Mloss,tau1m,X,Y,Xc,Xn,Xo,Cexcess,Z,,mbolmag,Gmag,G_BPbrmag,G_BPftmag,G_RPmag
0.0013794,-1.05000,9.98900,0.0900000036,1.0816895962,0.090,-3.233,3.4471,5.365,1,0.000,0.545,0.00,0.00,0.00,0.00,0.00,-1,-5.09e-17,0.00,7.458e-01,2.527e-01,2.632e-04,7.102e-05,6.441e-04,-1.000,1.464e-03,12.852,14.072,16.465,16.505,12.729,
0.0013794,-1.05000,9.98900,0.1000000089,1.1711064577,0.100,-2.990,3.4815,5.306,1,0.000,0.545,0.00,0.00,0.00,0.00,0.00,-1,-9.06e-17,0.00,7.448e-01,2.538e-01,2.632e-04,7.102e-05,6.441e-04,-1.000,1.464e-03,12.244,13.212,14.981,15.026,11.985,
0.0013794,-1.05000,9.98900,0.1199999973,1.3193154335,0.120,-2.708,3.5147,5.235,1,0.000,0.545,0.00,0.00,0.00,0.00,0.00,-1,-1.72e-16,0.00,7.431e-01,2.554e-01,2.632e-04,7.102e-05,6.441e-04,-1.000,1.464e-03,11.540,12.272,13.604,13.652,11.168,
0.0013794,-1.05000,9.98900,0.1400000006,1.4384527206,0.140,-2.524,3.5320,5.188,1,0.000,0.545,0.00,0.00,0.00,0.00,0.00,-1,-2.56e-16,0.00,7.418e-01,2.568e-01,2.632e-04,7.102e-05,6.442e-04,-1.000,1.464e-03,11.081,11.702,12.875,12.923,10.658,
0.0013794,-1.05000,9.98900,0.1599999964,1.5372931957,0.160,-2.385,3.5431,5.151,1,0.000,0.545,0.00,0.00,0.00,0.00,0.00,-1,-3.45e-16,0.00,7.407e-01,2.579e-01,2.632e-04,7.102e-05,6.442e-04,-1.000,1.464e-03,10.731,11.288,12.380,12.429,10.278,
0.0013794,-1.05000,9.98900,0.2000000179,1.6938792467,0.200,-2.166,3.5576,5.088,1,0.000,0.545,0.00,0.00,0.00,0.00,0.00,-1,-5.48e-16,0.00,7.393e-01,2.592e-01,2.632e-04,7.102e-05,6.442e-04,-1.000,1.464e-03,10.185,10.663,11.662,11.710,9.696,
0.0013794,-1.05000,9.98900,0.2500000000,1.8403258324,0.250,-1.961,3.5691,5.026,1,0.000,0.545,0.00,0.00,0.00,0.00,0.00,-1,-5.5e-16,0.00,7.388e-01,2.597e-01,2.632e-04,7.102e-05,6.442e-04,-1.000,1.464e-03,9.672,10.094,11.028,11.076,9.158,
0.0013794,-1.05000,9.98900,0.3000000715,1.9529141188,0.300,-1.802,3.5778,4.980,1,0.000,0.545,0.00,0.00,0.00,0.00,0.00,-1,-5.95e-16,0.00,7.389e-01,2.596e-01,2.632e-04,7.103e-05,6.442e-04,-1.000,1.464e-03,9.274,9.658,10.550,10.597,8.744,
0.0013794,-1.05000,9.98900,0.3500000238,2.0434176922,0.350,-1.670,3.5851,4.945,1,0.000,0.545,0.00,0.00,0.00,0.00,0.00,-1,-1.53e-15,0.00,7.470e-01,2.515e-01,2.632e-04,7.102e-05,6.441e-04,-1.000,1.464e-03,8.945,9.300,10.159,10.206,8.404,
0.0013794,-1.05000,9.98900,0.4000000358,2.1185026169,0.400,-1.519,3.5961,4.896,1,0.000,0.545,0.00,0.00,0.00,0.00,0.00,-1,-2.14e-15,0.00,7.475e-01,2.510e-01,2.632e-04,7.102e-05,6.441e-04,-1.000,1.464e-03,8.568,8.880,9.692,9.739,8.011,
0.0013794,-1.05000,9.98900,0.4500000477,2.1822810173,0.450,-1.344,3.6128,4.838,1,0.000,0.545,0.00,0.00,0.00,0.00,0.00,-1,-3.23e-15,0.00,7.475e-01,2.510e-01,2.632e-04,7.102e-05,6.441e-04,-1.000,1.464e-03,8.130,8.385,9.131,9.176,7.556,
0.0013794,-1.05000,9.98900,0.5000000000,2.2374541759,0.500,-1.146,3.6391,4.791,1,0.000,0.545,0.00,0.00,0.00,0.00,0.00,-1,-5.11e-15,0.00,7.475e-01,2.510e-01,2.632e-04,7.102e-05,6.441e-04,-1.000,1.464e-03,7.634,7.805,8.449,8.492,7.043,
0.0013794,-1.05000,9.98900,0.5500000715,2.2836585045,0.550,-0.930,3.6710,4.744,1,0.000,0.544,0.00,0.00,0.00,0.00,0.00,-1,-8.46e-15,0.00,7.756e-01,2.231e-01,2.361e-04,6.373e-05,5.782e-04,-1.000,1.318e-03,7.094,7.163,7.692,7.731,6.488,
0.0013794,-1.05000,9.98900,0.6000000238,2.3211214542,0.600,-0.731,3.6997,4.698,1,0.000,0.544,0.00,0.00,0.00,0.00,0.00,-1,-1.35e-14,0.00,7.823e-01,2.164e-01,2.302e-04,6.217e-05,5.643e-04,-1.000,1.269e-03,6.599,6.593,7.042,7.075,5.987,
0.0013794,-1.05000,9.98900,0.6201552153,2.3342730999,0.620,-0.650,3.7123,4.682,1,0.000,0.544,0.00,0.00,0.00,0.00,0.00,-1,-1.63e-14,0.00,7.853e-01,2.135e-01,2.275e-04,6.144e-05,5.577e-04,-1.000,1.258e-03,6.396,6.368,6.787,6.817,5.790,
0.0013794,-1.05000,9.98900,0.6397193074,2.3461318016,0.640,-0.572,3.7244,4.666,1,0.000,0.544,0.00,0.00,0.00,0.00,0.00,-1,-1.95e-14,0.00,7.883e-01,2.105e-01,2.247e-04,6.070e-05,5.510e-04,-1.000,1.265e-03,6.200,6.156,6.548,6.576,5.603,
0.0013794,-1.05000,9.98900,0.6499999762,2.3520355225,0.650,-0.531,3.7307,4.657,1,0.000,0.544,0.00,0.00,0.00,0.00,0.00,-1,-2.15e-14,0.00,7.899e-01,2.088e-01,2.232e-04,6.030e-05,5.475e-04,-1.000,1.271e-03,6.098,6.047,6.425,6.451,5.506,
0.0013794,-1.05000,9.98900,0.6639924645,2.3597335815,0.664,-0.476,3.7384,4.641,1,0.000,0.543,0.00,0.00,0.00,0.00,0.00,-1,-2.46e-14,0.00,7.926e-01,2.061e-01,2.208e-04,5.966e-05,5.418e-04,-1.000,1.263e-03,5.959,5.901,6.264,6.289,5.375,
0.0013794,-1.05000,9.98900,0.6807147264,2.3684580326,0.681,-0.409,3.7474,4.621,1,0.000,0.543,0.00,0.00,0.00,0.00,0.00,-1,-2.9e-14,0.00,7.961e-01,2.027e-01,2.178e-04,5.887e-05,5.347e-04,-1.000,1.228e-03,5.792,5.729,6.074,6.097,5.222,
0.0013794,-1.05000,9.98900,0.6962480545,2.3761320114,0.696,-0.346,3.7555,4.601,1,0.000,0.543,0.00,0.00,0.00,0.00,0.00,-1,-3.39e-14,0.00,7.995e-01,1.993e-01,2.149e-04,5.810e-05,5.278e-04,-1.000,1.214e-03,5.636,5.571,5.899,5.920,5.081,
0.0013794,-1.05000,9.98900,0.7000000477,2.3779268265,0.700,-0.331,3.7574,4.596,1,0.000,0.543,0.00,0.00,0.00,0.00,0.00,-1,-3.52e-14,0.00,8.003e-01,1.985e-01,2.142e-04,5.790e-05,5.261e-04,-1.000,1.212e-03,5.598,5.532,5.857,5.877,5.046,
0.0013794,-1.05000,9.98900,0.7100040317,2.3826062679,0.710,-0.290,3.7623,4.581,1,0.000,0.541,0.00,0.00,0.00,0.00,0.00,-1,-3.91e-14,0.00,8.030e-01,1.958e-01,2.112e-04,5.727e-05,5.205e-04,-1.000,1.173e-03,5.496,5.429,5.744,5.763,4.954,
0.0013794,-1.05000,9.98900,0.7209469080,2.3875541687,0.721,-0.245,3.7676,4.563,1,0.000,0.539,0.00,0.00,0.00,0.00,0.00,-1,-4.4e-14,0.00,8.061e-01,1.927e-01,2.080e-04,5.654e-05,5.142e-04,-1.000,1.171e-03,5.382,5.316,5.620,5.638,4.852,
0.0013794,-1.05000,9.98900,0.7314074039,2.3921251297,0.731,-0.201,3.7725,4.545,1,0.000,0.537,0.00,0.00,0.00,0.00,0.00,-1,-4.93e-14,0.00,8.093e-01,1.896e-01,2.047e-04,5.581e-05,5.078e-04,-1.000,1.145e-03,5.272,5.207,5.501,5.518,4.753,
0.0013794,-1.05000,9.98900,0.7412893772,2.3963074684,0.741,-0.158,3.7769,4.526,1,0.000,0.536,0.00,0.00,0.00,0.00,0.00,-1,-5.52e-14,0.00,8.124e-01,1.864e-01,2.015e-04,5.509e-05,5.014e-04,-1.000,1.126e-03,5.166,5.102,5.388,5.404,4.657,
0.0013794,-1.05000,9.98900,0.7500000000,2.3998889923,0.750,-0.120,3.7806,4.508,1,0.000,0.534,0.00,0.00,0.00,0.00,0.00,-1,-6.11e-14,0.00,8.154e-01,1.836e-01,1.986e-04,5.442e-05,4.955e-04,-1.000,1.071e-03,5.071,5.008,5.286,5.302,4.572,
0.0013794,-1.05000,9.98900,0.7601764798,2.4039540291,0.760,-0.075,3.7843,4.483,1,0.000,0.534,0.00,0.00,0.00,0.00,0.00,-1,-6.93e-14,0.00,8.200e-01,1.789e-01,1.947e-04,5.337e-05,4.861e-04,-1.000,1.071e-03,4.957,4.896,5.167,5.183,4.467,
0.0013794,-1.05000,9.98900,0.7707290649,2.4080390930,0.770,-0.026,3.7879,4.455,1,0.000,0.533,0.00,0.00,0.00,0.00,0.00,-1,-7.95e-14,0.00,8.249e-01,1.740e-01,1.906e-04,5.227e-05,4.763e-04,-1.000,1.097e-03,4.836,4.775,5.040,5.055,4.355,
0.0013794,-1.05000,9.98900,0.7807384729,2.4117968082,0.780,0.021,3.7913,4.426,1,0.000,0.533,0.00,0.00,0.00,0.00,0.00,-1,-9.11e-14,0.00,8.295e-01,1.695e-01,1.867e-04,5.122e-05,4.669e-04,-1.000,1.065e-03,4.716,4.657,4.916,4.930,4.244,
0.0013794,-1.05000,9.98900,0.7897766232,2.4150958061,0.789,0.066,3.7942,4.398,1,0.000,0.532,0.00,0.00,0.00,0.00,0.00,-1,-1.04e-13,0.00,8.335e-01,1.654e-01,1.832e-04,5.028e-05,4.586e-04,-1.000,1.044e-03,4.604,4.545,4.798,4.812,4.139,
0.0013794,-1.05000,9.98900,0.7982556820,2.4181129932,0.797,0.111,3.7968,4.368,1,0.000,0.532,0.00,0.00,0.00,0.00,0.00,-1,-1.18e-13,0.00,8.373e-01,1.617e-01,1.800e-04,4.941e-05,4.508e-04,-1.000,1.027e-03,4.493,4.435,4.683,4.697,4.035,
0.0013794,-1.05000,9.98900,0.8000000715,2.4187245369,0.799,0.120,3.7973,4.362,1,0.000,0.532,0.00,0.00,0.00,0.00,0.00,-1,-1.22e-13,0.00,8.380e-01,1.609e-01,1.793e-04,4.923e-05,4.492e-04,-1.000,1.026e-03,4.470,4.411,4.659,4.672,4.012,
0.0013794,-1.05000,9.98900,0.8063184023,2.4209144115,0.805,0.155,3.7993,4.338,1,0.000,0.532,0.00,0.00,0.00,0.00,0.00,-1,-1.35e-13,0.00,8.397e-01,1.593e-01,1.779e-04,4.887e-05,4.460e-04,-1.000,1.028e-03,4.383,4.325,4.569,4.582,3.930,
0.0013794,-1.05000,9.98900,0.8142456412,2.4236063957,0.813,0.200,3.8015,4.306,1,0.000,0.531,0.00,0.00,0.00,0.00,0.00,-1,-1.54e-13,0.00,8.416e-01,1.574e-01,1.764e-04,4.847e-05,4.425e-04,-1.000,1.008e-03,4.269,4.212,4.451,4.464,3.822,
0.0013794,-1.05000,9.98900,0.8215479255,2.4260337353,0.821,0.243,3.8033,4.274,1,0.000,0.531,0.00,0.00,0.00,0.00,0.00,-1,-1.76e-13,0.00,8.431e-01,1.559e-01,1.753e-04,4.818e-05,4.400e-04,-1.000,9.995e-04,4.162,4.104,4.340,4.353,3.719,
0.0013794,-1.05000,9.98900,0.8308241367,2.4290461540,0.830,0.301,3.8050,4.228,1,0.000,0.530,0.00,0.00,0.00,0.00,0.00,-1,-2.11e-13,0.00,8.440e-01,1.550e-01,1.748e-04,4.808e-05,4.392e-04,-1.000,1.017e-03,4.017,3.959,4.192,4.204,3.578,
0.0013794,-1.05000,9.98900,0.8380920887,2.4313530922,0.837,0.350,3.8058,4.186,1,0.000,0.530,0.00,0.00,0.00,0.00,0.00,-1,-2.47e-13,0.00,8.435e-01,1.555e-01,1.755e-04,4.827e-05,4.411e-04,-1.000,1.025e-03,3.895,3.837,4.068,4.080,3.458,
0.0013794,-1.05000,9.98900,0.8383145928,2.4314229488,0.837,0.351,3.8058,4.185,1,0.000,0.530,0.00,0.00,0.00,0.00,0.00,-1,-2.49e-13,0.00,8.435e-01,1.555e-01,1.755e-04,4.828e-05,4.411e-04,-1.000,1.025e-03,3.892,3.833,4.064,4.077,3.454,
0.0013794,-1.05000,9.98900,0.8416596651,2.4324686527,0.840,0.376,3.8057,4.161,1,0.000,0.530,0.00,0.00,0.00,0.00,0.00,-1,-2.69e-13,0.00,8.431e-01,1.558e-01,1.760e-04,4.841e-05,4.423e-04,-1.000,1.025e-03,3.830,3.771,4.002,4.015,3.392,
0.0013794,-1.05000,9.98900,0.8484522104,2.4345629215,0.847,0.429,3.8044,4.106,1,0.000,0.530,0.00,0.00,0.00,0.00,0.00,-1,-3.22e-13,0.00,8.424e-01,1.566e-01,1.769e-04,4.866e-05,4.447e-04,-1.000,1.024e-03,3.696,3.636,3.869,3.881,3.255,
0.0013794,-1.05000,9.98900,0.8500000238,2.4350347519,0.849,0.443,3.8037,4.090,1,0.000,0.530,0.00,0.00,0.00,0.00,0.00,-1,-3.38e-13,0.00,8.422e-01,1.567e-01,1.771e-04,4.872e-05,4.452e-04,-1.000,1.025e-03,3.662,3.601,3.835,3.848,3.219,
0.0013794,-1.05000,9.98900,0.8541521430,2.4362907410,0.853,0.480,3.8017,4.048,1,0.000,0.530,0.00,0.00,0.00,0.00,0.00,-1,-3.86e-13,0.00,8.412e-01,1.578e-01,1.782e-04,4.903e-05,4.481e-04,-1.000,1.033e-03,3.571,3.509,3.746,3.759,3.123,
0.0013794,-1.05000,9.98900,0.8552488685,2.4366202354,0.854,0.490,3.8010,4.035,1,0.000,0.530,0.00,0.00,0.00,0.00,0.00,-1,-4.02e-13,0.00,8.409e-01,1.581e-01,1.785e-04,4.911e-05,4.488e-04,-1.000,1.036e-03,3.545,3.483,3.721,3.734,3.096,
0.0013794,-1.05000,9.98900,0.8562402129,2.4369173050,0.855,0.500,3.7999,4.022,2,0.000,0.530,0.00,0.00,0.00,0.00,0.00,-1,-4.17e-13,0.00,8.406e-01,1.583e-01,1.788e-04,4.919e-05,4.495e-04,-1.000,1.038e-03,3.520,3.458,3.698,3.711,3.068,
0.0013794,-1.05000,9.98900,0.8602517247,2.4381108284,0.859,0.543,3.7941,3.957,2,0.000,0.530,0.00,0.00,0.00,0.00,0.00,-1,-4.93e-13,0.00,8.384e-01,1.606e-01,1.816e-04,4.995e-05,4.564e-04,-1.000,1.062e-03,3.412,3.348,3.598,3.612,2.947,
0.0013794,-1.05000,9.98900,0.8630817533,2.4389450550,0.861,0.577,3.7871,3.897,2,0.000,0.531,0.00,0.00,0.00,0.00,0.00,-1,-5.7e-13,0.00,8.329e-01,1.660e-01,1.885e-04,5.182e-05,4.734e-04,-1.000,1.089e-03,3.329,3.263,3.525,3.540,2.848,
0.0013794,-1.05000,9.98900,0.8651496172,2.4395506382,0.863,0.602,3.7793,3.842,2,0.000,0.531,0.00,0.00,0.00,0.00,0.00,-1,-6.44e-13,0.00,8.226e-01,1.763e-01,1.995e-04,5.480e-05,5.002e-04,-1.000,1.133e-03,3.266,3.200,3.476,3.491,2.768,
0.0013794,-1.05000,9.98900,0.8667414784,2.4400148392,0.865,0.620,3.7708,3.790,2,0.000,0.533,0.00,0.00,0.00,0.00,0.00,-1,-7.12e-13,0.00,8.034e-01,1.954e-01,2.155e-04,5.910e-05,5.387e-04,-1.000,1.200e-03,3.220,3.155,3.446,3.463,2.706,
0.0013794,-1.05000,9.98900,0.8680539131,2.4403958321,0.866,0.635,3.7621,3.741,2,0.000,0.535,0.00,0.00,0.00,0.00,0.00,-1,-7.8e-13,0.00,7.854e-01,2.133e-01,2.292e-04,6.277e-05,5.714e-04,-1.000,1.284e-03,3.183,3.120,3.427,3.446,2.652,
0.0013794,-1.05000,9.98900,0.8692411184,2.4407393932,0.867,0.653,3.7530,3.687,2,0.000,0.536,0.00,0.00,0.00,0.00,0.00,-1,-8.65e-13,0.00,7.737e-01,2.250e-01,2.381e-04,6.513e-05,5.924e-04,-1.000,1.339e-03,3.137,3.078,3.403,3.423,2.592,
0.0013794,-1.05000,9.98900,0.8703126311,2.4410486221,0.868,0.681,3.7451,3.628,2,0.000,0.536,0.00,0.00,0.00,0.00,0.00,-1,-9.86e-13,0.00,7.670e-01,2.317e-01,2.432e-04,6.650e-05,6.046e-04,-1.000,1.375e-03,3.067,3.013,3.353,3.374,2.511,
0.0013794,-1.05000,9.98900,0.8712978363,2.4413321018,0.869,0.721,3.7390,3.564,2,0.000,0.537,0.00,0.00,0.00,0.00,0.00,-1,-1.16e-12,0.00,7.627e-01,2.359e-01,2.464e-04,6.736e-05,6.122e-04,-1.000,1.409e-03,2.967,2.919,3.270,3.292,2.404,
0.0013794,-1.05000,9.98900,0.8718453050,2.4414892197,0.870,0.748,3.7360,3.525,2,0.000,0.537,0.00,0.00,0.00,0.00,0.00,-1,-1.29e-12,0.00,7.606e-01,2.380e-01,2.478e-04,6.773e-05,6.156e-04,-1.000,1.394e-03,2.900,2.855,3.211,3.234,2.334,
0.0013794,-1.05000,9.98900,0.8720849752,2.4415578842,0.870,0.763,3.7351,3.507,2,0.000,0.537,0.00,0.00,0.00,0.00,0.00,-1,-1.36e-12,0.00,7.598e-01,2.388e-01,2.483e-04,6.786e-05,6.166e-04,-1.000,1.400e-03,2.863,2.819,3.177,3.200,2.297,
0.0013794,-1.05000,9.98900,0.8727197647,2.4417397976,0.871,0.803,3.7326,3.457,3,0.000,0.537,0.00,0.00,0.00,0.00,0.00,-1,-1.58e-12,0.00,7.577e-01,2.409e-01,2.494e-04,6.816e-05,6.194e-04,-1.000,1.410e-03,2.762,2.721,3.084,3.107,2.194,
0.0013794,-1.05000,9.98900,0.8733339906,2.4419155121,0.871,0.846,3.7305,3.406,3,0.000,0.537,0.00,0.00,0.00,0.00,0.00,-1,-1.85e-12,0.00,7.557e-01,2.429e-01,2.503e-04,6.842e-05,6.217e-04,-1.000,1.408e-03,2.656,2.617,2.984,3.008,2.086,
0.0013794,-1.05000,9.98900,0.8739272356,2.4420850277,0.872,0.890,3.7286,3.354,3,0.000,0.537,0.00,0.00,0.00,0.00,0.00,-1,-2.17e-12,0.00,7.537e-01,2.449e-01,2.509e-04,6.866e-05,6.235e-04,-1.000,1.433e-03,2.544,2.507,2.878,2.902,1.973,
0.0013794,-1.05000,9.98900,0.8745420575,2.4422602654,0.872,0.941,3.7267,3.297,3,0.000,0.536,0.00,0.00,0.00,0.00,0.00,-1,-2.61e-12,0.00,7.515e-01,2.471e-01,2.511e-04,6.898e-05,6.252e-04,-1.000,1.419e-03,2.419,2.384,2.758,2.783,1.846,
0.0013794,-1.05000,9.98900,0.8750558496,2.4424066544,0.873,0.986,3.7252,3.246,3,0.000,0.533,0.00,0.00,0.00,0.00,0.00,-1,-3.07e-12,0.00,7.495e-01,2.491e-01,2.505e-04,6.959e-05,6.264e-04,-1.000,1.417e-03,2.305,2.273,2.649,2.674,1.732,
0.0013794,-1.05000,9.98900,0.8755766153,2.4425547123,0.873,1.036,3.7236,3.190,3,0.000,0.529,0.00,0.00,0.00,0.00,0.00,-1,-3.67e-12,0.00,7.474e-01,2.511e-01,2.488e-04,7.101e-05,6.275e-04,-1.000,1.420e-03,2.180,2.150,2.530,2.555,1.607,
0.0013794,-1.05000,9.98900,0.8760469556,2.4426882267,0.874,1.085,3.7220,3.135,3,0.000,0.523,0.00,0.00,0.00,0.00,0.00,-1,-4.37e-12,0.00,7.456e-01,2.530e-01,2.462e-04,7.358e-05,6.283e-04,-1.000,1.431e-03,2.059,2.031,2.413,2.439,1.484,
0.0013794,-1.05000,9.98900,0.8765010834,2.4428172112,0.874,1.136,3.7204,3.077,3,0.000,0.516,0.00,0.00,0.00,0.00,0.00,-1,-5.26e-12,0.00,7.439e-01,2.547e-01,2.430e-04,7.710e-05,6.290e-04,-1.000,1.454e-03,1.931,1.905,2.291,2.317,1.356,
0.0013794,-1.05000,9.98900,0.8768869638,2.4429264069,0.874,1.183,3.7188,3.023,3,0.000,0.509,0.00,0.00,0.00,0.00,0.00,-1,-6.24e-12,0.00,7.425e-01,2.560e-01,2.399e-04,8.068e-05,6.295e-04,-1.000,1.440e-03,1.812,1.789,2.178,2.204,1.236,
0.0013794,-1.05000,9.98900,0.8772414923,2.4430267811,0.874,1.231,3.7171,2.969,3,0.000,0.502,0.00,0.00,0.00,0.00,0.00,-1,-7.41e-12,0.00,7.414e-01,2.572e-01,2.372e-04,8.411e-05,6.299e-04,-1.000,1.449e-03,1.693,1.673,2.065,2.091,1.117,
0.0013794,-1.05000,9.98900,0.8775660396,2.4431185722,0.875,1.278,3.7154,2.915,3,0.000,0.497,0.00,0.00,0.00,0.00,0.00,-1,-8.79e-12,0.00,7.404e-01,2.581e-01,2.348e-04,8.703e-05,6.302e-04,-1.000,1.458e-03,1.574,1.557,1.953,1.979,0.997,
0.0013794,-1.05000,9.98900,0.8778710365,2.4432046413,0.875,1.327,3.7136,2.859,3,0.000,0.493,0.00,0.00,0.00,0.00,0.00,-1,-1.05e-11,0.00,7.397e-01,2.589e-01,2.331e-04,8.922e-05,6.304e-04,-1.000,1.422e-03,1.453,1.438,1.838,1.865,0.875,
0.0013794,-1.05000,9.98900,0.8781282306,2.4432773590,0.875,1.372,3.7118,2.808,3,0.000,0.491,0.00,0.00,0.00,0.00,0.00,-1,-1.23e-11,0.00,7.392e-01,2.594e-01,2.320e-04,9.067e-05,6.306e-04,-1.000,1.400e-03,1.341,1.329,1.733,1.760,0.762,
0.0013794,-1.05000,9.98900,0.8783758879,2.4433472157,0.875,1.418,3.7100,2.753,3,0.000,0.489,0.00,0.00,0.00,0.00,0.00,-1,-1.46e-11,0.00,7.388e-01,2.597e-01,2.311e-04,9.182e-05,6.307e-04,-1.000,1.419e-03,1.224,1.216,1.623,1.651,0.645,
0.0013794,-1.05000,9.98900,0.8786058426,2.4434120655,0.875,1.466,3.7080,2.698,3,0.000,0.488,0.00,0.00,0.00,0.00,0.00,-1,-1.74e-11,0.00,7.386e-01,2.600e-01,2.306e-04,9.240e-05,6.308e-04,-1.000,1.412e-03,1.106,1.101,1.513,1.541,0.526,
0.0013794,-1.05000,9.98900,0.8788123131,2.4434702396,0.875,1.512,3.7060,2.644,3,0.000,0.487,0.00,0.00,0.00,0.00,0.00,-1,-2.06e-11,0.00,7.385e-01,2.600e-01,2.304e-04,9.269e-05,6.308e-04,-1.000,1.437e-03,0.990,0.989,1.405,1.434,0.410,
0.0013794,-1.05000,9.98900,0.8790020347,2.4435236454,0.875,1.558,3.7040,2.590,3,0.000,0.487,0.00,0.00,0.00,0.00,0.00,-1,-2.44e-11,0.00,7.385e-01,2.601e-01,2.303e-04,9.280e-05,6.308e-04,-1.000,1.437e-03,0.874,0.878,1.298,1.327,0.295,
0.0013794,-1.05000,9.98900,0.8791652918,2.4435696602,0.875,1.601,3.7020,2.539,3,0.000,0.487,0.00,0.00,0.00,0.00,0.00,-1,-2.85e-11,0.00,7.385e-01,2.601e-01,2.303e-04,9.285e-05,6.308e-04,-1.000,1.437e-03,0.766,0.774,1.199,1.228,0.187,
0.0013794,-1.05000,9.98900,0.8793245554,2.4436144829,0.875,1.647,3.6999,2.485,3,0.000,0.487,0.00,0.00,0.00,0.00,0.00,-1,-3.37e-11,0.00,7.385e-01,2.601e-01,2.303e-04,9.289e-05,6.308e-04,-1.000,1.436e-03,0.653,0.664,1.094,1.123,0.072,
0.0013794,-1.05000,9.98900,0.8794656992,2.4436542988,0.875,1.691,3.6978,2.432,3,0.000,0.487,0.00,0.00,0.00,0.00,0.00,-1,-3.97e-11,0.00,7.385e-01,2.601e-01,2.303e-04,9.292e-05,6.308e-04,-1.000,1.436e-03,0.543,0.558,0.994,1.024,-0.038,
0.0013794,-1.05000,9.98900,0.8795987368,2.4436917305,0.875,1.735,3.6956,2.379,3,0.000,0.487,0.00,0.00,0.00,0.00,0.00,-1,-4.67e-11,0.00,7.384e-01,2.601e-01,2.302e-04,9.295e-05,6.308e-04,-1.000,1.436e-03,0.431,0.451,0.892,0.923,-0.150,
0.0013794,-1.05000,9.98900,0.8797209263,2.4437260628,0.875,1.780,3.6933,2.326,3,0.000,0.487,0.00,0.00,0.00,0.00,0.00,-1,-5.5e-11,0.00,7.384e-01,2.601e-01,2.302e-04,9.298e-05,6.308e-04,-1.000,1.436e-03,0.321,0.345,0.792,0.823,-0.261,
0.0013794,-1.05000,9.98900,0.8798309565,2.4437568188,0.875,1.822,3.6912,2.275,3,0.000,0.487,0.00,0.00,0.00,0.00,0.00,-1,-6.43e-11,0.00,7.384e-01,2.601e-01,2.302e-04,9.301e-05,6.308e-04,-1.000,1.436e-03,0.215,0.243,0.696,0.727,-0.367,
0.0013794,-1.05000,9.98900,0.8799389601,2.4437873363,0.875,1.865,3.6889,2.222,3,0.000,0.487,0.00,0.00,0.00,0.00,0.00,-1,-7.56e-11,0.00,7.384e-01,2.601e-01,2.302e-04,9.303e-05,6.308e-04,-1.000,1.436e-03,0.107,0.141,0.599,0.631,-0.476,
0.0013794,-1.05000,9.98900,0.8800411820,2.4438159466,0.874,1.903,3.6868,2.176,3,0.000,0.487,0.00,0.00,0.00,0.00,0.00,-1,-8.71e-11,0.00,7.384e-01,2.602e-01,2.302e-04,9.306e-05,6.308e-04,-1.000,1.436e-03,0.011,0.050,0.514,0.546,-0.570,
0.0013794,-1.05000,9.98900,0.8801715374,2.4438526630,0.874,1.940,3.6850,2.132,3,0.000,0.487,0.00,0.00,0.00,0.00,0.00,-1,-9.99e-11,0.00,7.384e-01,2.602e-01,2.301e-04,9.309e-05,6.309e-04,-1.000,1.436e-03,-0.079,-0.035,0.433,0.466,-0.660,
0.0013794,-1.05000,9.98900,0.8802486062,2.4438741207,0.874,1.917,3.6867,2.161,3,0.000,0.487,0.00,0.00,0.00,0.00,0.00,-1,-9.27e-11,0.00,7.384e-01,2.602e-01,2.301e-04,9.311e-05,6.309e-04,-1.000,1.436e-03,-0.023,0.017,0.480,0.513,-0.605,
0.0013794,-1.05000,9.98900,0.8802856207,2.4438846111,0.874,1.904,3.6876,2.178,3,0.000,0.487,0.00,0.00,0.00,0.00,0.00,-1,-8.82e-11,0.00,7.384e-01,2.602e-01,2.301e-04,9.311e-05,6.309e-04,-1.000,1.436e-03,0.010,0.047,0.509,0.541,-0.572,
0.0013794,-1.05000,9.98900,0.8803535104,2.4439036846,0.874,1.941,3.6856,2.133,3,0.000,0.487,0.00,0.00,0.00,0.00,0.00,-1,-9.99e-11,0.00,7.384e-01,2.602e-01,2.301e-04,9.313e-05,6.309e-04,-1.000,1.436e-03,-0.081,-0.039,0.428,0.461,-0.663,
0.0013794,-1.05000,9.98900,0.8804285526,2.4439246655,0.873,1.982,3.6832,2.082,3,0.000,0.486,0.00,0.00,0.00,0.00,0.00,-1,-1.16e-10,0.00,7.384e-01,2.602e-01,2.301e-04,9.315e-05,6.309e-04,-1.000,1.435e-03,-0.185,-0.136,0.337,0.370,-0.765,
0.0013794,-1.05000,9.98900,0.8805009127,2.4439449310,0.873,2.024,3.6808,2.030,3,0.000,0.486,0.00,0.00,0.00,0.00,0.00,-1,-1.36e-10,0.00,7.384e-01,2.602e-01,2.301e-04,9.317e-05,6.309e-04,-1.000,1.435e-03,-0.290,-0.235,0.244,0.278,-0.869,
0.0013794,-1.05000,9.98900,0.8805670738,2.4439635277,0.873,2.065,3.6784,1.979,3,0.000,0.486,0.00,0.00,0.00,0.00,0.00,-1,-1.58e-10,0.00,7.384e-01,2.602e-01,2.301e-04,9.318e-05,6.309e-04,-1.000,1.435e-03,-0.393,-0.332,0.154,0.189,-0.972,
0.0013794,-1.05000,9.98900,0.8806297183,2.4439811707,0.872,2.107,3.6759,1.928,3,0.000,0.486,0.00,0.00,0.00,0.00,0.00,-1,-1.85e-10,0.00,7.384e-01,2.602e-01,2.301e-04,9.320e-05,6.309e-04,-1.000,1.435e-03,-0.497,-0.431,0.064,0.099,-1.078,
0.0013794,-1.05000,9.98900,0.8806861639,2.4439969063,0.872,2.147,3.6734,1.877,3,0.000,0.486,0.00,0.00,0.00,0.00,0.00,-1,-2.15e-10,0.00,7.384e-01,2.602e-01,2.301e-04,9.321e-05,6.309e-04,-1.000,1.435e-03,-0.598,-0.527,-0.023,0.013,-1.180,
0.0013794,-1.05000,9.98900,0.8807387352,2.4440116882,0.872,2.188,3.6709,1.826,3,0.000,0.486,0.00,0.00,0.00,0.00,0.00,-1,-2.51e-10,0.00,7.384e-01,2.602e-01,2.300e-04,9.322e-05,6.309e-04,-1.000,1.435e-03,-0.699,-0.622,-0.110,-0.073,-1.282,
0.0013794,-1.05000,9.98900,0.8807868361,2.4440252781,0.871,2.228,3.6684,1.776,3,0.000,0.486,0.00,0.00,0.00,0.00,0.00,-1,-2.92e-10,0.00,7.384e-01,2.602e-01,2.300e-04,9.323e-05,6.309e-04,-1.000,1.435e-03,-0.799,-0.716,-0.195,-0.157,-1.383,
0.0013794,-1.05000,9.98900,0.8808314800,2.4440376759,0.871,2.267,3.6658,1.726,3,0.000,0.486,0.00,0.00,0.00,0.00,0.00,-1,-3.39e-10,0.00,7.384e-01,2.602e-01,2.300e-04,9.324e-05,6.309e-04,-1.000,1.435e-03,-0.899,-0.808,-0.278,-0.239,-1.482,
0.0013794,-1.05000,9.98900,0.8808719516,2.4440491199,0.870,2.306,3.6633,1.676,3,0.000,0.486,0.00,0.00,0.00,0.00,0.00,-1,-3.92e-10,0.00,7.384e-01,2.602e-01,2.300e-04,9.325e-05,6.309e-04,-1.000,1.435e-03,-0.996,-0.897,-0.358,-0.318,-1.579,
0.0013794,-1.05000,9.98900,0.8809102178,2.4440598488,0.870,2.345,3.6607,1.626,3,0.000,0.486,0.00,0.00,0.00,0.00,0.00,-1,-4.54e-10,0.00,7.384e-01,2.602e-01,2.300e-04,9.326e-05,6.309e-04,-1.000,1.435e-03,-1.094,-0.987,-0.438,-0.397,-1.676,
0.0013794,-1.05000,9.98900,0.8809450865,2.4440696239,0.869,2.384,3.6581,1.577,3,0.000,0.486,0.00,0.00,0.00,0.00,0.00,-1,-5.25e-10,0.00,7.384e-01,2.602e-01,2.300e-04,9.327e-05,6.309e-04,-1.000,1.435e-03,-1.190,-1.074,-0.515,-0.473,-1.770,
0.0013794,-1.05000,9.98900,0.8809773922,2.4440784454,0.868,2.422,3.6555,1.528,3,0.000,0.486,0.00,0.00,0.00,0.00,0.00,-1,-6.07e-10,0.00,7.384e-01,2.602e-01,2.300e-04,9.328e-05,6.309e-04,-1.000,1.435e-03,-1.285,-1.160,-0.591,-0.548,-1.863,
0.0013794,-1.05000,9.98900,0.8810070753,2.4440867901,0.868,2.459,3.6529,1.480,3,0.000,0.486,0.00,0.00,0.00,0.00,0.00,-1,-6.99e-10,0.00,7.384e-01,2.602e-01,2.300e-04,9.329e-05,6.309e-04,-1.000,1.435e-03,-1.378,-1.243,-0.664,-0.620,-1.953,
0.0013794,-1.05000,9.98900,0.8810409307,2.4440963268,0.867,2.505,3.6497,1.421,3,0.000,0.486,8.14,6.29,4.45,3.43,2.78,3,-8.33e-10,0.00,7.384e-01,2.602e-01,2.300e-04,9.329e-05,6.309e-04,-1.000,1.435e-03,-1.494,-1.344,-0.752,-0.708,-2.063,
0.0013794,-1.05000,9.98900,0.8810663819,2.4441034794,0.866,2.542,3.6471,1.373,3,0.000,0.486,9.00,6.85,4.83,3.73,3.02,3,-9.58e-10,0.00,7.383e-01,2.602e-01,2.300e-04,9.330e-05,6.309e-04,-1.000,1.435e-03,-1.586,-1.423,-0.821,-0.777,-2.151,
0.0013794,-1.05000,9.98900,0.8810943961,2.4441113472,0.865,2.586,3.6439,1.316,3,0.000,0.486,10.14,7.60,5.33,4.12,3.34,3,-1.13e-09,0.00,7.383e-01,2.602e-01,2.300e-04,9.331e-05,6.309e-04,-1.000,1.435e-03,-1.695,-1.517,-0.902,-0.857,-2.253,
0.0013794,-1.05000,9.98900,0.8811208606,2.4441187382,0.863,2.631,3.6406,1.258,3,0.000,0.486,11.46,8.44,5.89,4.57,3.70,3,-1.34e-09,0.00,7.383e-01,2.602e-01,2.300e-04,9.331e-05,6.309e-04,-1.000,1.435e-03,-1.807,-1.613,-0.985,-0.939,-2.359,
0.0013794,-1.05000,9.98900,0.8811409473,2.4441244602,0.862,2.667,3.6380,1.211,3,0.000,0.486,12.66,9.19,6.39,4.96,4.02,3,-1.54e-09,0.00,7.383e-01,2.602e-01,2.300e-04,9.332e-05,6.309e-04,-1.000,1.435e-03,-1.898,-1.689,-1.051,-1.004,-2.443,
0.0013794,-1.05000,9.98900,0.8811627626,2.4441304207,0.861,2.709,3.6348,1.155,3,0.000,0.486,14.22,10.15,7.02,5.46,4.43,3,-1.81e-09,0.00,7.383e-01,2.602e-01,2.300e-04,9.332e-05,6.309e-04,-1.000,1.435e-03,-2.003,-1.778,-1.125,-1.078,-2.540,
0.0013794,-1.05000,9.98900,0.8811836243,2.4441363811,0.859,2.752,3.6316,1.098,3,0.000,0.486,16.02,11.24,7.75,6.03,4.89,3,-2.14e-09,0.00,7.383e-01,2.602e-01,2.300e-04,9.333e-05,6.309e-04,-1.000,1.435e-03,-2.111,-1.868,-1.202,-1.155,-2.640,
0.0013794,-1.05000,9.98900,0.8812032938,2.4441418648,0.858,2.796,3.6283,1.040,3,0.000,0.486,18.09,12.48,8.55,6.67,5.41,2,-2.53e-09,0.00,7.383e-01,2.602e-01,2.300e-04,9.333e-05,6.309e-04,-1.000,1.435e-03,-2.220,-1.958,-1.278,-1.230,-2.740,
0.0013794,-1.05000,9.98900,0.8812201619,2.4441466331,0.856,2.836,3.6252,0.987,3,0.000,0.486,20.23,13.73,9.37,7.32,5.94,2,-2.96e-09,0.00,7.383e-01,2.602e-01,2.300e-04,9.334e-05,6.309e-04,-1.000,1.435e-03,-2.320,-2.039,-1.345,-1.296,-2.831,
0.0013794,-1.05000,9.98900,0.8812363148,2.4441511631,0.854,2.877,3.6220,0.932,3,0.000,0.486,22.68,15.15,10.29,8.05,6.54,2,-3.46e-09,0.00,7.383e-01,2.602e-01,2.300e-04,9.334e-05,6.309e-04,-1.000,1.435e-03,-2.422,-2.121,-1.411,-1.362,-2.923,
0.0013794,-1.05000,9.98900,0.8812516332,2.4441554546,0.852,2.918,3.6187,0.877,3,0.000,0.486,25.50,16.75,11.33,8.88,7.20,2,-4.07e-09,0.00,7.383e-01,2.602e-01,2.300e-04,9.334e-05,6.309e-04,-1.000,1.435e-03,-2.526,-2.204,-1.477,-1.427,-3.017,
0.0013794,-1.05000,9.98900,0.8812654018,2.4441592693,0.849,2.958,3.6156,0.823,3,0.000,0.486,28.53,18.44,12.42,9.75,7.91,2,-4.75e-09,0.00,7.383e-01,2.602e-01,2.300e-04,9.335e-05,6.309e-04,-1.000,1.435e-03,-2.626,-2.283,-1.540,-1.490,-3.106,
0.0013794,-1.05000,9.98900,0.8812780976,2.4441628456,0.847,2.998,3.6125,0.770,3,0.000,0.486,31.87,20.27,13.59,10.68,8.67,2,-5.53e-09,0.00,7.383e-01,2.602e-01,2.300e-04,9.335e-05,6.309e-04,-1.000,1.435e-03,-2.724,-2.360,-1.600,-1.550,-3.193,
0.0013794,-1.05000,9.98900,0.8812901378,2.4441661835,0.844,3.037,3.6094,0.717,3,0.000,0.486,35.60,22.28,14.88,11.71,9.51,1,-6.45e-09,0.00,7.383e-01,2.602e-01,2.300e-04,9.335e-05,6.309e-04,-1.000,1.435e-03,-2.822,-2.437,-1.660,-1.610,-3.280,
0.0013794,-1.05000,9.98900,0.8813016415,2.4441692829,0.841,3.077,3.6062,0.663,3,0.000,0.486,39.89,24.56,16.32,12.87,10.45,1,-7.54e-09,0.00,7.383e-01,2.602e-01,2.300e-04,9.336e-05,6.309e-04,-1.000,1.435e-03,-2.922,-2.513,-1.719,-1.668,-3.367,
0.0013794,-1.05000,9.98900,0.8813116550,2.4441721439,0.838,3.113,3.6032,0.613,3,0.000,0.486,44.31,26.87,17.78,14.04,11.41,1,-8.7e-09,0.00,7.383e-01,2.602e-01,2.299e-04,9.336e-05,6.309e-04,-1.000,1.435e-03,-3.013,-2.583,-1.772,-1.721,-3.447,
0.0013794,-1.05000,9.98900,0.8813214898,2.4441750050,0.835,3.151,3.6002,0.561,3,0.000,0.486,49.40,29.48,19.43,15.37,12.49,1,-1.01e-08,0.00,7.383e-01,2.602e-01,2.299e-04,9.336e-05,6.309e-04,-1.000,1.435e-03,-3.108,-2.656,-1.827,-1.776,-3.530,
0.0013794,-1.05000,9.98900,0.8813306689,2.4441773891,0.831,3.189,3.5972,0.509,3,0.000,0.486,55.09,32.35,21.23,16.82,13.67,1,-1.17e-08,0.00,7.383e-01,2.602e-01,2.299e-04,9.336e-05,6.309e-04,-1.000,1.435e-03,-3.203,-2.726,-1.879,-1.827,-3.611,
0.0013794,-1.05000,9.98900,0.8813391924,2.4441797733,0.827,3.226,3.5942,0.458,3,0.000,0.486,61.25,35.41,23.14,18.36,14.92,1,-1.36e-08,0.00,7.383e-01,2.602e-01,2.299e-04,9.337e-05,6.309e-04,-1.000,1.435e-03,-3.294,-2.793,-1.925,-1.873,-3.688,
0.0013794,-1.05000,9.98900,0.8813469410,2.4441821575,0.822,3.261,3.5912,0.409,3,0.000,0.486,67.87,38.64,25.15,19.98,16.25,1,-1.56e-08,0.00,7.383e-01,2.602e-01,2.299e-04,9.337e-05,6.309e-04,-1.000,1.435e-03,-3.382,-2.856,-1.968,-1.916,-3.763,
0.0013794,-1.05000,9.98900,0.8813542128,2.4441840649,0.817,3.295,3.5884,0.361,3,0.000,0.486,74.99,42.06,27.27,21.70,17.64,1,-1.79e-08,0.00,7.383e-01,2.602e-01,2.299e-04,9.337e-05,6.309e-04,-1.000,1.435e-03,-3.466,-2.916,-2.008,-1.956,-3.834,
0.0013794,-1.05000,9.98900,0.8813614249,2.4441862106,0.812,3.327,3.5856,0.315,3,0.000,0.486,82.66,45.68,29.50,23.51,19.12,1,-2.05e-08,0.00,7.383e-01,2.602e-01,2.299e-04,9.337e-05,6.309e-04,-1.000,1.435e-03,-3.548,-2.974,-2.045,-1.992,-3.902,
0.0013794,-1.05000,9.98900,0.8813630342,2.4441864491,0.811,3.334,3.5850,0.305,3,0.000,0.486,84.38,46.48,30.00,23.91,19.44,1,-2.11e-08,0.00,7.383e-01,2.602e-01,2.299e-04,9.337e-05,6.309e-04,-1.000,1.435e-03,-3.565,-2.986,-2.052,-2.000,-3.916,
0.0013794,-1.05000,9.98900,0.8813630342,2.4441864491,0.811,1.755,3.7300,2.464,4,0.000,0.511,0.00,0.00,0.00,0.00,0.00,-1,-1e-30,0.00,7.384e-01,2.602e-01,2.425e-04,8.092e-05,6.341e-04,-1.000,1.427e-03,0.381,0.343,0.706,0.730,-0.185,
0.0013794,-1.05000,9.98900,0.8814287782,2.4442050457,0.811,1.771,3.7289,2.443,4,0.000,0.511,0.00,0.00,0.00,0.00,0.00,-1,-1e-30,0.00,7.384e-01,2.602e-01,2.425e-04,8.093e-05,6.341e-04,-1.000,1.427e-03,0.342,0.305,0.671,0.695,-0.225,
0.0013794,-1.05000,9.98900,0.8814936280,2.4442231655,0.811,1.774,3.7287,2.439,4,0.000,0.511,0.00,0.00,0.00,0.00,0.00,-1,-1e-30,0.00,7.384e-01,2.602e-01,2.425e-04,8.094e-05,6.341e-04,-1.000,1.427e-03,0.334,0.297,0.663,0.688,-0.233,
0.0013794,-1.05000,9.98900,0.8815593123,2.4442415237,0.811,1.776,3.7288,2.438,4,0.000,0.511,0.00,0.00,0.00,0.00,0.00,-1,-1e-30,0.00,7.384e-01,2.602e-01,2.425e-04,8.095e-05,6.341e-04,-1.000,1.427e-03,0.329,0.292,0.658,0.683,-0.238,
0.0013794,-1.05000,9.98900,0.8816268444,2.4442603588,0.811,1.777,3.7290,2.438,4,0.000,0.511,0.00,0.00,0.00,0.00,0.00,-1,-1e-30,0.00,7.383e-01,2.602e-01,2.425e-04,8.096e-05,6.341e-04,-1.000,1.427e-03,0.327,0.290,0.655,0.680,-0.240,
0.0013794,-1.05000,9.98900,0.8816945553,2.4442791939,0.811,1.777,3.7295,2.440,4,0.000,0.511,0.00,0.00,0.00,0.00,0.00,-1,-1e-30,0.00,7.383e-01,2.602e-01,2.425e-04,8.097e-05,6.341e-04,-1.000,1.427e-03,0.327,0.289,0.654,0.678,-0.239,
0.0013794,-1.05000,9.98900,0.8817628026,2.4442982674,0.811,1.776,3.7301,2.443,4,0.000,0.511,0.00,0.00,0.00,0.00,0.00,-1,-1e-30,0.00,7.383e-01,2.602e-01,2.425e-04,8.099e-05,6.342e-04,-1.000,1.428e-03,0.329,0.290,0.653,0.677,-0.237,
0.0013794,-1.05000,9.98900,0.8818307519,2.4443173409,0.811,1.776,3.7307,2.446,4,0.000,0.511,0.00,0.00,0.00,0.00,0.00,-1,-1e-30,0.00,7.383e-01,2.602e-01,2.425e-04,8.100e-05,6.342e-04,-1.000,1.428e-03,0.331,0.292,0.654,0.677,-0.234,
0.0013794,-1.05000,9.98900,0.8818973899,2.4443359375,0.811,1.775,3.7314,2.450,4,0.000,0.511,0.00,0.00,0.00,0.00,0.00,-1,-1e-30,0.00,7.383e-01,2.603e-01,2.425e-04,8.101e-05,6.342e-04,-1.000,1.428e-03,0.334,0.294,0.654,0.678,-0.231,
0.0013794,-1.05000,9.98900,0.8819631934,2.4443542957,0.811,1.774,3.7320,2.454,4,0.000,0.511,0.00,0.00,0.00,0.00,0.00,-1,-1e-30,0.00,7.383e-01,2.603e-01,2.425e-04,8.102e-05,6.342e-04,-1.000,1.428e-03,0.336,0.295,0.654,0.678,-0.228,
0.0013794,-1.05000,9.98900,0.8820331693,2.4443738461,0.811,1.773,3.7326,2.457,4,0.000,0.511,0.00,0.00,0.00,0.00,0.00,-1,-1e-30,0.00,7.383e-01,2.603e-01,2.425e-04,8.103e-05,6.342e-04,-1.000,1.428e-03,0.338,0.297,0.654,0.678,-0.225,
0.0013794,-1.05000,9.98900,0.8821039200,2.4443936348,0.812,1.772,3.7332,2.460,4,0.000,0.511,0.00,0.00,0.00,0.00,0.00,-1,-1e-30,0.00,7.383e-01,2.603e-01,2.425e-04,8.104e-05,6.342e-04,-1.000,1.428e-03,0.340,0.298,0.654,0.678,-0.223,
0.0013794,-1.05000,9.98900,0.8821729422,2.4444129467,0.812,1.771,3.7338,2.463,4,0.000,0.511,0.00,0.00,0.00,0.00,0.00,-1,-1e-30,0.00,7.383e-01,2.603e-01,2.425e-04,8.105e-05,6.342e-04,-1.000,1.428e-03,0.342,0.299,0.654,0.677,-0.221,
0.0013794,-1.05000,9.98900,0.8822405338,2.4444317818,0.812,1.771,3.7342,2.465,4,0.000,0.511,0.00,0.00,0.00,0.00,0.00,-1,-1e-30,0.00,7.383e-01,2.603e-01,2.425e-04,8.106e-05,6.342e-04,-1.000,1.428e-03,0.343,0.299,0.654,0.677,-0.219,
0.0013794,-1.05000,9.98900,0.8823063970,2.4444501400,0.812,1.771,3.7347,2.467,4,0.000,0.511,0.00,0.00,0.00,0.00,0.00,-1,-1e-30,0.00,7.383e-01,2.603e-01,2.425e-04,8.107e-05,6.342e-04,-1.000,1.428e-03,0.343,0.299,0.653,0.676,-0.218,
0.0013794,-1.05000,9.98900,0.8823137283,2.4444522858,0.812,1.771,3.7347,2.468,4,0.000,0.511,0.00,0.00,0.00,0.00,0.00,-1,-1e-30,0.00,7.383e-01,2.603e-01,2.425e-04,8.108e-05,6.342e-04,-1.000,1.428e-03,0.343,0.300,0.653,0.676,-0.218,
0.0013794,-1.05000,9.98900,0.8823714256,2.4444684982,0.812,1.771,3.7350,2.469,4,0.000,0.511,0.00,0.00,0.00,0.00,0.00,-1,-1e-30,0.00,7.383e-01,2.603e-01,2.425e-04,8.108e-05,6.342e-04,-1.000,1.428e-03,0.344,0.299,0.652,0.675,-0.218,
0.0013794,-1.05000,9.98900,0.8824406266,2.4444878101,0.812,1.771,3.7353,2.470,4,0.000,0.511,0.00,0.00,0.00,0.00,0.00,-1,-1e-30,0.00,7.383e-01,2.603e-01,2.424e-04,8.110e-05,6.342e-04,-1.000,1.428e-03,0.343,0.299,0.651,0.674,-0.218,
0.0013794,-1.05000,9.98900,0.8825072646,2.4445064068,0.812,1.771,3.7355,2.470,4,0.000,0.511,0.00,0.00,0.00,0.00,0.00,-1,-1e-30,0.00,7.383e-01,2.603e-01,2.424e-04,8.111e-05,6.343e-04,-1.000,1.428e-03,0.342,0.297,0.649,0.672,-0.219,
0.0013794,-1.05000,9.98900,0.8825731874,2.4445247650,0.812,1.772,3.7356,2.470,4,0.000,0.511,0.00,0.00,0.00,0.00,0.00,-1,-1e-30,0.00,7.383e-01,2.603e-01,2.424e-04,8.112e-05,6.343e-04,-1.000,1.428e-03,0.341,0.296,0.647,0.670,-0.220,
0.0013794,-1.05000,9.98900,0.8826436996,2.4445443153,0.812,1.773,3.7356,2.469,4,0.000,0.511,0.00,0.00,0.00,0.00,0.00,-1,-1e-30,0.00,7.382e-01,2.603e-01,2.424e-04,8.113e-05,6.343e-04,-1.000,1.428e-03,0.338,0.293,0.644,0.668,-0.222,
0.0013794,-1.05000,9.98900,0.8827127218,2.4445636272,0.812,1.774,3.7355,2.468,4,0.000,0.511,0.00,0.00,0.00,0.00,0.00,-1,-1e-30,0.00,7.382e-01,2.603e-01,2.424e-04,8.114e-05,6.343e-04,-1.000,1.429e-03,0.335,0.290,0.641,0.664,-0.226,
0.0013794,-1.05000,9.98900,0.8827846050,2.4445836544,0.812,1.776,3.7353,2.465,4,0.000,0.511,0.00,0.00,0.00,0.00,0.00,-1,-1e-30,0.00,7.382e-01,2.603e-01,2.424e-04,8.115e-05,6.343e-04,-1.000,1.429e-03,0.330,0.285,0.637,0.660,-0.231,
0.0013794,-1.05000,9.98900,0.8827915192,2.4445855618,0.812,1.776,3.7353,2.465,4,0.000,0.511,0.00,0.00,0.00,0.00,0.00,-1,-1e-30,0.00,7.382e-01,2.603e-01,2.424e-04,8.115e-05,6.343e-04,-1.000,1.429e-03,0.329,0.285,0.637,0.660,-0.232,
0.0013794,-1.05000,9.98900,0.8828487992,2.4446015358,0.812,1.778,3.7350,2.462,4,0.000,0.511,0.00,0.00,0.00,0.00,0.00,-1,-1e-30,0.00,7.382e-01,2.603e-01,2.424e-04,8.116e-05,6.343e-04,-1.000,1.429e-03,0.325,0.280,0.633,0.656,-0.237,
0.0013794,-1.05000,9.98900,0.8829143047,2.4446198940,0.812,1.781,3.7347,2.458,4,0.000,0.511,0.00,0.00,0.00,0.00,0.00,-1,-1e-30,0.00,7.382e-01,2.604e-01,2.424e-04,8.117e-05,6.343e-04,-1.000,1.429e-03,0.318,0.274,0.628,0.651,-0.243,
0.0013794,-1.05000,9.98900,0.8829765320,2.4446372986,0.813,1.784,3.7342,2.453,4,0.000,0.511,0.00,0.00,0.00,0.00,0.00,-1,-1e-30,0.00,7.382e-01,2.604e-01,2.424e-04,8.118e-05,6.343e-04,-1.000,1.429e-03,0.311,0.268,0.622,0.645,-0.251,
0.0013794,-1.05000,9.98900,0.8830384612,2.4446544647,0.813,1.786,3.7338,2.449,4,0.000,0.511,0.00,0.00,0.00,0.00,0.00,-1,-1e-30,0.00,7.382e-01,2.604e-01,2.424e-04,8.119e-05,6.343e-04,-1.000,1.429e-03,0.304,0.261,0.616,0.640,-0.258,
0.0013794,-1.05000,9.98900,0.8831012845,2.4446718693,0.813,1.791,3.7330,2.441,4,0.000,0.511,0.00,0.00,0.00,0.00,0.00,-1,-1e-30,0.00,7.382e-01,2.604e-01,2.424e-04,8.120e-05,6.343e-04,-1.000,1.429e-03,0.293,0.251,0.608,0.631,-0.270,
0.0013794,-1.05000,9.98900,0.8831632733,2.4446892738,0.813,1.796,3.7322,2.433,4,0.000,0.511,0.00,0.00,0.00,0.00,0.00,-1,-1e-30,0.00,7.382e-01,2.604e-01,2.424e-04,8.121e-05,6.343e-04,-1.000,1.429e-03,0.281,0.239,0.598,0.622,-0.283,
0.0013794,-1.05000,9.98900,0.8832249641,2.4447064400,0.813,1.801,3.7314,2.425,4,0.000,0.511,0.00,0.00,0.00,0.00,0.00,-1,-1e-30,0.00,7.382e-01,2.604e-01,2.424e-04,8.122e-05,6.344e-04,-1.000,1.429e-03,0.268,0.227,0.588,0.612,-0.298,
0.0013794,-1.05000,9.98900,0.8832873702,2.4447238445,0.813,1.805,3.7307,2.417,4,0.000,0.510,0.00,0.00,0.00,0.00,0.00,-1,-1e-30,0.00,7.382e-01,2.604e-01,2.424e-04,8.123e-05,6.344e-04,-1.000,1.429e-03,0.257,0.217,0.579,0.603,-0.309,
0.0013794,-1.05000,9.98900,0.8833552003,2.4447426796,0.813,1.813,3.7295,2.405,4,0.000,0.510,0.00,0.00,0.00,0.00,0.00,-1,-1e-30,0.00,7.382e-01,2.604e-01,2.424e-04,8.125e-05,6.344e-04,-1.000,1.429e-03,0.237,0.198,0.563,0.587,-0.330,
0.0013794,-1.05000,9.98900,0.8834168315,2.4447598457,0.813,1.821,3.7283,2.392,4,0.000,0.510,0.00,0.00,0.00,0.00,0.00,-1,-1e-30,0.00,7.382e-01,2.604e-01,2.424e-04,8.126e-05,6.344e-04,-1.000,1.429e-03,0.217,0.180,0.547,0.571,-0.352,
0.0013794,-1.05000,9.98900,0.8834803700,2.4447774887,0.813,1.836,3.7263,2.370,4,0.000,0.510,0.00,0.00,0.00,0.00,0.00,-1,-1e-30,0.00,7.382e-01,2.604e-01,2.424e-04,8.127e-05,6.344e-04,-1.000,1.429e-03,0.181,0.146,0.518,0.543,-0.389,
0.0013794,-1.05000,9.98900,0.8835425973,2.4447948933,0.813,1.863,3.7226,2.328,4,0.000,0.510,0.00,0.00,0.00,0.00,0.00,-1,-1e-30,0.00,7.382e-01,2.604e-01,2.424e-04,8.128e-05,6.344e-04,-1.000,1.429e-03,0.113,0.083,0.463,0.488,-0.460,
0.0013794,-1.05000,9.98900,0.8835856915,2.4448068142,0.813,1.898,3.7181,2.275,4,0.000,0.510,0.00,0.00,0.00,0.00,0.00,-1,-1e-30,0.00,7.381e-01,2.604e-01,2.424e-04,8.128e-05,6.344e-04,-1.000,1.430e-03,0.026,0.001,0.391,0.418,-0.552,
0.0013794,-1.05000,9.98900,0.8836062551,2.4448125362,0.813,1.934,3.7138,2.222,4,0.000,0.510,0.00,0.00,0.00,0.00,0.00,-1,-1e-30,0.00,7.381e-01,2.604e-01,2.424e-04,8.129e-05,6.344e-04,-1.000,1.429e-03,-0.064,-0.082,0.318,0.345,-0.645,
0.0013794,-1.05000,9.98900,0.8836159706,2.4448151588,0.813,1.972,3.7094,2.166,4,0.000,0.510,0.00,0.00,0.00,0.00,0.00,-1,-1e-30,0.00,7.381e-01,2.604e-01,2.424e-04,8.129e-05,6.344e-04,-1.000,1.430e-03,-0.159,-0.170,0.240,0.269,-0.742,
0.0013794,-1.05000,9.98900,0.8836202621,2.4448163509,0.813,2.009,3.7053,2.113,4,0.000,0.510,0.00,0.00,0.00,0.00,0.00,-1,-1e-30,0.00,7.381e-01,2.604e-01,2.424e-04,8.129e-05,6.344e-04,-1.000,1.429e-03,-0.251,-0.255,0.165,0.194,-0.837,
0.0013794,-1.05000,9.98900,0.8836224079,2.4448170662,0.813,2.043,3.7017,2.063,4,0.000,0.510,0.00,0.00,0.00,0.00,0.00,-1,-1e-30,0.00,7.381e-01,2.604e-01,2.424e-04,8.129e-05,6.344e-04,-1.000,1.429e-03,-0.339,-0.336,0.093,0.123,-0.925,
0.0013794,-1.05000,9.98900,0.8836235404,2.4448173046,0.813,2.070,3.6990,2.026,7,0.000,0.510,0.00,0.00,0.00,0.00,0.00,-1,-8.96e-10,0.00,7.381e-01,2.588e-01,2.424e-04,8.129e-05,6.344e-04,-1.000,3.036e-03,-0.406,-0.398,0.038,0.069,-0.993,
0.0013794,-1.05000,9.98900,0.8836237788,2.4448175430,0.813,2.077,3.6984,2.017,7,0.000,0.510,0.00,0.00,0.00,0.00,0.00,-1,-9.29e-10,0.00,7.381e-01,2.588e-01,2.424e-04,8.129e-05,6.344e-04,-1.000,3.036e-03,-0.422,-0.412,0.025,0.056,-1.009,
0.0013794,-1.05000,9.98900,0.8836250901,2.4448177814,0.813,2.122,3.6942,1.955,7,0.000,0.510,0.00,0.00,0.00,0.00,0.00,-1,-1.21e-09,0.00,7.381e-01,2.588e-01,2.424e-04,8.129e-05,6.344e-04,-1.000,3.036e-03,-0.535,-0.517,-0.069,-0.037,-1.123,
0.0013794,-1.05000,9.98900,0.8836262822,2.4448180199,0.813,2.161,3.6907,1.902,7,0.000,0.510,0.00,0.00,0.00,0.00,0.00,-1,-1.51e-09,0.00,7.381e-01,2.588e-01,2.424e-04,8.129e-05,6.344e-04,-1.000,3.036e-03,-0.632,-0.606,-0.149,-0.116,-1.221,
0.0013794,-1.05000,9.98900,0.8836292624,2.4448189735,0.813,2.202,3.6871,1.847,7,0.000,0.510,0.00,0.00,0.00,0.00,0.00,-1,-1.9e-09,0.00,7.381e-01,2.588e-01,2.424e-04,8.129e-05,6.344e-04,-1.000,3.036e-03,-0.734,-0.699,-0.232,-0.199,-1.322,
0.0013794,-1.05000,9.98900,0.8836331367,2.4448199272,0.813,2.187,3.6886,1.867,7,0.000,0.510,0.00,0.00,0.00,0.00,0.00,-1,-1.76e-09,0.00,7.381e-01,2.588e-01,2.424e-04,8.129e-05,6.344e-04,-1.000,3.036e-03,-0.697,-0.666,-0.203,-0.169,-1.285,
0.0013794,-1.05000,9.98900,0.8836739063,2.4448313713,0.810,2.178,3.6892,1.878,7,0.000,0.510,0.00,0.00,0.00,0.00,0.00,-1,-1.68e-09,0.00,7.381e-01,2.588e-01,2.424e-04,8.130e-05,6.344e-04,-1.000,3.036e-03,-0.674,-0.645,-0.183,-0.150,-1.263,
0.0013794,-1.05000,9.98900,0.8837011456,2.4448390007,0.808,2.219,3.6854,1.820,7,0.000,0.510,0.00,0.00,0.00,0.00,0.00,-1,-2.14e-09,0.00,7.381e-01,2.588e-01,2.423e-04,8.130e-05,6.344e-04,-1.000,3.036e-03,-0.778,-0.738,-0.266,-0.232,-1.365,
0.0013794,-1.05000,9.98900,0.8837180734,2.4448437691,0.807,2.254,3.6823,1.772,7,0.000,0.510,0.00,0.00,0.00,0.00,0.00,-1,-2.62e-09,0.00,7.381e-01,2.588e-01,2.423e-04,8.130e-05,6.344e-04,-1.000,3.036e-03,-0.864,-0.818,-0.337,-0.302,-1.453,
0.0013794,-1.05000,9.98900,0.8837338090,2.4448480606,0.805,2.287,3.6793,1.726,7,0.000,0.510,0.00,0.00,0.00,0.00,0.00,-1,-3.17e-09,0.00,7.381e-01,2.588e-01,2.423e-04,8.131e-05,6.344e-04,-1.000,3.036e-03,-0.949,-0.897,-0.406,-0.370,-1.539,
0.0013794,-1.05000,9.98900,0.8837516308,2.4448530674,0.803,2.326,3.6760,1.673,7,0.000,0.510,0.00,0.00,0.00,0.00,0.00,-1,-3.98e-09,0.00,7.381e-01,2.588e-01,2.423e-04,8.131e-05,6.344e-04,-1.000,3.035e-03,-1.044,-0.984,-0.482,-0.445,-1.636,
0.0013794,-1.05000,9.98900,0.8837681413,2.4448575974,0.800,2.364,3.6727,1.620,7,0.000,0.510,0.00,0.00,0.00,0.00,0.00,-1,-4.99e-09,0.00,7.381e-01,2.588e-01,2.423e-04,8.131e-05,6.344e-04,-1.000,3.033e-03,-1.140,-1.072,-0.559,-0.520,-1.732,
0.0013794,-1.05000,9.98900,0.8837830424,2.4448616505,0.797,2.402,3.6694,1.567,7,0.000,0.510,0.00,0.00,0.00,0.00,0.00,-1,-6.19e-09,0.00,7.381e-01,2.588e-01,2.423e-04,8.132e-05,6.344e-04,-1.000,3.024e-03,-1.236,-1.160,-0.635,-0.596,-1.829,
0.0013794,-1.05000,9.98900,0.8837965131,2.4448654652,0.794,2.441,3.6661,1.513,7,0.000,0.510,0.00,0.00,0.00,0.00,0.00,-1,-7.78e-09,0.00,7.381e-01,2.589e-01,2.423e-04,8.133e-05,6.344e-04,-1.000,2.968e-03,-1.332,-1.246,-0.709,-0.669,-1.925,
0.0013794,-1.05000,9.98900,0.8838088512,2.4448688030,0.790,2.480,3.6628,1.459,7,0.000,0.510,0.00,0.00,0.00,0.00,0.00,-1,-9.75e-09,0.00,7.381e-01,2.589e-01,2.422e-04,8.136e-05,6.344e-04,-1.000,2.948e-03,-1.430,-1.333,-0.783,-0.741,-2.021,
0.0013794,-1.05000,9.98900,0.8838198185,2.4448719025,0.785,2.518,3.6593,1.404,7,0.000,0.509,8.16,6.32,4.46,3.45,2.79,3,-1.22e-08,0.00,7.381e-01,2.589e-01,2.419e-04,8.149e-05,6.344e-04,-1.000,2.943e-03,-1.525,-1.417,-0.853,-0.810,-2.115,
0.0013794,-1.05000,9.98900,0.8838297129,2.4448747635,0.780,2.556,3.6554,1.348,7,0.000,0.507,9.18,6.99,4.91,3.81,3.08,3,-1.52e-08,0.00,7.381e-01,2.590e-01,2.411e-04,8.200e-05,6.344e-04,-1.000,2.909e-03,-1.620,-1.494,-0.915,-0.872,-2.204,
0.0013794,-1.05000,9.98900,0.8838344216,2.4448759556,0.778,2.575,3.6528,1.317,7,0.000,0.506,9.79,7.38,5.17,4.02,3.25,3,-1.71e-08,0.00,7.381e-01,2.590e-01,2.405e-04,8.260e-05,6.344e-04,-1.000,2.895e-03,-1.668,-1.531,-0.943,-0.899,-2.247,
0.0013794,-1.05000,9.98900,0.8838430643,2.4448783398,0.772,2.612,3.6480,1.257,7,0.000,0.501,11.09,8.21,5.72,4.45,3.60,3,-2.15e-08,0.00,7.381e-01,2.590e-01,2.383e-04,8.469e-05,6.344e-04,-1.000,2.849e-03,-1.761,-1.602,-0.996,-0.951,-2.331,
0.0013794,-1.05000,9.98900,0.8838513494,2.4448807240,0.764,2.650,3.6416,1.189,7,0.000,0.495,12.76,9.26,6.41,5.00,4.05,2,-2.72e-08,0.00,7.381e-01,2.591e-01,2.355e-04,8.801e-05,6.345e-04,-1.000,2.842e-03,-1.856,-1.666,-1.037,-0.991,-2.412,
0.0013794,-1.05000,9.98900,0.8838592768,2.4448828697,0.755,2.688,3.6383,1.133,7,0.000,0.488,14.34,10.22,7.05,5.51,4.46,2,-3.43e-08,0.00,7.380e-01,2.591e-01,2.325e-04,9.167e-05,6.345e-04,-1.000,2.827e-03,-1.951,-1.744,-1.102,-1.055,-2.499,
0.0013794,-1.05000,9.98900,0.8838669658,2.4448850155,0.744,2.727,3.6349,1.074,7,0.000,0.482,16.17,11.31,7.77,6.08,4.93,2,-4.36e-08,0.00,7.380e-01,2.592e-01,2.297e-04,9.512e-05,6.346e-04,-1.000,2.792e-03,-2.047,-1.822,-1.165,-1.118,-2.587,
0.0013794,-1.05000,9.98900,0.8838742375,2.4448871613,0.731,2.764,3.6315,1.016,7,0.000,0.477,18.24,12.53,8.56,6.71,5.44,2,-5.55e-08,0.00,7.379e-01,2.593e-01,2.273e-04,9.810e-05,6.346e-04,-1.000,2.756e-03,-2.140,-1.896,-1.225,-1.177,-2.672,
0.0013794,-1.05000,9.98900,0.8838812113,2.4448890686,0.715,2.802,3.6280,0.954,7,0.000,0.472,20.68,13.93,9.46,7.44,6.03,2,-7.21e-08,0.00,7.378e-01,2.594e-01,2.252e-04,1.007e-04,6.347e-04,-1.000,2.784e-03,-2.235,-1.970,-1.282,-1.233,-2.756,
0.0013794,-1.05000,9.98900,0.8838878870,2.4448909760,0.694,2.841,3.6244,0.888,7,0.000,0.468,23.62,15.56,10.51,8.29,6.72,1,-9.58e-08,0.00,7.377e-01,2.595e-01,2.232e-04,1.032e-04,6.346e-04,-1.000,2.772e-03,-2.332,-2.044,-1.338,-1.289,-2.842,
0.0013794,-1.05000,9.98900,0.8838933706,2.4448924065,0.673,2.876,3.6214,0.827,7,0.000,0.464,26.70,17.23,11.58,9.16,7.42,1,-1.25e-07,0.00,7.377e-01,2.596e-01,2.216e-04,1.051e-04,6.346e-04,-1.000,2.750e-03,-2.420,-2.112,-1.390,-1.341,-2.921,
0.0013794,-1.05000,9.98900,0.8838972449,2.4448935986,0.652,2.906,3.6190,0.774,7,0.000,0.462,29.71,18.81,12.58,9.98,8.08,1,-1.6e-07,0.00,7.376e-01,2.596e-01,2.205e-04,1.065e-04,6.346e-04,-1.000,2.767e-03,-2.495,-2.172,-1.437,-1.387,-2.989,
0.0013794,-1.05000,9.98900,0.8839004636,2.4448943138,0.631,2.935,3.6172,0.724,7,0.000,0.460,32.87,20.43,13.60,10.81,8.76,1,-2.03e-07,0.00,7.376e-01,2.596e-01,2.195e-04,1.077e-04,6.346e-04,-1.000,2.752e-03,-2.567,-2.231,-1.484,-1.434,-3.055,
0.0013794,-1.05000,9.98900,0.8839035630,2.4448952675,0.603,2.967,3.6165,0.669,7,0.000,0.458,36.67,22.32,14.79,11.79,9.55,1,-2.73e-07,0.00,7.376e-01,2.597e-01,2.185e-04,1.090e-04,6.345e-04,-1.000,2.710e-03,-2.649,-2.306,-1.552,-1.502,-3.135,
0.0013794,-1.05000,9.98900,0.8839062452,2.4448959827,0.574,2.997,3.6183,0.625,7,0.000,0.456,39.97,23.87,15.75,12.59,10.20,1,-3.63e-07,0.00,7.375e-01,2.598e-01,2.176e-04,1.100e-04,6.344e-04,-1.000,2.706e-03,-2.724,-2.391,-1.639,-1.589,-3.218,
0.0013794,-1.05000,9.98900,0.8839081526,2.4448964596,0.542,3.021,3.6281,0.616,7,0.000,0.455,40.34,23.91,15.76,12.62,10.22,1,-4.66e-07,0.00,7.375e-01,2.598e-01,2.170e-04,1.108e-04,6.344e-04,-1.000,2.724e-03,-2.783,-2.508,-1.791,-1.741,-3.312,
0.0013794,-1.05000,9.98900,0.8839089274,2.4448966980,0.519,3.031,3.6360,0.618,7,0.000,0.454,39.84,23.55,15.51,12.44,10.07,1,-5.19e-07,0.00,7.375e-01,2.598e-01,2.167e-04,1.113e-04,6.343e-04,-1.000,2.733e-03,-2.809,-2.578,-1.888,-1.838,-3.364,
0.0013794,-1.05000,9.98900,1.0957379341,2.4909605980,0.545,-9.999,3.6666,7.952,9,0.545,0.000,0.00,0.00,0.00,0.00,0.00,-1,-1e-30,0.00,7.258e-01,2.727e-01,2.008e-04,1.499e-04,6.442e-04,-1.000,1.416e-03,29.767,29.834,30.393,30.434,29.136,
