Gmag,G_BPbrmag,G_BPftmag,G_RPmag
13.612,15.468,15.509,12.373
12.774,14.130,14.177,11.666
12.666,13.973,14.021,11.575
12.184,13.340,13.389,11.150
11.790,12.845,12.894,10.798
11.624,12.648,12.697,10.645
11.263,12.225,12.274,10.315
10.864,11.772,11.820,9.943
10.258,11.102,11.150,9.371
9.708,10.503,10.549,8.849
9.290,10.050,10.095,8.452
9.230,9.984,10.029,8.395
8.951,9.682,9.726,8.132
8.558,9.245,9.289,7.767
8.066,8.684,8.725,7.322
7.502,8.034,8.071,6.824
6.910,7.372,7.404,6.291
6.348,6.745,6.771,5.787
6.327,6.722,6.748,5.769
6.177,6.554,6.578,5.635
6.050,6.413,6.435,5.522
5.927,6.277,6.298,5.412
5.814,6.151,6.171,5.311
5.782,6.117,6.136,5.284
5.636,5.955,5.973,5.153
5.498,5.805,5.822,5.028
5.369,5.665,5.680,4.911
5.243,5.528,5.543,4.796
5.206,5.488,5.503,4.763
5.113,5.389,5.403,4.678
4.989,5.256,5.269,4.563
4.873,5.134,5.147,4.456
4.753,5.007,5.020,4.344
4.645,4.894,4.905,4.242
4.534,4.778,4.789,4.138
4.507,4.749,4.760,4.111
4.457,4.697,4.708,4.064
4.331,4.566,4.577,3.944
4.207,4.438,4.449,3.827
4.086,4.314,4.325,3.709
3.965,4.191,4.201,3.592
3.879,4.103,4.114,3.507
3.842,4.066,4.077,3.470
3.688,3.914,3.925,3.314
3.552,3.783,3.794,3.172
3.526,3.758,3.770,3.144
3.500,3.734,3.745,3.115
3.406,3.647,3.659,3.012
3.325,3.575,3.588,2.919
3.304,3.558,3.571,2.895
3.256,3.518,3.531,2.837
3.195,3.469,3.483,2.762
3.142,3.428,3.444,2.695
3.091,3.389,3.406,2.630
3.035,3.345,3.363,2.561
2.962,3.285,3.303,2.475
2.886,3.217,3.236,2.389
2.794,3.132,3.152,2.290
2.758,3.098,3.118,2.252
2.657,3.002,3.022,2.146
2.538,2.887,2.907,2.022
2.427,2.780,2.801,1.909
2.314,2.670,2.691,1.792
2.191,2.549,2.571,1.666
2.068,2.429,2.451,1.540
1.949,2.313,2.335,1.418
1.836,2.203,2.225,1.303
1.717,2.086,2.109,1.181
1.591,1.964,1.987,1.052
1.476,1.852,1.875,0.935
1.363,1.741,1.764,0.818
1.247,1.628,1.652,0.699
1.135,1.520,1.544,0.584
1.019,1.408,1.432,0.465
0.908,1.300,1.324,0.350
0.800,1.195,1.220,0.239
0.688,1.087,1.112,0.124
0.578,0.981,1.006,0.010
0.472,0.879,0.905,-0.100
0.368,0.779,0.805,-0.208
0.258,0.674,0.701,-0.322
0.155,0.575,0.602,-0.429
0.053,0.478,0.506,-0.535
-0.050,0.380,0.408,-0.642
-0.145,0.289,0.318,-0.741
-0.236,0.203,0.232,-0.836
-0.318,0.125,0.154,-0.922
-0.377,0.068,0.098,-0.983
-0.341,0.102,0.131,-0.945
-0.336,0.106,0.136,-0.940
-0.400,0.046,0.076,-1.006
-0.501,-0.050,-0.019,-1.113
-0.602,-0.144,-0.113,-1.219
-0.702,-0.238,-0.207,-1.324
-0.797,-0.326,-0.294,-1.424
-0.897,-0.419,-0.386,-1.530
-0.991,-0.505,-0.471,-1.631
-1.087,-0.593,-0.559,-1.734
-1.179,-0.676,-0.640,-1.832
-1.294,-0.779,-0.742,-1.956
-1.404,-0.877,-0.838,-2.075
-1.496,-0.958,-0.919,-2.175
-1.600,-1.048,-1.007,-2.290
-1.689,-1.125,-1.084,-2.388
-1.788,-1.209,-1.166,-2.498
-1.889,-1.295,-1.251,-2.610
-1.990,-1.383,-1.338,-2.721
-2.084,-1.463,-1.418,-2.824
-2.182,-1.547,-1.501,-2.932
-2.271,-1.621,-1.575,-3.031
-2.364,-1.698,-1.651,-3.135
-2.456,-1.773,-1.725,-3.238
-2.539,-1.840,-1.791,-3.332
-2.627,-1.910,-1.861,-3.431
-2.712,-1.977,-1.928,-3.527
-2.794,-2.041,-1.991,-3.620
-2.881,-2.110,-2.060,-3.719
-2.962,-2.173,-2.122,-3.810
-3.041,-2.232,-2.180,-3.902
-3.104,-2.277,-2.225,-3.975
0.386,0.670,0.687,-0.058
0.379,0.665,0.681,-0.067
0.343,0.631,0.648,-0.107
0.337,0.626,0.643,-0.112
0.335,0.622,0.639,-0.113
0.333,0.619,0.636,-0.113
0.333,0.617,0.634,-0.111
0.334,0.615,0.632,-0.107
0.335,0.613,0.630,-0.103
0.336,0.612,0.628,-0.097
0.338,0.610,0.626,-0.092
0.339,0.608,0.624,-0.087
0.340,0.606,0.622,-0.083
0.340,0.604,0.620,-0.080
0.340,0.603,0.618,-0.078
0.340,0.602,0.617,-0.077
0.340,0.601,0.617,-0.077
0.339,0.600,0.615,-0.077
0.338,0.598,0.614,-0.079
0.335,0.597,0.612,-0.082
0.333,0.596,0.611,-0.086
0.329,0.594,0.610,-0.093
0.324,0.593,0.609,-0.101
0.319,0.591,0.607,-0.110
0.319,0.591,0.607,-0.111
0.318,0.590,0.606,-0.113
0.311,0.587,0.604,-0.123
0.304,0.584,0.601,-0.135
0.295,0.579,0.596,-0.150
0.285,0.574,0.591,-0.165
0.274,0.567,0.584,-0.180
0.263,0.559,0.577,-0.196
0.251,0.551,0.569,-0.212
0.238,0.542,0.560,-0.228
0.224,0.532,0.550,-0.246
0.207,0.519,0.537,-0.268
0.204,0.516,0.534,-0.272
0.180,0.497,0.516,-0.302
0.145,0.469,0.488,-0.343
0.073,0.408,0.428,-0.428
-0.022,0.328,0.349,-0.537
-0.120,0.242,0.265,-0.648
-0.217,0.156,0.180,-0.757
-0.304,0.078,0.103,-0.853
-0.356,0.032,0.057,-0.910
-0.454,-0.057,-0.031,-1.015
-0.540,-0.136,-0.109,-1.108
-0.596,-0.188,-0.161,-1.169
-0.644,-0.231,-0.204,-1.220
-0.650,-0.237,-0.210,-1.227
-0.638,-0.226,-0.198,-1.213
-0.616,-0.206,-0.179,-1.190
-0.639,-0.226,-0.199,-1.216
-0.669,-0.254,-0.226,-1.249
-0.766,-0.342,-0.314,-1.354
-0.867,-0.434,-0.405,-1.462
-0.967,-0.525,-0.495,-1.569
-1.066,-0.615,-0.585,-1.676
-1.164,-0.705,-0.673,-1.782
-1.261,-0.793,-0.761,-1.886
-1.359,-0.881,-0.847,-1.993
-1.459,-0.969,-0.934,-2.101
-1.557,-1.055,-1.019,-2.210
-1.657,-1.140,-1.103,-2.320
-1.757,-1.225,-1.186,-2.432
-1.856,-1.308,-1.268,-2.542
-1.953,-1.388,-1.347,-2.653
-2.049,-1.466,-1.423,-2.761
-2.140,-1.540,-1.496,-2.865
-2.223,-1.609,-1.564,-2.957
-2.304,-1.676,-1.630,-3.048
-2.386,-1.741,-1.695,-3.142
-2.478,-1.815,-1.768,-3.247
-2.575,-1.892,-1.844,-3.357
-2.680,-1.973,-1.925,-3.478
-2.742,-2.021,-1.971,-3.549
-2.753,-2.029,-1.979,-3.561
-2.776,-2.046,-1.997,-3.588
-2.824,-2.082,-2.033,-3.643
-2.863,-2.111,-2.061,-3.688
-3.332,-2.464,-2.412,-4.224
-3.044,-2.249,-2.198,-3.895
-2.771,-2.049,-1.999,-3.578
-2.387,-1.753,-1.707,-3.135
-2.399,-1.762,-1.716,-3.149
-2.595,-1.915,-1.867,-3.375
-2.888,-2.134,-2.084,-3.715
-3.127,-2.300,-2.249,-3.996
-3.276,-2.395,-2.344,-4.176
-3.356,-2.444,-2.392,-4.273
-3.397,-2.467,-2.415,-4.323
-3.422,-2.480,-2.427,-4.354
30.049,30.042,30.033,30.044
