Zini,MH,logAge,Mini,int_IMF,Mass,logL,logTe,logg,label,McoreTP,C_O,period0,period1,period2,period3,period4,pmode,Mloss,tau1m,X,Y,Xc,Xn,Xo,Cexcess,Z,,mbolmag,Umag,Bmag,Vmag,Rmag,Imag,Jmag,Hmag,Kmag
9.8116e-05,-2.19174,10.07918,0.1000000015,1.1711064577,0.100,-2.780,3.5588,5.405,1,0.000,0.545,0.00,0.00,0.00,0.00,0.00,-1,-1.31e-16,0.00,7.453e-01,2.546e-01,1.798e-05,4.851e-06,4.400e-05,-1.000,1.000e-04,11.721,15.920,14.469,12.908,11.829,10.965,9.972,9.569,9.451,
9.8116e-05,-2.19174,10.07918,0.1098214313,1.2482755184,0.109,-2.632,3.5741,5.357,1,0.000,0.545,0.00,0.00,0.00,0.00,0.00,-1,-1.86e-16,0.00,7.435e-01,2.564e-01,1.798e-05,4.851e-06,4.400e-05,-1.000,1.000e-04,11.349,15.054,13.826,12.394,11.391,10.607,9.656,9.204,9.074,
9.8116e-05,-2.19174,10.07918,0.1294642836,1.3786746264,0.129,-2.390,3.5965,5.277,1,0.000,0.545,0.00,0.00,0.00,0.00,0.00,-1,-3.28e-16,0.00,7.405e-01,2.594e-01,1.798e-05,4.851e-06,4.400e-05,-1.000,1.000e-04,10.744,13.825,12.872,11.606,10.720,10.013,9.128,8.625,8.476,
9.8116e-05,-2.19174,10.07918,0.1491071582,1.4855960608,0.149,-2.227,3.6079,5.220,1,0.000,0.545,0.00,0.00,0.00,0.00,0.00,-1,-4.75e-16,0.00,7.387e-01,2.612e-01,1.798e-05,4.851e-06,4.400e-05,-1.000,9.996e-05,10.336,13.144,12.309,11.116,10.284,9.608,8.756,8.239,8.080,
9.8116e-05,-2.19174,10.07918,0.1687500030,1.5756140947,0.168,-2.100,3.6152,5.176,1,0.000,0.545,0.00,0.00,0.00,0.00,0.00,-1,-6.29e-16,0.00,7.378e-01,2.621e-01,1.798e-05,4.851e-06,4.400e-05,-1.000,9.996e-05,10.020,12.663,11.901,10.749,9.950,9.293,8.463,7.942,7.778,
9.8116e-05,-2.19174,10.07918,0.2080357224,1.7204496861,0.207,-1.896,3.6261,5.108,1,0.000,0.545,0.00,0.00,0.00,0.00,0.00,-1,-9.79e-16,0.00,7.374e-01,2.625e-01,1.798e-05,4.851e-06,4.400e-05,-1.000,1.000e-04,9.511,11.919,11.260,10.166,9.414,8.784,7.987,7.465,7.298,
9.8116e-05,-2.19174,10.07918,0.2571428716,1.8581268787,0.257,-1.708,3.6362,5.052,1,0.000,0.545,0.00,0.00,0.00,0.00,0.00,-1,-1.45e-15,0.00,7.377e-01,2.622e-01,1.798e-05,4.852e-06,4.400e-05,-1.000,9.999e-05,9.041,11.247,10.678,9.631,8.920,8.313,7.546,7.030,6.865,
9.8116e-05,-2.19174,10.07918,0.3062500358,1.9652637243,0.306,-1.563,3.6446,5.017,1,0.000,0.545,0.00,0.00,0.00,0.00,0.00,-1,-1.93e-15,0.00,7.377e-01,2.622e-01,1.797e-05,4.852e-06,4.400e-05,-1.000,1.000e-04,8.677,10.723,10.227,9.217,8.537,7.949,7.206,6.700,6.539,
9.8116e-05,-2.19174,10.07918,0.3553571403,2.0521113873,0.355,-1.440,3.6525,4.990,1,0.000,0.544,0.00,0.00,0.00,0.00,0.00,-1,-2.45e-15,0.00,7.387e-01,2.612e-01,1.796e-05,4.853e-06,4.400e-05,-1.000,1.000e-04,8.371,10.273,9.843,8.866,8.213,7.642,6.923,6.425,6.270,
9.8116e-05,-2.19174,10.07918,0.4044643044,2.1246092319,0.404,-1.319,3.6608,4.959,1,0.000,0.545,0.00,0.00,0.00,0.00,0.00,-1,-3.14e-15,0.00,7.500e-01,2.499e-01,1.798e-05,4.851e-06,4.400e-05,-1.000,9.996e-05,8.068,9.821,9.462,8.519,7.894,7.340,6.645,6.158,6.010,
9.8116e-05,-2.19174,10.07918,0.4535714388,2.1864814758,0.453,-1.173,3.6741,4.916,1,0.000,0.545,0.00,0.00,0.00,0.00,0.00,-1,-4.37e-15,0.00,7.507e-01,2.492e-01,1.798e-05,4.851e-06,4.400e-05,-1.000,9.999e-05,7.702,9.227,8.979,8.090,7.506,6.980,6.322,5.852,5.717,
9.8116e-05,-2.19174,10.07918,0.5026785731,2.2401986122,0.503,-1.009,3.6887,4.855,1,0.000,0.545,0.00,0.00,0.00,0.00,0.00,-1,-6.48e-15,0.00,7.526e-01,2.473e-01,1.786e-05,4.818e-06,4.370e-05,-1.000,9.999e-05,7.293,8.585,8.450,7.622,7.078,6.581,5.963,5.513,5.391,
9.8116e-05,-2.19174,10.07918,0.5517857671,2.2851314545,0.551,-0.809,3.7080,4.772,1,0.000,0.544,0.00,0.00,0.00,0.00,0.00,-1,-1.08e-14,0.00,7.851e-01,2.148e-01,1.566e-05,4.228e-06,3.837e-05,-1.000,9.948e-05,6.792,7.810,7.805,7.059,6.563,6.103,5.535,5.111,5.007,
9.8116e-05,-2.19174,10.07918,0.6008928418,2.3217256069,0.600,-0.603,3.7325,4.701,1,0.000,0.544,0.00,0.00,0.00,0.00,0.00,-1,-1.8e-14,0.00,7.980e-01,2.020e-01,1.482e-05,4.004e-06,3.635e-05,-1.000,5.254e-05,6.277,7.009,7.135,6.487,6.045,5.630,5.122,4.734,4.649,
9.8116e-05,-2.19174,10.07918,0.6072367430,2.3259592056,0.607,-0.575,3.7362,4.693,1,0.000,0.544,0.00,0.00,0.00,0.00,0.00,-1,-1.93e-14,0.00,8.001e-01,1.999e-01,1.469e-05,3.968e-06,3.603e-05,-1.000,1.484e-05,6.207,6.902,7.045,6.410,5.976,5.566,5.067,4.685,4.603,
9.8116e-05,-2.19174,10.07918,0.6183252931,2.3331196308,0.618,-0.525,3.7428,4.677,1,0.000,0.543,0.00,0.00,0.00,0.00,0.00,-1,-2.18e-14,0.00,8.038e-01,1.961e-01,1.444e-05,3.903e-06,3.544e-05,-1.000,1.000e-04,6.083,6.716,6.886,6.275,5.854,5.456,4.972,4.598,4.523,
9.8116e-05,-2.19174,10.07918,0.6282082200,2.3392572403,0.628,-0.480,3.7486,4.663,1,0.000,0.543,0.00,0.00,0.00,0.00,0.00,-1,-2.44e-14,0.00,8.074e-01,1.925e-01,1.421e-05,3.841e-06,3.489e-05,-1.000,5.597e-05,5.971,6.553,6.745,6.155,5.747,5.359,4.888,4.521,4.451,
9.8116e-05,-2.19174,10.07918,0.6378048062,2.3450081348,0.638,-0.437,3.7541,4.648,1,0.000,0.543,0.00,0.00,0.00,0.00,0.00,-1,-2.73e-14,0.00,8.111e-01,1.889e-01,1.398e-05,3.779e-06,3.433e-05,-1.000,2.368e-05,5.862,6.398,6.609,6.039,5.643,5.265,4.806,4.445,4.380,
9.8116e-05,-2.19174,10.07918,0.6491134167,2.3515348434,0.649,-0.385,3.7606,4.629,1,0.000,0.543,0.00,0.00,0.00,0.00,0.00,-1,-1.64e-14,0.00,8.156e-01,1.844e-01,1.369e-05,3.702e-06,3.363e-05,-1.000,5.880e-05,5.731,6.216,6.448,5.902,5.519,5.152,4.707,4.353,4.294,
9.8116e-05,-2.19174,10.07918,0.6499999762,2.3520355225,0.650,-0.380,3.7611,4.627,1,0.000,0.543,0.00,0.00,0.00,0.00,0.00,-1,-3.14e-14,0.00,8.159e-01,1.840e-01,1.367e-05,3.695e-06,3.358e-05,-1.000,1.000e-04,5.721,6.203,6.436,5.891,5.509,5.144,4.699,4.346,4.288,
9.8116e-05,-2.19174,10.07918,0.6585742235,2.3567974567,0.658,-0.340,3.7657,4.612,1,0.000,0.542,0.00,0.00,0.00,0.00,0.00,-1,-3.49e-14,0.00,8.203e-01,1.796e-01,1.338e-05,3.619e-06,3.290e-05,-1.000,9.994e-05,5.620,6.071,6.315,5.787,5.414,5.056,4.621,4.274,4.220,
9.8116e-05,-2.19174,10.07918,0.6688095927,2.3622982502,0.669,-0.291,3.7713,4.591,1,0.000,0.542,0.00,0.00,0.00,0.00,0.00,-1,-3.97e-14,0.00,8.259e-01,1.740e-01,1.302e-05,3.523e-06,3.204e-05,-1.000,1.001e-04,5.498,5.914,6.171,5.660,5.298,4.949,4.526,4.185,4.136,
9.8116e-05,-2.19174,10.07918,0.6785455942,2.3673541546,0.678,-0.243,3.7764,4.570,1,0.000,0.541,0.00,0.00,0.00,0.00,0.00,-1,-4.5e-14,0.00,8.316e-01,1.683e-01,1.265e-05,3.426e-06,3.116e-05,-1.000,9.994e-05,5.378,5.766,6.032,5.538,5.185,4.845,4.431,4.096,4.051,
9.8116e-05,-2.19174,10.07918,0.6878398061,2.3720273972,0.688,-0.196,3.7813,4.549,1,0.000,0.541,0.00,0.00,0.00,0.00,0.00,-1,-5.11e-14,0.00,8.374e-01,1.625e-01,1.228e-05,3.327e-06,3.027e-05,-1.000,9.999e-05,5.261,5.623,5.896,5.419,5.075,4.742,4.338,4.009,3.969,
9.8116e-05,-2.19174,10.07918,0.6960876584,2.3760547638,0.696,-0.153,3.7856,4.528,1,0.000,0.540,0.00,0.00,0.00,0.00,0.00,-1,-3.18e-15,0.00,8.429e-01,1.571e-01,1.193e-05,3.234e-06,2.943e-05,-1.000,3.628e-05,5.153,5.495,5.772,5.308,4.973,4.648,4.252,3.930,3.892,
9.8116e-05,-2.19174,10.07918,0.6999999881,2.3779268265,0.700,-0.132,3.7876,4.518,1,0.000,0.540,0.00,0.00,0.00,0.00,0.00,-1,-6.08e-14,0.00,8.456e-01,1.544e-01,1.176e-05,3.188e-06,2.902e-05,-1.000,8.941e-07,5.101,5.433,5.712,5.255,4.924,4.602,4.211,3.891,3.855,
9.8116e-05,-2.19174,10.07918,0.7090167403,2.3821511269,0.709,-0.082,3.7920,4.490,1,0.000,0.538,0.00,0.00,0.00,0.00,0.00,-1,-7e-14,0.00,8.505e-01,1.495e-01,1.145e-05,3.115e-06,2.838e-05,-1.000,1.347e-05,4.975,5.290,5.570,5.127,4.804,4.490,4.108,3.795,3.762,
9.8116e-05,-2.19174,10.07918,0.7175090909,2.3860185146,0.717,-0.032,3.7961,4.462,1,0.000,0.536,0.00,0.00,0.00,0.00,0.00,-1,-8.06e-14,0.00,8.545e-01,1.454e-01,1.122e-05,3.060e-06,2.791e-05,-1.000,6.424e-05,4.850,5.151,5.429,4.999,4.685,4.377,4.004,3.698,3.669,
9.8116e-05,-2.19174,10.07918,0.7258906960,2.3897333145,0.725,0.020,3.8001,4.431,1,0.000,0.534,0.00,0.00,0.00,0.00,0.00,-1,-9.36e-14,0.00,8.581e-01,1.419e-01,1.103e-05,3.016e-06,2.753e-05,-1.000,3.716e-05,4.720,5.007,5.284,4.866,4.559,4.259,3.894,3.595,3.568,
9.8116e-05,-2.19174,10.07918,0.7330867052,2.3928451538,0.733,0.067,3.8034,4.401,1,0.000,0.533,0.00,0.00,0.00,0.00,0.00,-1,-1.07e-13,0.00,8.608e-01,1.391e-01,1.089e-05,2.984e-06,2.726e-05,-1.000,4.674e-05,4.601,4.881,5.152,4.745,4.444,4.150,3.793,3.500,3.475,
9.8116e-05,-2.19174,10.07918,0.7400557995,2.3957924843,0.739,0.117,3.8065,4.368,1,0.000,0.531,0.00,0.00,0.00,0.00,0.00,-1,-8.97e-14,0.00,8.632e-01,1.367e-01,1.077e-05,2.957e-06,2.703e-05,-1.000,1.000e-04,4.478,4.752,5.017,4.619,4.325,4.036,3.686,3.399,3.376,
9.8116e-05,-2.19174,10.07918,0.7470234036,2.3986759186,0.746,0.170,3.8095,4.331,1,0.000,0.530,0.00,0.00,0.00,0.00,0.00,-1,-1.94e-14,0.00,8.654e-01,1.345e-01,1.066e-05,2.934e-06,2.683e-05,-1.000,9.996e-05,4.345,4.612,4.871,4.482,4.194,3.911,3.567,3.286,3.265,
9.8116e-05,-2.19174,10.07918,0.7500000000,2.3998889923,0.749,0.193,3.8108,4.314,1,0.000,0.529,0.00,0.00,0.00,0.00,0.00,-1,-1.57e-13,0.00,8.663e-01,1.336e-01,1.061e-05,2.925e-06,2.675e-05,-1.000,1.000e-04,4.286,4.552,4.807,4.422,4.136,3.855,3.515,3.236,3.215,
9.8116e-05,-2.19174,10.07918,0.7512726188,2.4004042149,0.751,0.204,3.8114,4.307,1,0.000,0.529,0.00,0.00,0.00,0.00,0.00,-1,-1.61e-13,0.00,8.663e-01,1.336e-01,1.062e-05,2.927e-06,2.677e-05,-1.000,9.996e-05,4.261,4.526,4.779,4.396,4.112,3.831,3.493,3.215,3.194,
9.8116e-05,-2.19174,10.07918,0.7593882084,2.4036436081,0.759,0.276,3.8149,4.254,1,0.000,0.529,0.00,0.00,0.00,0.00,0.00,-1,-2.01e-13,0.00,8.666e-01,1.334e-01,1.067e-05,2.941e-06,2.691e-05,-1.000,3.457e-06,4.081,4.341,4.583,4.211,3.933,3.660,3.329,3.059,3.040,
9.8116e-05,-2.19174,10.07918,0.7647736669,2.4057495594,0.764,0.328,3.8169,4.212,1,0.000,0.528,0.00,0.00,0.00,0.00,0.00,-1,-2.38e-13,0.00,8.666e-01,1.334e-01,1.070e-05,2.951e-06,2.701e-05,-1.000,9.066e-05,3.949,4.208,4.442,4.075,3.802,3.532,3.207,2.942,2.923,
9.8116e-05,-2.19174,10.07918,0.7698798776,2.4077150822,0.769,0.381,3.8184,4.168,1,0.000,0.528,0.00,0.00,0.00,0.00,0.00,-1,-2.81e-13,0.00,8.655e-01,1.344e-01,1.080e-05,2.978e-06,2.726e-05,-1.000,9.997e-05,3.817,4.077,4.303,3.941,3.671,3.404,3.082,2.821,2.802,
9.8116e-05,-2.19174,10.07918,0.7740545273,2.4092998505,0.773,0.428,3.8189,4.126,1,0.000,0.528,0.00,0.00,0.00,0.00,0.00,-1,-3.29e-13,0.00,8.642e-01,1.357e-01,1.091e-05,3.007e-06,2.753e-05,-1.000,9.999e-05,3.701,3.962,4.181,3.822,3.554,3.288,2.968,2.708,2.690,
9.8116e-05,-2.19174,10.07918,0.7755150199,2.4098496437,0.774,0.446,3.8185,4.107,1,0.000,0.528,0.00,0.00,0.00,0.00,0.00,-1,-3.51e-13,0.00,8.638e-01,1.361e-01,1.094e-05,3.017e-06,2.762e-05,-1.000,1.000e-04,3.654,3.917,4.135,3.775,3.506,3.240,2.919,2.659,2.640,
9.8116e-05,-2.19174,10.07918,0.7794836760,2.4113318920,0.778,0.501,3.8165,4.047,1,0.000,0.528,0.00,0.00,0.00,0.00,0.00,-1,-4.24e-13,0.00,8.626e-01,1.373e-01,1.104e-05,3.044e-06,2.787e-05,-1.000,1.000e-04,3.519,3.788,4.002,3.639,3.367,3.099,2.773,2.509,2.490,
9.8116e-05,-2.19174,10.07918,0.7822610140,2.4123587608,0.781,0.543,3.8136,3.994,1,0.000,0.528,0.00,0.00,0.00,0.00,0.00,-1,-4.96e-13,0.00,8.617e-01,1.382e-01,1.111e-05,3.063e-06,2.804e-05,-1.000,9.993e-05,3.412,3.690,3.902,3.533,3.257,2.984,2.652,2.383,2.362,
9.8116e-05,-2.19174,10.07918,0.7828532457,2.4125766754,0.781,0.553,3.8129,3.982,1,0.000,0.528,0.00,0.00,0.00,0.00,0.00,-1,-5.15e-13,0.00,8.616e-01,1.383e-01,1.112e-05,3.067e-06,2.808e-05,-1.000,1.000e-04,3.388,3.668,3.880,3.510,3.233,2.959,2.624,2.354,2.333,
9.8116e-05,-2.19174,10.07918,0.7834342718,2.4127900600,0.782,0.564,3.8115,3.966,1,0.000,0.528,0.00,0.00,0.00,0.00,0.00,-1,-5.37e-13,0.00,8.614e-01,1.385e-01,1.114e-05,3.071e-06,2.811e-05,-1.000,9.997e-05,3.360,3.644,3.856,3.483,3.203,2.927,2.589,2.317,2.295,
9.8116e-05,-2.19174,10.07918,0.7853888273,2.4135050774,0.784,0.604,3.8057,3.903,2,0.000,0.528,0.00,0.00,0.00,0.00,0.00,-1,-6.32e-13,0.00,8.608e-01,1.391e-01,1.119e-05,3.084e-06,2.823e-05,-1.000,9.999e-05,3.260,3.560,3.774,3.386,3.097,2.811,2.460,2.176,2.152,
9.8116e-05,-2.19174,10.07918,0.7868847847,2.4140498638,0.785,0.640,3.7986,3.840,2,0.000,0.528,0.00,0.00,0.00,0.00,0.00,-1,-7.37e-13,0.00,8.604e-01,1.395e-01,1.122e-05,3.094e-06,2.833e-05,-1.000,1.000e-04,3.171,3.492,3.708,3.302,3.000,2.703,2.335,2.037,2.010,
9.8116e-05,-2.19174,10.07918,0.7880567908,2.4144749641,0.786,0.672,3.7902,3.774,2,0.000,0.528,0.00,0.00,0.00,0.00,0.00,-1,-8.57e-13,0.00,8.600e-01,1.399e-01,1.125e-05,3.102e-06,2.840e-05,-1.000,9.809e-05,3.089,3.438,3.657,3.228,2.911,2.599,2.212,1.899,1.867,
9.8116e-05,-2.19174,10.07918,0.7890018821,2.4148166180,0.787,0.702,3.7811,3.708,2,0.000,0.528,0.00,0.00,0.00,0.00,0.00,-1,-9.9e-13,0.00,8.564e-01,1.436e-01,1.150e-05,3.170e-06,2.902e-05,-1.000,4.868e-05,3.014,3.398,3.616,3.162,2.828,2.502,2.093,1.763,1.726,
9.8116e-05,-2.19174,10.07918,0.7897948623,2.4151024818,0.788,0.731,3.7722,3.645,2,0.000,0.530,0.00,0.00,0.00,0.00,0.00,-1,-1.14e-12,0.00,8.391e-01,1.608e-01,1.253e-05,3.449e-06,3.152e-05,-1.000,2.539e-05,2.943,3.367,3.580,3.100,2.750,2.409,1.981,1.635,1.592,
9.8116e-05,-2.19174,10.07918,0.7904945016,2.4153542519,0.789,0.761,3.7641,3.583,2,0.000,0.533,0.00,0.00,0.00,0.00,0.00,-1,-1.31e-12,0.00,8.120e-01,1.879e-01,1.411e-05,3.872e-06,3.531e-05,-1.000,5.306e-05,2.869,3.333,3.539,3.035,2.670,2.316,1.869,1.509,1.461,
9.8116e-05,-2.19174,10.07918,0.7911152840,2.4155771732,0.789,0.793,3.7572,3.523,2,0.000,0.535,0.00,0.00,0.00,0.00,0.00,-1,-1.51e-12,0.00,7.927e-01,2.073e-01,1.524e-05,4.174e-06,3.800e-05,-1.000,9.003e-05,2.787,3.291,3.489,2.962,2.585,2.219,1.756,1.384,1.331,
9.8116e-05,-2.19174,10.07918,0.7917301059,2.4157977104,0.790,0.834,3.7510,3.457,2,0.000,0.536,0.00,0.00,0.00,0.00,0.00,-1,-1.78e-12,0.00,7.810e-01,2.189e-01,1.592e-05,4.356e-06,3.963e-05,-1.000,1.000e-04,2.685,3.228,3.414,2.868,2.479,2.103,1.626,1.243,1.185,
9.8116e-05,-2.19174,10.07918,0.7922154069,2.4159712791,0.790,0.874,3.7470,3.402,2,0.000,0.536,0.00,0.00,0.00,0.00,0.00,-1,-2.08e-12,0.00,7.756e-01,2.243e-01,1.624e-05,4.441e-06,4.039e-05,-1.000,1.000e-04,2.585,3.157,3.334,2.775,2.378,1.995,1.508,1.119,1.058,
9.8116e-05,-2.19174,10.07918,0.7925471663,2.4160900116,0.791,0.904,3.7446,3.362,2,0.000,0.536,0.00,0.00,0.00,0.00,0.00,-1,-2.34e-12,0.00,7.728e-01,2.271e-01,1.640e-05,4.484e-06,4.077e-05,-1.000,1.000e-04,2.510,3.099,3.270,2.703,2.302,1.915,1.422,1.028,0.965,
9.8116e-05,-2.19174,10.07918,0.7928423882,2.4161953926,0.791,0.934,3.7430,3.326,3,0.000,0.537,0.00,0.00,0.00,0.00,0.00,-1,-2.61e-12,0.00,7.710e-01,2.289e-01,1.650e-05,4.509e-06,4.100e-05,-1.000,1.001e-04,2.434,3.035,3.202,2.630,2.225,1.836,1.339,0.942,0.878,
9.8116e-05,-2.19174,10.07918,0.7932294607,2.4163334370,0.791,0.976,3.7409,3.276,3,0.000,0.537,0.00,0.00,0.00,0.00,0.00,-1,-3.04e-12,0.00,7.690e-01,2.310e-01,1.660e-05,4.538e-06,4.125e-05,-1.000,6.099e-05,2.331,2.946,3.108,2.530,2.122,1.729,1.226,0.826,0.760,
9.8116e-05,-2.19174,10.07918,0.7936193943,2.4164724350,0.792,1.020,3.7390,3.225,3,0.000,0.537,0.00,0.00,0.00,0.00,0.00,-1,-3.57e-12,0.00,7.671e-01,2.329e-01,1.669e-05,4.562e-06,4.146e-05,-1.000,3.588e-05,2.221,2.851,3.007,2.423,2.011,1.616,1.107,0.703,0.636,
9.8116e-05,-2.19174,10.07918,0.7939928770,2.4166054726,0.792,1.065,3.7374,3.174,3,0.000,0.537,0.00,0.00,0.00,0.00,0.00,-1,-4.2e-12,0.00,7.654e-01,2.346e-01,1.676e-05,4.581e-06,4.164e-05,-1.000,9.646e-05,2.109,2.753,2.904,2.315,1.900,1.501,0.988,0.580,0.512,
9.8116e-05,-2.19174,10.07918,0.7943897843,2.4167466164,0.792,1.115,3.7356,3.116,3,0.000,0.537,0.00,0.00,0.00,0.00,0.00,-1,-5.04e-12,0.00,7.637e-01,2.362e-01,1.683e-05,4.599e-06,4.180e-05,-1.000,9.996e-05,1.982,2.640,2.785,2.191,1.774,1.372,0.854,0.441,0.373,
9.8116e-05,-2.19174,10.07918,0.7947228551,2.4168648720,0.792,1.161,3.7341,3.065,3,0.000,0.537,0.00,0.00,0.00,0.00,0.00,-1,-5.94e-12,0.00,7.624e-01,2.375e-01,1.687e-05,4.611e-06,4.191e-05,-1.000,1.000e-04,1.868,2.539,2.679,2.080,1.660,1.256,0.733,0.317,0.248,
9.8116e-05,-2.19174,10.07918,0.7950597405,2.4169845581,0.793,1.211,3.7326,3.009,3,0.000,0.537,0.00,0.00,0.00,0.00,0.00,-1,-7.1e-12,0.00,7.611e-01,2.388e-01,1.691e-05,4.623e-06,4.200e-05,-1.000,5.379e-05,1.743,2.427,2.562,1.959,1.536,1.130,0.602,0.182,0.112,
9.8116e-05,-2.19174,10.07918,0.7953903675,2.4171016216,0.793,1.264,3.7309,2.949,3,0.000,0.537,0.00,0.00,0.00,0.00,0.00,-1,-8.59e-12,0.00,7.598e-01,2.401e-01,1.694e-05,4.634e-06,4.209e-05,-1.000,6.506e-05,1.611,2.308,2.436,1.829,1.403,0.995,0.462,0.038,-0.033,
9.8116e-05,-2.19174,10.07918,0.7956571579,2.4171962738,0.793,1.311,3.7295,2.896,3,0.000,0.536,0.00,0.00,0.00,0.00,0.00,-1,-1.02e-11,0.00,7.588e-01,2.411e-01,1.696e-05,4.642e-06,4.215e-05,-1.000,9.477e-05,1.493,2.203,2.326,1.714,1.286,0.875,0.339,-0.089,-0.160,
9.8116e-05,-2.19174,10.07918,0.7959144711,2.4172873497,0.793,1.360,3.7280,2.841,3,0.000,0.536,0.00,0.00,0.00,0.00,0.00,-1,-1.21e-11,0.00,7.579e-01,2.420e-01,1.697e-05,4.651e-06,4.221e-05,-1.000,9.999e-05,1.371,2.095,2.211,1.594,1.164,0.750,0.210,-0.221,-0.293,
9.8116e-05,-2.19174,10.07918,0.7961456776,2.4173691273,0.793,1.408,3.7265,2.787,3,0.000,0.535,0.00,0.00,0.00,0.00,0.00,-1,-1.44e-11,0.00,7.571e-01,2.428e-01,1.696e-05,4.661e-06,4.225e-05,-1.000,1.000e-04,1.251,1.989,2.098,1.477,1.044,0.628,0.083,-0.351,-0.424,
9.8116e-05,-2.19174,10.07918,0.7963551283,2.4174430370,0.793,1.455,3.7249,2.734,3,0.000,0.535,0.00,0.00,0.00,0.00,0.00,-1,-1.71e-11,0.00,7.565e-01,2.434e-01,1.696e-05,4.671e-06,4.228e-05,-1.000,1.000e-04,1.132,1.884,1.987,1.362,0.926,0.507,-0.042,-0.480,-0.553,
9.8116e-05,-2.19174,10.07918,0.7965425849,2.4175093174,0.793,1.502,3.7235,2.681,3,0.000,0.534,0.00,0.00,0.00,0.00,0.00,-1,-2.03e-11,0.00,7.559e-01,2.440e-01,1.695e-05,4.681e-06,4.231e-05,-1.000,1.000e-04,1.015,1.780,1.878,1.248,0.809,0.388,-0.165,-0.606,-0.680,
9.8116e-05,-2.19174,10.07918,0.7967199087,2.4175720215,0.793,1.551,3.7219,2.626,3,0.000,0.533,0.00,0.00,0.00,0.00,0.00,-1,-2.41e-11,0.00,7.555e-01,2.444e-01,1.693e-05,4.692e-06,4.233e-05,-1.000,1.000e-04,0.893,1.672,1.765,1.130,0.689,0.265,-0.293,-0.737,-0.812,
9.8116e-05,-2.19174,10.07918,0.7968773842,2.4176275730,0.793,1.598,3.7203,2.573,3,0.000,0.533,0.00,0.00,0.00,0.00,0.00,-1,-2.86e-11,0.00,7.552e-01,2.447e-01,1.692e-05,4.702e-06,4.235e-05,-1.000,1.000e-04,0.776,1.568,1.655,1.015,0.572,0.146,-0.417,-0.865,-0.941,
9.8116e-05,-2.19174,10.07918,0.7970173359,2.4176769257,0.793,1.643,3.7188,2.521,3,0.000,0.532,0.00,0.00,0.00,0.00,0.00,-1,-3.37e-11,0.00,7.550e-01,2.449e-01,1.691e-05,4.710e-06,4.235e-05,-1.000,1.000e-04,0.661,1.469,1.549,0.905,0.458,0.030,-0.537,-0.990,-1.065,
9.8116e-05,-2.19174,10.07918,0.7971441746,2.4177217484,0.793,1.689,3.7173,2.470,3,0.000,0.532,0.00,0.00,0.00,0.00,0.00,-1,-3.97e-11,0.00,7.548e-01,2.451e-01,1.690e-05,4.715e-06,4.236e-05,-1.000,9.452e-05,0.549,1.373,1.446,0.795,0.346,-0.085,-0.656,-1.112,-1.189,
9.8116e-05,-2.19174,10.07918,0.7972630262,2.4177637100,0.793,1.735,3.7157,2.417,3,0.000,0.532,0.00,0.00,0.00,0.00,0.00,-1,-4.69e-11,0.00,7.547e-01,2.452e-01,1.690e-05,4.718e-06,4.237e-05,-1.000,1.000e-04,0.434,1.277,1.341,0.684,0.231,-0.203,-0.779,-1.239,-1.316,
9.8116e-05,-2.19174,10.07918,0.7973679900,2.4178006649,0.792,1.779,3.7141,2.366,3,0.000,0.532,0.00,0.00,0.00,0.00,0.00,-1,-5.51e-11,0.00,7.547e-01,2.452e-01,1.690e-05,4.719e-06,4.237e-05,-1.000,9.999e-05,0.322,1.185,1.239,0.576,0.121,-0.316,-0.897,-1.361,-1.439,
9.8116e-05,-2.19174,10.07918,0.7974649668,2.4178347588,0.792,1.824,3.7125,2.315,3,0.000,0.532,0.00,0.00,0.00,0.00,0.00,-1,-6.47e-11,0.00,7.547e-01,2.452e-01,1.690e-05,4.719e-06,4.237e-05,-1.000,1.001e-04,0.211,1.093,1.138,0.468,0.009,-0.430,-1.015,-1.483,-1.561,
9.8116e-05,-2.19174,10.07918,0.7975539565,2.4178659916,0.792,1.868,3.7109,2.264,3,0.000,0.532,0.00,0.00,0.00,0.00,0.00,-1,-7.61e-11,0.00,7.547e-01,2.452e-01,1.690e-05,4.719e-06,4.237e-05,-1.000,1.001e-04,0.100,1.001,1.037,0.361,-0.101,-0.543,-1.133,-1.605,-1.684,
9.8116e-05,-2.19174,10.07918,0.7976330519,2.4178938866,0.792,1.911,3.7093,2.215,3,0.000,0.532,0.00,0.00,0.00,0.00,0.00,-1,-8.88e-11,0.00,7.547e-01,2.452e-01,1.690e-05,4.719e-06,4.237e-05,-1.000,1.001e-04,-0.006,0.915,0.942,0.259,-0.207,-0.652,-1.247,-1.722,-1.802,
9.8116e-05,-2.19174,10.07918,0.7977061868,2.4179196358,0.792,1.953,3.7078,2.167,3,0.000,0.532,0.00,0.00,0.00,0.00,0.00,-1,-1.04e-10,0.00,7.547e-01,2.452e-01,1.690e-05,4.719e-06,4.237e-05,-1.000,1.000e-04,-0.113,0.829,0.846,0.157,-0.312,-0.760,-1.359,-1.839,-1.920,
9.8116e-05,-2.19174,10.07918,0.7977764010,2.4179444313,0.791,1.997,3.7061,2.116,3,0.000,0.532,0.00,0.00,0.00,0.00,0.00,-1,-1.22e-10,0.00,7.547e-01,2.452e-01,1.690e-05,4.720e-06,4.237e-05,-1.000,1.000e-04,-0.223,0.740,0.748,0.051,-0.421,-0.872,-1.477,-1.961,-2.042,
9.8116e-05,-2.19174,10.07918,0.7978365421,2.4179656506,0.791,2.038,3.7045,2.068,3,0.000,0.532,0.00,0.00,0.00,0.00,0.00,-1,-1.41e-10,0.00,7.547e-01,2.452e-01,1.690e-05,4.720e-06,4.237e-05,-1.000,9.999e-05,-0.325,0.659,0.657,-0.047,-0.523,-0.977,-1.586,-2.074,-2.157,
9.8116e-05,-2.19174,10.07918,0.7978920937,2.4179852009,0.790,2.079,3.7030,2.021,3,0.000,0.532,0.00,0.00,0.00,0.00,0.00,-1,-1.64e-10,0.00,7.547e-01,2.452e-01,1.690e-05,4.720e-06,4.237e-05,-1.000,1.001e-04,-0.428,0.577,0.567,-0.145,-0.624,-1.080,-1.695,-2.187,-2.270,
9.8116e-05,-2.19174,10.07918,0.7979452014,2.4180037975,0.790,2.121,3.7014,1.972,3,0.000,0.532,0.00,0.00,0.00,0.00,0.00,-1,-1.91e-10,0.00,7.547e-01,2.452e-01,1.690e-05,4.720e-06,4.237e-05,-1.000,1.000e-04,-0.533,0.494,0.473,-0.246,-0.729,-1.188,-1.807,-2.303,-2.387,
9.8116e-05,-2.19174,10.07918,0.7979915738,2.4180202484,0.790,2.161,3.6998,1.925,3,0.000,0.532,0.00,0.00,0.00,0.00,0.00,-1,-2.21e-10,0.00,7.547e-01,2.452e-01,1.690e-05,4.720e-06,4.237e-05,-1.000,1.001e-04,-0.632,0.420,0.387,-0.341,-0.827,-1.290,-1.914,-2.413,-2.498,
9.8116e-05,-2.19174,10.07918,0.7980349660,2.4180355072,0.789,2.200,3.6982,1.880,3,0.000,0.532,0.00,0.00,0.00,0.00,0.00,-1,-2.55e-10,0.00,7.547e-01,2.452e-01,1.690e-05,4.720e-06,4.237e-05,-1.000,1.000e-04,-0.731,0.347,0.301,-0.434,-0.925,-1.390,-2.019,-2.522,-2.608,
9.8116e-05,-2.19174,10.07918,0.7980802059,2.4180512428,0.788,2.238,3.6968,1.836,3,0.000,0.532,0.00,0.00,0.00,0.00,0.00,-1,-2.93e-10,0.00,7.547e-01,2.452e-01,1.690e-05,4.720e-06,4.237e-05,-1.000,1.001e-04,-0.824,0.277,0.220,-0.523,-1.017,-1.485,-2.118,-2.624,-2.711,
9.8116e-05,-2.19174,10.07918,0.7981302738,2.4180688858,0.788,2.268,3.6956,1.800,3,0.000,0.532,0.00,0.00,0.00,0.00,0.00,-1,-3.29e-10,0.00,7.547e-01,2.452e-01,1.690e-05,4.720e-06,4.237e-05,-1.000,1.000e-04,-0.901,0.220,0.152,-0.596,-1.093,-1.564,-2.200,-2.709,-2.797,
9.8116e-05,-2.19174,10.07918,0.7981536388,2.4180772305,0.787,2.263,3.6960,1.807,3,0.000,0.532,0.00,0.00,0.00,0.00,0.00,-1,-3.25e-10,0.00,7.547e-01,2.452e-01,1.690e-05,4.720e-06,4.237e-05,-1.000,1.000e-04,-0.887,0.227,0.163,-0.584,-1.080,-1.550,-2.185,-2.693,-2.780,
9.8116e-05,-2.19174,10.07918,0.7981594801,2.4180791378,0.787,2.270,3.6957,1.799,3,0.000,0.532,0.00,0.00,0.00,0.00,0.00,-1,-3.32e-10,0.00,7.547e-01,2.452e-01,1.690e-05,4.720e-06,4.237e-05,-1.000,1.000e-04,-0.904,0.215,0.148,-0.600,-1.096,-1.567,-2.203,-2.712,-2.799,
9.8116e-05,-2.19174,10.07918,0.7981917262,2.4180905819,0.787,2.310,3.6940,1.752,3,0.000,0.532,0.00,0.00,0.00,0.00,0.00,-1,-3.81e-10,0.00,7.547e-01,2.452e-01,1.690e-05,4.720e-06,4.237e-05,-1.000,1.001e-04,-1.004,0.143,0.063,-0.694,-1.195,-1.669,-2.310,-2.823,-2.911,
9.8116e-05,-2.19174,10.07918,0.7982242703,2.4181020260,0.786,2.352,3.6924,1.703,3,0.000,0.532,0.00,0.00,0.00,0.00,0.00,-1,-4.45e-10,0.00,7.547e-01,2.452e-01,1.690e-05,4.720e-06,4.237e-05,-1.000,1.000e-04,-1.111,0.063,-0.030,-0.796,-1.300,-1.777,-2.424,-2.941,-3.029,
9.8116e-05,-2.19174,10.07918,0.7982519865,2.4181118011,0.785,2.391,3.6907,1.657,3,0.000,0.532,0.00,0.00,0.00,0.00,0.00,-1,-5.13e-10,0.00,7.546e-01,2.453e-01,1.690e-05,4.721e-06,4.237e-05,-1.000,9.997e-05,-1.207,-0.005,-0.111,-0.886,-1.395,-1.876,-2.527,-3.048,-3.137,
9.8116e-05,-2.19174,10.07918,0.7982792258,2.4181213379,0.785,2.431,3.6889,1.609,3,0.000,0.532,0.00,0.00,0.00,0.00,0.00,-1,-5.95e-10,0.00,7.546e-01,2.453e-01,1.690e-05,4.721e-06,4.237e-05,-1.000,1.000e-04,-1.308,-0.075,-0.196,-0.981,-1.494,-1.978,-2.635,-3.161,-3.251,
9.8116e-05,-2.19174,10.07918,0.7983046174,2.4181301594,0.784,2.472,3.6873,1.562,3,0.000,0.532,0.00,0.00,0.00,0.00,0.00,-1,-6.9e-10,0.00,7.546e-01,2.453e-01,1.690e-05,4.721e-06,4.238e-05,-1.000,9.999e-05,-1.409,-0.146,-0.280,-1.076,-1.594,-2.081,-2.743,-3.273,-3.364,
9.8116e-05,-2.19174,10.07918,0.7983268499,2.4181380272,0.783,2.510,3.6856,1.516,3,0.000,0.532,6.42,5.16,3.67,2.84,2.29,3,-7.94e-10,0.00,7.546e-01,2.453e-01,1.690e-05,4.721e-06,4.238e-05,-1.000,9.994e-05,-1.504,-0.207,-0.358,-1.164,-1.686,-2.177,-2.845,-3.379,-3.471,
9.8116e-05,-2.19174,10.07918,0.7983488441,2.4181456566,0.782,2.550,3.6837,1.468,3,0.000,0.532,7.11,5.62,3.99,3.08,2.49,3,-9.21e-10,0.00,7.546e-01,2.453e-01,1.690e-05,4.721e-06,4.238e-05,-1.000,1.000e-04,-1.604,-0.252,-0.433,-1.258,-1.786,-2.281,-2.954,-3.493,-3.585,
9.8116e-05,-2.19174,10.07918,0.7983683944,2.4181525707,0.781,2.588,3.6821,1.423,3,0.000,0.532,7.82,6.09,4.31,3.34,2.70,3,-1.06e-09,0.00,7.546e-01,2.453e-01,1.690e-05,4.721e-06,4.238e-05,-1.000,1.000e-04,-1.699,-0.293,-0.503,-1.346,-1.881,-2.379,-3.057,-3.600,-3.692,
9.8116e-05,-2.19174,10.07918,0.7983866334,2.4181590080,0.780,2.625,3.6804,1.378,3,0.000,0.532,8.60,6.61,4.65,3.61,2.92,3,-1.22e-09,0.00,7.546e-01,2.453e-01,1.690e-05,4.721e-06,4.238e-05,-1.000,9.996e-05,-1.793,-0.327,-0.570,-1.433,-1.975,-2.477,-3.160,-3.708,-3.799,
9.8116e-05,-2.19174,10.07918,0.7984040380,2.4181652069,0.779,2.664,3.6786,1.332,3,0.000,0.532,9.48,7.18,5.04,3.91,3.17,3,-1.4e-09,0.00,7.546e-01,2.453e-01,1.690e-05,4.721e-06,4.238e-05,-1.000,1.000e-04,-1.889,-0.355,-0.635,-1.520,-2.069,-2.576,-3.265,-3.817,-3.908,
9.8116e-05,-2.19174,10.07918,0.7984226942,2.4181716442,0.777,2.708,3.6767,1.279,3,0.000,0.532,10.60,7.90,5.51,4.29,3.47,3,-1.65e-09,0.00,7.546e-01,2.453e-01,1.690e-05,4.721e-06,4.238e-05,-1.000,9.991e-05,-2.000,-0.387,-0.710,-1.621,-2.179,-2.691,-3.386,-3.943,-4.033,
9.8116e-05,-2.19174,10.07918,0.7984377742,2.4181768894,0.776,2.746,3.6747,1.233,3,0.000,0.532,11.69,8.59,5.97,4.65,3.77,3,-1.9e-09,0.00,7.546e-01,2.453e-01,1.690e-05,4.721e-06,4.238e-05,-1.000,1.001e-04,-2.095,-0.397,-0.766,-1.705,-2.272,-2.790,-3.491,-4.053,-4.143,
9.8116e-05,-2.19174,10.07918,0.7984532714,2.4181823730,0.774,2.788,3.6728,1.182,3,0.000,0.532,13.01,9.41,6.52,5.08,4.12,2,-2.23e-09,0.00,7.546e-01,2.453e-01,1.690e-05,4.721e-06,4.238e-05,-1.000,1.000e-04,-2.200,-0.413,-0.830,-1.798,-2.376,-2.899,-3.607,-4.174,-4.263,
9.8116e-05,-2.19174,10.07918,0.7984660864,2.4181869030,0.773,2.825,3.6711,1.137,3,0.000,0.532,14.31,10.20,7.04,5.50,4.45,2,-2.56e-09,0.00,7.546e-01,2.453e-01,1.690e-05,4.721e-06,4.238e-05,-1.000,9.993e-05,-2.294,-0.420,-0.883,-1.880,-2.468,-2.996,-3.710,-4.281,-4.370,
9.8116e-05,-2.19174,10.07918,0.7984790802,2.4181914330,0.771,2.866,3.6689,1.087,3,0.000,0.532,15.91,11.16,7.67,6.00,4.86,2,-2.98e-09,0.00,7.546e-01,2.453e-01,1.690e-05,4.721e-06,4.238e-05,-1.000,1.001e-04,-2.395,-0.410,-0.932,-1.966,-2.566,-3.101,-3.823,-4.399,-4.488,
9.8116e-05,-2.19174,10.07918,0.7984899282,2.4181952477,0.769,2.902,3.6673,1.044,3,0.000,0.532,17.42,12.06,8.26,6.47,5.24,2,-3.4e-09,0.00,7.546e-01,2.453e-01,1.690e-05,4.721e-06,4.238e-05,-1.000,1.000e-04,-2.484,-0.408,-0.979,-2.042,-2.652,-3.193,-3.921,-4.501,-4.589,
9.8116e-05,-2.19174,10.07918,0.7985013127,2.4181993008,0.767,2.942,3.6652,0.994,3,0.000,0.532,19.34,13.18,8.99,7.05,5.71,2,-3.95e-09,0.00,7.546e-01,2.453e-01,1.690e-05,4.721e-06,4.238e-05,-1.000,1.000e-04,-2.584,-0.385,-1.021,-2.124,-2.748,-3.297,-4.032,-4.618,-4.705,
9.8116e-05,-2.19174,10.07918,0.7985128164,2.4182033539,0.764,2.985,3.6630,0.941,3,0.000,0.532,21.64,14.50,9.85,7.73,6.27,2,-4.65e-09,0.00,7.546e-01,2.453e-01,1.690e-05,4.721e-06,4.238e-05,-1.000,1.000e-04,-2.692,-0.349,-1.058,-2.209,-2.851,-3.409,-4.152,-4.743,-4.830,
9.8116e-05,-2.19174,10.07918,0.7985221744,2.4182066917,0.762,3.022,3.6611,0.894,3,0.000,0.532,23.87,15.77,10.67,8.39,6.80,1,-5.36e-09,0.00,7.546e-01,2.453e-01,1.690e-05,4.721e-06,4.238e-05,-1.000,9.997e-05,-2.785,-0.307,-1.085,-2.281,-2.940,-3.507,-4.257,-4.853,-4.939,
9.8116e-05,-2.19174,10.07918,0.7985301614,2.4182093143,0.760,3.056,3.6593,0.852,3,0.000,0.532,26.10,17.01,11.47,9.03,7.32,1,-6.09e-09,0.00,7.546e-01,2.453e-01,1.690e-05,4.721e-06,4.238e-05,-1.000,9.999e-05,-2.869,-0.256,-1.102,-2.343,-3.018,-3.594,-4.352,-4.952,-5.037,
9.8116e-05,-2.19174,10.07918,0.7985385060,2.4182124138,0.757,3.093,3.6575,0.806,3,0.000,0.532,28.73,18.45,12.39,9.77,7.92,1,-7e-09,0.00,7.546e-01,2.453e-01,1.690e-05,4.721e-06,4.238e-05,-1.000,1.002e-04,-2.962,-0.222,-1.130,-2.412,-3.103,-3.688,-4.454,-5.059,-5.144,
9.8116e-05,-2.19174,10.07918,0.7985469699,2.4182152748,0.753,3.132,3.6552,0.756,3,0.000,0.532,31.96,20.20,13.51,10.66,8.65,1,-8.14e-09,0.00,7.546e-01,2.453e-01,1.690e-05,4.721e-06,4.238e-05,-1.000,1.000e-04,-3.061,-0.213,-1.169,-2.486,-3.193,-3.787,-4.563,-5.173,-5.259,
9.8116e-05,-2.19174,10.07918,0.7985540628,2.4182178974,0.750,3.168,3.6533,0.711,3,0.000,0.532,35.14,21.89,14.59,11.53,9.35,1,-9.33e-09,0.00,7.546e-01,2.453e-01,1.690e-05,4.721e-06,4.238e-05,-1.000,9.999e-05,-3.150,-0.207,-1.206,-2.554,-3.274,-3.877,-4.661,-5.276,-5.362,
9.8116e-05,-2.19174,10.07918,0.7985612750,2.4182202816,0.746,3.205,3.6513,0.663,3,0.000,0.532,38.81,23.81,15.81,12.51,10.15,1,-1.08e-08,0.00,7.546e-01,2.453e-01,1.690e-05,4.721e-06,4.238e-05,-1.000,1.000e-04,-3.242,-0.197,-1.242,-2.623,-3.358,-3.969,-4.762,-5.382,-5.469,
9.8116e-05,-2.19174,10.07918,0.7985678911,2.4182226658,0.743,3.239,3.6494,0.620,3,0.000,0.532,42.51,25.72,17.01,13.48,10.94,1,-1.23e-08,0.00,7.546e-01,2.453e-01,1.690e-05,4.721e-06,4.238e-05,-1.000,1.001e-04,-3.326,-0.186,-1.273,-2.685,-3.433,-4.053,-4.854,-5.479,-5.567,
9.8116e-05,-2.19174,10.07918,0.7985697985,2.4182233810,0.741,3.247,3.6490,0.609,3,0.000,0.532,43.54,26.24,17.34,13.75,11.16,1,-1.27e-08,0.00,7.546e-01,2.453e-01,1.690e-05,4.721e-06,4.238e-05,-1.000,1.000e-04,-3.348,-0.183,-1.281,-2.701,-3.453,-4.074,-4.878,-5.505,-5.592,
9.8116e-05,-2.19174,10.07918,0.7985697985,2.4182233810,0.741,1.658,3.9482,3.395,4,0.000,0.533,0.00,0.00,0.00,0.00,0.00,-1,-1e-30,0.00,7.562e-01,2.437e-01,1.688e-05,4.684e-06,4.222e-05,-1.000,9.993e-05,0.626,0.794,0.746,0.725,0.700,0.668,0.615,0.592,0.585,
9.8116e-05,-2.19174,10.07918,0.7985705137,2.4182236195,0.741,1.664,3.9443,3.373,4,0.000,0.533,0.00,0.00,0.00,0.00,0.00,-1,-1e-30,0.00,7.562e-01,2.437e-01,1.688e-05,4.684e-06,4.222e-05,-1.000,9.993e-05,0.609,0.778,0.722,0.696,0.667,0.632,0.573,0.547,0.539,
9.8116e-05,-2.19174,10.07918,0.7986187935,2.4182405472,0.741,1.685,3.9336,3.309,4,0.000,0.533,0.00,0.00,0.00,0.00,0.00,-1,-1e-30,0.00,7.562e-01,2.437e-01,1.688e-05,4.684e-06,4.222e-05,-1.000,1.000e-04,0.558,0.730,0.655,0.615,0.576,0.529,0.453,0.418,0.408,
9.8116e-05,-2.19174,10.07918,0.7986657023,2.4182569981,0.741,1.685,3.9337,3.310,4,0.000,0.533,0.00,0.00,0.00,0.00,0.00,-1,-1e-30,0.00,7.562e-01,2.437e-01,1.688e-05,4.684e-06,4.222e-05,-1.000,9.999e-05,0.557,0.730,0.654,0.614,0.576,0.529,0.453,0.419,0.409,
9.8116e-05,-2.19174,10.07918,0.7987127304,2.4182734489,0.741,1.685,3.9339,3.311,4,0.000,0.533,0.00,0.00,0.00,0.00,0.00,-1,-1e-30,0.00,7.562e-01,2.437e-01,1.688e-05,4.684e-06,4.222e-05,-1.000,9.993e-05,0.557,0.729,0.654,0.615,0.577,0.530,0.455,0.420,0.410,
9.8116e-05,-2.19174,10.07918,0.7987602353,2.4182901382,0.741,1.685,3.9339,3.311,4,0.000,0.533,0.00,0.00,0.00,0.00,0.00,-1,-1e-30,0.00,7.562e-01,2.437e-01,1.688e-05,4.684e-06,4.222e-05,-1.000,1.000e-04,0.557,0.729,0.654,0.615,0.577,0.530,0.455,0.420,0.410,
9.8116e-05,-2.19174,10.07918,0.7988090515,2.4183073044,0.741,1.685,3.9337,3.309,4,0.000,0.533,0.00,0.00,0.00,0.00,0.00,-1,-1e-30,0.00,7.562e-01,2.437e-01,1.688e-05,4.684e-06,4.222e-05,-1.000,9.999e-05,0.557,0.729,0.653,0.614,0.575,0.528,0.452,0.418,0.408,
9.8116e-05,-2.19174,10.07918,0.7988575101,2.4183242321,0.741,1.686,3.9331,3.307,4,0.000,0.533,0.00,0.00,0.00,0.00,0.00,-1,-1e-30,0.00,7.562e-01,2.437e-01,1.688e-05,4.684e-06,4.222e-05,-1.000,1.001e-04,0.556,0.729,0.652,0.611,0.572,0.524,0.448,0.413,0.403,
9.8116e-05,-2.19174,10.07918,0.7989028096,2.4183402061,0.741,1.686,3.9323,3.303,4,0.000,0.533,0.00,0.00,0.00,0.00,0.00,-1,-1e-30,0.00,7.562e-01,2.437e-01,1.688e-05,4.684e-06,4.222e-05,-1.000,1.000e-04,0.555,0.728,0.650,0.608,0.568,0.519,0.441,0.405,0.395,
9.8116e-05,-2.19174,10.07918,0.7989516854,2.4183573723,0.741,1.687,3.9311,3.298,4,0.000,0.533,0.00,0.00,0.00,0.00,0.00,-1,-1e-30,0.00,7.562e-01,2.437e-01,1.688e-05,4.684e-06,4.222e-05,-1.000,1.000e-04,0.553,0.727,0.646,0.603,0.562,0.512,0.432,0.395,0.385,
9.8116e-05,-2.19174,10.07918,0.7989967465,2.4183731079,0.742,1.688,3.9297,3.291,4,0.000,0.533,0.00,0.00,0.00,0.00,0.00,-1,-1e-30,0.00,7.562e-01,2.437e-01,1.688e-05,4.684e-06,4.222e-05,-1.000,9.999e-05,0.550,0.725,0.642,0.597,0.554,0.503,0.420,0.382,0.371,
9.8116e-05,-2.19174,10.07918,0.7990424037,2.4183890820,0.742,1.689,3.9278,3.282,4,0.000,0.533,0.00,0.00,0.00,0.00,0.00,-1,-1e-30,0.00,7.562e-01,2.437e-01,1.688e-05,4.684e-06,4.222e-05,-1.000,9.999e-05,0.547,0.723,0.639,0.590,0.545,0.491,0.406,0.365,0.354,
9.8116e-05,-2.19174,10.07918,0.7990903258,2.4184060097,0.742,1.691,3.9254,3.271,4,0.000,0.533,0.00,0.00,0.00,0.00,0.00,-1,-1e-30,0.00,7.562e-01,2.437e-01,1.688e-05,4.684e-06,4.222e-05,-1.000,9.993e-05,0.543,0.720,0.634,0.581,0.533,0.476,0.387,0.344,0.332,
9.8116e-05,-2.19174,10.07918,0.7991401553,2.4184234142,0.742,1.693,3.9225,3.257,4,0.000,0.533,0.00,0.00,0.00,0.00,0.00,-1,-1e-30,0.00,7.562e-01,2.437e-01,1.688e-05,4.684e-06,4.222e-05,-1.000,1.000e-04,0.538,0.717,0.627,0.570,0.518,0.457,0.363,0.317,0.305,
9.8116e-05,-2.19174,10.07918,0.7991866469,2.4184398651,0.742,1.695,3.9192,3.242,4,0.000,0.533,0.00,0.00,0.00,0.00,0.00,-1,-1e-30,0.00,7.562e-01,2.437e-01,1.688e-05,4.684e-06,4.222e-05,-1.000,9.999e-05,0.532,0.714,0.621,0.558,0.502,0.437,0.337,0.288,0.275,
9.8116e-05,-2.19174,10.07918,0.7992335558,2.4184563160,0.742,1.698,3.9154,3.224,4,0.000,0.533,0.00,0.00,0.00,0.00,0.00,-1,-1e-30,0.00,7.562e-01,2.437e-01,1.688e-05,4.684e-06,4.222e-05,-1.000,1.000e-04,0.526,0.710,0.615,0.545,0.485,0.414,0.307,0.253,0.240,
9.8116e-05,-2.19174,10.07918,0.7992829084,2.4184734821,0.742,1.701,3.9109,3.203,4,0.000,0.533,0.00,0.00,0.00,0.00,0.00,-1,-1e-30,0.00,7.562e-01,2.437e-01,1.688e-05,4.684e-06,4.222e-05,-1.000,1.000e-04,0.518,0.706,0.609,0.530,0.463,0.386,0.271,0.212,0.198,
9.8116e-05,-2.19174,10.07918,0.7993294597,2.4184899330,0.742,1.704,3.9062,3.181,4,0.000,0.533,0.00,0.00,0.00,0.00,0.00,-1,-1e-30,0.00,7.562e-01,2.437e-01,1.688e-05,4.684e-06,4.222e-05,-1.000,9.999e-05,0.509,0.702,0.604,0.516,0.442,0.357,0.234,0.169,0.154,
9.8116e-05,-2.19174,10.07918,0.7993761897,2.4185061455,0.742,1.708,3.9008,3.155,4,0.000,0.533,0.00,0.00,0.00,0.00,0.00,-1,-1e-30,0.00,7.562e-01,2.437e-01,1.688e-05,4.684e-06,4.222e-05,-1.000,9.999e-05,0.500,0.698,0.600,0.500,0.418,0.325,0.192,0.120,0.104,
9.8116e-05,-2.19174,10.07918,0.7994244099,2.4185230732,0.742,1.712,3.8947,3.127,4,0.000,0.533,0.00,0.00,0.00,0.00,0.00,-1,-1e-30,0.00,7.562e-01,2.437e-01,1.688e-05,4.684e-06,4.222e-05,-1.000,1.000e-04,0.489,0.694,0.600,0.485,0.392,0.290,0.145,0.064,0.048,
9.8116e-05,-2.19174,10.07918,0.7994737625,2.4185404778,0.742,1.717,3.8879,3.095,4,0.000,0.533,0.00,0.00,0.00,0.00,0.00,-1,-1e-30,0.00,7.562e-01,2.437e-01,1.688e-05,4.684e-06,4.222e-05,-1.000,9.999e-05,0.478,0.691,0.602,0.469,0.365,0.251,0.093,0.001,-0.015,
9.8116e-05,-2.19174,10.07918,0.7995197773,2.4185564518,0.742,1.722,3.8810,3.063,4,0.000,0.533,0.00,0.00,0.00,0.00,0.00,-1,-1e-30,0.00,7.562e-01,2.437e-01,1.688e-05,4.684e-06,4.222e-05,-1.000,1.000e-04,0.466,0.688,0.609,0.456,0.339,0.213,0.041,-0.062,-0.080,
9.8116e-05,-2.19174,10.07918,0.7995241284,2.4185581207,0.742,1.722,3.8803,3.059,4,0.000,0.533,0.00,0.00,0.00,0.00,0.00,-1,-1e-30,0.00,7.562e-01,2.437e-01,1.688e-05,4.684e-06,4.222e-05,-1.000,9.997e-05,0.464,0.688,0.609,0.455,0.336,0.209,0.036,-0.068,-0.086,
9.8116e-05,-2.19174,10.07918,0.7995318174,2.4185607433,0.742,1.723,3.8792,3.054,4,0.000,0.533,0.00,0.00,0.00,0.00,0.00,-1,-1e-30,0.00,7.562e-01,2.437e-01,1.688e-05,4.684e-06,4.222e-05,-1.000,9.993e-05,0.462,0.687,0.611,0.453,0.332,0.203,0.027,-0.079,-0.096,
9.8116e-05,-2.19174,10.07918,0.7995771170,2.4185764790,0.742,1.728,3.8726,3.023,4,0.000,0.533,0.00,0.00,0.00,0.00,0.00,-1,-1e-30,0.00,7.562e-01,2.437e-01,1.688e-05,4.684e-06,4.222e-05,-1.000,9.993e-05,0.451,0.685,0.619,0.443,0.309,0.168,-0.022,-0.139,-0.158,
9.8116e-05,-2.19174,10.07918,0.7996212840,2.4185919762,0.742,1.733,3.8655,2.990,4,0.000,0.533,0.00,0.00,0.00,0.00,0.00,-1,-1e-30,0.00,7.562e-01,2.437e-01,1.688e-05,4.684e-06,4.222e-05,-1.000,9.999e-05,0.438,0.683,0.628,0.434,0.286,0.131,-0.073,-0.204,-0.223,
9.8116e-05,-2.19174,10.07918,0.7996684909,2.4186086655,0.742,1.738,3.8575,2.952,4,0.000,0.533,0.00,0.00,0.00,0.00,0.00,-1,-1e-30,0.00,7.562e-01,2.437e-01,1.688e-05,4.684e-06,4.222e-05,-1.000,9.999e-05,0.424,0.680,0.640,0.426,0.262,0.092,-0.131,-0.278,-0.298,
9.8116e-05,-2.19174,10.07918,0.7997134328,2.4186244011,0.742,1.744,3.8492,2.913,4,0.000,0.533,0.00,0.00,0.00,0.00,0.00,-1,-1e-30,0.00,7.562e-01,2.437e-01,1.688e-05,4.684e-06,4.222e-05,-1.000,9.999e-05,0.410,0.678,0.654,0.419,0.238,0.052,-0.189,-0.353,-0.374,
9.8116e-05,-2.19174,10.07918,0.7997564673,2.4186394215,0.742,1.750,3.8408,2.874,4,0.000,0.533,0.00,0.00,0.00,0.00,0.00,-1,-1e-30,0.00,7.562e-01,2.437e-01,1.688e-05,4.684e-06,4.222e-05,-1.000,9.999e-05,0.395,0.678,0.669,0.413,0.216,0.013,-0.247,-0.429,-0.451,
9.8116e-05,-2.19174,10.07918,0.7998009324,2.4186549187,0.742,1.756,3.8323,2.834,4,0.000,0.533,0.00,0.00,0.00,0.00,0.00,-1,-1e-30,0.00,7.562e-01,2.437e-01,1.688e-05,4.684e-06,4.222e-05,-1.000,9.991e-05,0.380,0.678,0.685,0.407,0.193,-0.026,-0.306,-0.506,-0.529,
9.8116e-05,-2.19174,10.07918,0.7998445630,2.4186701775,0.742,1.762,3.8239,2.794,4,0.000,0.533,0.00,0.00,0.00,0.00,0.00,-1,-1e-30,0.00,7.562e-01,2.437e-01,1.688e-05,4.684e-06,4.222e-05,-1.000,9.993e-05,0.364,0.679,0.702,0.402,0.171,-0.063,-0.364,-0.583,-0.607,
9.8116e-05,-2.19174,10.07918,0.7998886108,2.4186856747,0.743,1.769,3.8158,2.755,4,0.000,0.533,0.00,0.00,0.00,0.00,0.00,-1,-1e-30,0.00,7.562e-01,2.437e-01,1.688e-05,4.684e-06,4.222e-05,-1.000,9.999e-05,0.348,0.682,0.718,0.397,0.150,-0.100,-0.420,-0.657,-0.683,
9.8116e-05,-2.19174,10.07918,0.7999327779,2.4187009335,0.743,1.775,3.8083,2.719,4,0.000,0.533,0.00,0.00,0.00,0.00,0.00,-1,-1e-30,0.00,7.562e-01,2.437e-01,1.688e-05,4.684e-06,4.222e-05,-1.000,1.000e-04,0.331,0.684,0.735,0.392,0.129,-0.134,-0.473,-0.727,-0.755,
9.8116e-05,-2.19174,10.07918,0.7999771833,2.4187166691,0.743,1.784,3.7999,2.677,4,0.000,0.533,0.00,0.00,0.00,0.00,0.00,-1,-1e-30,0.00,7.562e-01,2.437e-01,1.688e-05,4.684e-06,4.222e-05,-1.000,9.999e-05,0.311,0.686,0.753,0.385,0.105,-0.174,-0.534,-0.808,-0.839,
9.8116e-05,-2.19174,10.07918,0.7999860048,2.4187197685,0.743,1.786,3.7981,2.668,4,0.000,0.533,0.00,0.00,0.00,0.00,0.00,-1,-1e-30,0.00,7.562e-01,2.437e-01,1.688e-05,4.684e-06,4.222e-05,-1.000,9.991e-05,0.306,0.687,0.757,0.384,0.100,-0.183,-0.546,-0.825,-0.856,
9.8116e-05,-2.19174,10.07918,0.8000316024,2.4187355042,0.743,1.796,3.7900,2.625,4,0.000,0.533,0.00,0.00,0.00,0.00,0.00,-1,-1e-30,0.00,7.562e-01,2.437e-01,1.688e-05,4.684e-06,4.222e-05,-1.000,9.999e-05,0.281,0.688,0.771,0.373,0.073,-0.225,-0.610,-0.907,-0.941,
9.8116e-05,-2.19174,10.07918,0.8000764847,2.4187512398,0.743,1.810,3.7799,2.570,4,0.000,0.533,0.00,0.00,0.00,0.00,0.00,-1,-1e-30,0.00,7.562e-01,2.437e-01,1.688e-05,4.684e-06,4.222e-05,-1.000,9.999e-05,0.244,0.685,0.783,0.355,0.034,-0.283,-0.693,-1.013,-1.052,
9.8116e-05,-2.19174,10.07918,0.8001142740,2.4187645912,0.743,1.836,3.7669,2.492,4,0.000,0.533,0.00,0.00,0.00,0.00,0.00,-1,-1e-30,0.00,7.562e-01,2.437e-01,1.688e-05,4.684e-06,4.222e-05,-1.000,9.991e-05,0.179,0.679,0.784,0.315,-0.032,-0.372,-0.817,-1.169,-1.212,
9.8116e-05,-2.19174,10.07918,0.8001347780,2.4187717438,0.743,1.867,3.7553,2.415,4,0.000,0.533,0.00,0.00,0.00,0.00,0.00,-1,-1e-30,0.00,7.562e-01,2.437e-01,1.688e-05,4.684e-06,4.222e-05,-1.000,9.999e-05,0.101,0.659,0.767,0.260,-0.110,-0.471,-0.946,-1.325,-1.374,
9.8116e-05,-2.19174,10.07918,0.8001439571,2.4187748432,0.743,1.899,3.7461,2.346,4,0.000,0.533,0.00,0.00,0.00,0.00,0.00,-1,-1e-30,0.00,7.562e-01,2.437e-01,1.688e-05,4.684e-06,4.222e-05,-1.000,9.991e-05,0.023,0.632,0.737,0.200,-0.188,-0.566,-1.064,-1.463,-1.518,
9.8116e-05,-2.19174,10.07918,0.8001481295,2.4187762737,0.743,1.932,3.7383,2.282,4,0.000,0.533,0.00,0.00,0.00,0.00,0.00,-1,-1e-30,0.00,7.562e-01,2.437e-01,1.688e-05,4.684e-06,4.222e-05,-1.000,9.991e-05,-0.061,0.600,0.696,0.133,-0.270,-0.662,-1.180,-1.596,-1.656,
9.8116e-05,-2.19174,10.07918,0.8001500964,2.4187769890,0.743,1.963,3.7325,2.228,4,0.000,0.533,0.00,0.00,0.00,0.00,0.00,-1,-1e-30,0.00,7.562e-01,2.437e-01,1.688e-05,4.684e-06,4.222e-05,-1.000,1.000e-04,-0.139,0.569,0.652,0.067,-0.348,-0.750,-1.283,-1.712,-1.775,
9.8116e-05,-2.19174,10.07918,0.8001508713,2.4187772274,0.743,1.984,3.7294,2.195,7,0.000,0.533,0.00,0.00,0.00,0.00,0.00,-1,-1e-30,0.00,7.562e-01,2.437e-01,1.688e-05,4.684e-06,4.222e-05,-1.000,9.997e-05,-0.189,0.544,0.620,0.023,-0.398,-0.806,-1.348,-1.783,-1.848,
9.8116e-05,-2.19174,10.07918,0.8001511097,2.4187774658,0.743,1.993,3.7283,2.181,7,0.000,0.533,0.00,0.00,0.00,0.00,0.00,-1,-1e-30,0.00,7.562e-01,2.437e-01,1.688e-05,4.684e-06,4.222e-05,-1.000,9.999e-05,-0.212,0.532,0.604,0.003,-0.421,-0.830,-1.375,-1.813,-1.879,
9.8116e-05,-2.19174,10.07918,0.8001520038,2.4187777042,0.743,2.032,3.7241,2.125,7,0.000,0.533,0.00,0.00,0.00,0.00,0.00,-1,-1e-30,0.00,7.562e-01,2.437e-01,1.688e-05,4.684e-06,4.222e-05,-1.000,9.999e-05,-0.311,0.472,0.531,-0.087,-0.519,-0.936,-1.492,-1.939,-2.007,
9.8116e-05,-2.19174,10.07918,0.8001528382,2.4187779427,0.743,2.072,3.7205,2.070,7,0.000,0.533,0.00,0.00,0.00,0.00,0.00,-1,-1e-30,0.00,7.562e-01,2.437e-01,1.688e-05,4.684e-06,4.222e-05,-1.000,9.993e-05,-0.411,0.406,0.453,-0.178,-0.618,-1.041,-1.607,-2.063,-2.133,
9.8116e-05,-2.19174,10.07918,0.8001536727,2.4187781811,0.743,2.112,3.7172,2.017,7,0.000,0.533,0.00,0.00,0.00,0.00,0.00,-1,-1e-30,0.00,7.562e-01,2.437e-01,1.688e-05,4.684e-06,4.222e-05,-1.000,9.999e-05,-0.511,0.341,0.375,-0.270,-0.717,-1.146,-1.721,-2.184,-2.256,
9.8116e-05,-2.19174,10.07918,0.8001545072,2.4187786579,0.743,2.150,3.7145,1.969,7,0.000,0.533,0.00,0.00,0.00,0.00,0.00,-1,-1e-30,0.00,7.562e-01,2.437e-01,1.688e-05,4.684e-06,4.222e-05,-1.000,9.999e-05,-0.604,0.280,0.301,-0.356,-0.809,-1.243,-1.826,-2.295,-2.369,
9.8116e-05,-2.19174,10.07918,0.8001558781,2.4187791348,0.743,2.173,3.7130,1.940,7,0.000,0.533,0.00,0.00,0.00,0.00,0.00,-1,-1e-30,0.00,7.562e-01,2.437e-01,1.688e-05,4.684e-06,4.222e-05,-1.000,9.999e-05,-0.662,0.240,0.253,-0.411,-0.866,-1.303,-1.890,-2.362,-2.437,
9.8116e-05,-2.19174,10.07918,0.8001583815,2.4187798500,0.743,2.153,3.7146,1.966,7,0.000,0.533,0.00,0.00,0.00,0.00,0.00,-1,-1e-30,0.00,7.562e-01,2.437e-01,1.688e-05,4.684e-06,4.222e-05,-1.000,1.000e-04,-0.613,0.271,0.291,-0.365,-0.817,-1.251,-1.834,-2.303,-2.376,
9.8116e-05,-2.19174,10.07918,0.8001742363,2.4187855721,0.743,2.143,3.7149,1.977,7,0.000,0.533,0.00,0.00,0.00,0.00,0.00,-1,-1e-30,0.00,7.562e-01,2.437e-01,1.688e-05,4.684e-06,4.222e-05,-1.000,9.993e-05,-0.587,0.292,0.315,-0.340,-0.792,-1.226,-1.808,-2.276,-2.349,
9.8116e-05,-2.19174,10.07918,0.8001891375,2.4187905788,0.743,2.174,3.7124,1.936,7,0.000,0.533,0.00,0.00,0.00,0.00,0.00,-1,-1e-30,0.00,7.562e-01,2.437e-01,1.688e-05,4.684e-06,4.222e-05,-1.000,9.999e-05,-0.666,0.244,0.254,-0.412,-0.870,-1.308,-1.897,-2.370,-2.445,
9.8116e-05,-2.19174,10.07918,0.8002072573,2.4187970161,0.743,2.222,3.7091,1.876,7,0.000,0.533,0.00,0.00,0.00,0.00,0.00,-1,-1e-30,0.00,7.562e-01,2.437e-01,1.688e-05,4.684e-06,4.222e-05,-1.000,9.999e-05,-0.784,0.166,0.160,-0.522,-0.987,-1.431,-2.029,-2.509,-2.587,
9.8116e-05,-2.19174,10.07918,0.8002246022,2.4188029766,0.743,2.263,3.7064,1.823,7,0.000,0.533,0.00,0.00,0.00,0.00,0.00,-1,-1e-30,0.00,7.562e-01,2.437e-01,1.688e-05,4.684e-06,4.222e-05,-1.000,9.999e-05,-0.888,0.099,0.076,-0.619,-1.090,-1.539,-2.145,-2.631,-2.710,
9.8116e-05,-2.19174,10.07918,0.8002405167,2.4188086987,0.743,2.305,3.7039,1.772,7,0.000,0.533,0.00,0.00,0.00,0.00,0.00,-1,-1e-30,0.00,7.562e-01,2.437e-01,1.688e-05,4.684e-06,4.222e-05,-1.000,9.999e-05,-0.991,0.030,-0.008,-0.715,-1.192,-1.646,-2.259,-2.751,-2.831,
9.8116e-05,-2.19174,10.07918,0.8002548218,2.4188137054,0.743,2.346,3.7015,1.721,7,0.000,0.533,0.00,0.00,0.00,0.00,0.00,-1,-1e-30,0.00,7.562e-01,2.437e-01,1.688e-05,4.685e-06,4.222e-05,-1.000,9.999e-05,-1.094,-0.039,-0.091,-0.811,-1.294,-1.752,-2.372,-2.869,-2.951,
9.8116e-05,-2.19174,10.07918,0.8002675772,2.4188179970,0.743,2.387,3.6992,1.670,7,0.000,0.533,0.00,0.00,0.00,0.00,0.00,-1,-1e-30,0.00,7.562e-01,2.437e-01,1.687e-05,4.687e-06,4.222e-05,-1.000,9.999e-05,-1.198,-0.108,-0.176,-0.907,-1.395,-1.859,-2.486,-2.988,-3.071,
9.8116e-05,-2.19174,10.07918,0.8002787828,2.4188220501,0.743,2.428,3.6969,1.620,7,0.000,0.531,0.00,0.00,0.00,0.00,0.00,-1,-1e-30,0.00,7.562e-01,2.437e-01,1.681e-05,4.709e-06,4.222e-05,-1.000,9.558e-05,-1.301,-0.175,-0.259,-1.002,-1.496,-1.964,-2.598,-3.106,-3.190,
9.8116e-05,-2.19174,10.07918,0.8002886176,2.4188253880,0.743,2.469,3.6946,1.570,7,0.000,0.524,0.00,0.00,0.00,0.00,0.00,-1,-1e-30,0.00,7.561e-01,2.438e-01,1.661e-05,4.858e-06,4.222e-05,-1.000,9.356e-05,-1.403,-0.242,-0.341,-1.097,-1.597,-2.069,-2.709,-3.223,-3.308,
9.8116e-05,-2.19174,10.07918,0.8002975583,2.4188284874,0.743,2.510,3.6924,1.520,7,0.000,0.510,6.26,5.05,3.60,2.78,2.25,3,-1e-30,0.00,7.560e-01,2.439e-01,1.616e-05,5.335e-06,4.223e-05,-1.000,9.882e-05,-1.506,-0.309,-0.424,-1.192,-1.697,-2.174,-2.821,-3.340,-3.427,
9.8116e-05,-2.19174,10.07918,0.8003056645,2.4188313484,0.743,2.551,3.6902,1.471,7,0.000,0.493,6.96,5.53,3.92,3.03,2.45,3,-1e-30,0.00,7.559e-01,2.440e-01,1.562e-05,5.991e-06,4.224e-05,-1.000,1.000e-04,-1.607,-0.375,-0.506,-1.286,-1.797,-2.278,-2.932,-3.456,-3.544,
9.8116e-05,-2.19174,10.07918,0.8003131747,2.4188339710,0.743,2.591,3.6880,1.421,7,0.000,0.477,7.73,6.04,4.26,3.31,2.68,3,-1e-30,0.00,7.557e-01,2.442e-01,1.512e-05,6.603e-06,4.225e-05,-1.000,1.000e-04,-1.709,-0.436,-0.585,-1.379,-1.896,-2.382,-3.042,-3.572,-3.661,
9.8116e-05,-2.19174,10.07918,0.8003200889,2.4188363552,0.743,2.632,3.6858,1.372,7,0.000,0.463,8.58,6.60,4.64,3.61,2.92,3,-1e-30,0.00,7.555e-01,2.444e-01,1.468e-05,7.141e-06,4.227e-05,-1.000,1.000e-04,-1.810,-0.496,-0.663,-1.471,-1.994,-2.485,-3.153,-3.688,-3.778,
9.8116e-05,-2.19174,10.07918,0.8003266454,2.4188387394,0.743,2.672,3.6836,1.323,7,0.000,0.452,9.53,7.22,5.05,3.93,3.18,3,-1e-30,0.00,7.553e-01,2.446e-01,1.432e-05,7.595e-06,4.228e-05,-1.000,9.999e-05,-1.911,-0.527,-0.732,-1.564,-2.095,-2.591,-3.265,-3.805,-3.895,
9.8116e-05,-2.19174,10.07918,0.8003329039,2.4188408852,0.743,2.713,3.6814,1.274,7,0.000,0.442,10.57,7.89,5.50,4.29,3.47,3,-1e-30,0.00,7.550e-01,2.449e-01,1.400e-05,7.990e-06,4.227e-05,-1.000,1.000e-04,-2.012,-0.553,-0.799,-1.655,-2.195,-2.696,-3.377,-3.922,-4.012,
9.8116e-05,-2.19174,10.07918,0.8003389239,2.4188430309,0.743,2.753,3.6792,1.225,7,0.000,0.433,11.74,8.62,5.99,4.67,3.78,2,-1e-30,0.00,7.548e-01,2.451e-01,1.372e-05,8.332e-06,4.227e-05,-1.000,9.993e-05,-2.113,-0.572,-0.862,-1.746,-2.295,-2.802,-3.490,-4.040,-4.130,
9.8116e-05,-2.19174,10.07918,0.8003445864,2.4188449383,0.743,2.794,3.6770,1.174,7,0.000,0.425,13.07,9.44,6.53,5.10,4.13,2,-1e-30,0.00,7.545e-01,2.454e-01,1.348e-05,8.638e-06,4.224e-05,-1.000,1.000e-04,-2.216,-0.581,-0.921,-1.837,-2.396,-2.909,-3.604,-4.160,-4.249,
9.8116e-05,-2.19174,10.07918,0.8003495336,2.4188468456,0.743,2.836,3.6747,1.124,7,0.000,0.419,14.55,10.35,7.13,5.58,4.51,2,-1e-30,0.00,7.542e-01,2.457e-01,1.327e-05,8.909e-06,4.219e-05,-1.000,1.000e-04,-2.320,-0.583,-0.978,-1.927,-2.498,-3.017,-3.720,-4.281,-4.371,
9.8116e-05,-2.19174,10.07918,0.8003537655,2.4188482761,0.743,2.877,3.6724,1.073,7,0.000,0.414,16.20,11.33,7.78,6.09,4.93,2,-1e-30,0.00,7.539e-01,2.460e-01,1.309e-05,9.154e-06,4.211e-05,-1.000,9.993e-05,-2.422,-0.577,-1.029,-2.015,-2.599,-3.125,-3.835,-4.402,-4.491,
9.8116e-05,-2.19174,10.07918,0.8003572822,2.4188494682,0.743,2.918,3.6700,1.023,7,0.000,0.411,18.02,12.41,8.48,6.65,5.39,2,-1e-30,0.00,7.537e-01,2.462e-01,1.293e-05,9.400e-06,4.199e-05,-1.000,1.000e-04,-2.525,-0.562,-1.076,-2.101,-2.698,-3.232,-3.950,-4.523,-4.611,
9.8116e-05,-2.19174,10.07918,0.8003605008,2.4188506603,0.743,2.958,3.6677,0.974,7,0.000,0.408,20.01,13.56,9.23,7.25,5.87,2,-1e-30,0.00,7.534e-01,2.465e-01,1.280e-05,9.648e-06,4.184e-05,-1.000,9.063e-05,-2.624,-0.532,-1.115,-2.182,-2.794,-3.336,-4.062,-4.640,-4.728,
9.8116e-05,-2.19174,10.07918,0.8003638387,2.4188516140,0.743,2.998,3.6654,0.924,7,0.000,0.406,22.24,14.83,10.06,7.91,6.41,1,-1e-30,0.00,7.532e-01,2.467e-01,1.270e-05,9.883e-06,4.169e-05,-1.000,9.996e-05,-2.725,-0.488,-1.145,-2.261,-2.890,-3.441,-4.176,-4.760,-4.847,
9.8116e-05,-2.19174,10.07918,0.8003668189,2.4188528061,0.743,3.043,3.6628,0.869,7,0.000,0.405,25.02,16.39,11.06,8.71,7.06,1,-1e-30,0.00,7.529e-01,2.470e-01,1.262e-05,1.012e-05,4.153e-05,-1.000,1.001e-04,-2.837,-0.427,-1.172,-2.345,-2.995,-3.558,-4.303,-4.893,-4.979,
9.8116e-05,-2.19174,10.07918,0.8003681898,2.4188532829,0.743,3.069,3.6612,0.837,7,0.000,0.404,26.78,17.37,11.69,9.22,7.47,1,-1e-30,0.00,7.527e-01,2.472e-01,1.255e-05,1.034e-05,4.137e-05,-1.000,9.996e-05,-2.902,-0.383,-1.183,-2.392,-3.056,-3.625,-4.376,-4.970,-5.056,
9.8116e-05,-2.19174,10.07918,0.8003686070,2.4188532829,0.743,3.046,3.6626,0.866,7,0.000,0.404,25.21,16.50,11.13,8.77,7.11,1,-1e-30,0.00,7.526e-01,2.473e-01,1.251e-05,1.047e-05,4.127e-05,-1.000,9.999e-05,-2.845,-0.425,-1.175,-2.351,-3.003,-3.566,-4.311,-4.901,-4.988,
9.8116e-05,-2.19174,10.07918,0.8003687263,2.4188535213,0.743,3.042,3.6628,0.870,7,0.000,0.404,24.98,16.37,11.05,8.70,7.05,1,-1e-30,0.00,7.526e-01,2.473e-01,1.251e-05,1.047e-05,4.127e-05,-1.000,9.996e-05,-2.836,-0.430,-1.173,-2.345,-2.995,-3.557,-4.301,-4.891,-4.977,
9.8116e-05,-2.19174,10.07918,0.8003687859,2.4188535213,0.743,3.042,3.6628,0.871,7,0.000,0.404,24.94,16.35,11.04,8.69,7.04,1,-1e-30,0.00,7.526e-01,2.473e-01,1.251e-05,1.048e-05,4.127e-05,-1.000,1.000e-04,-2.834,-0.430,-1.172,-2.343,-2.993,-3.555,-4.299,-4.889,-4.976,
9.8116e-05,-2.19174,10.07918,0.8003689051,2.4188535213,0.743,3.058,3.6619,0.850,7,0.000,0.404,26.03,16.96,11.43,9.00,7.30,1,-1e-30,0.00,7.526e-01,2.473e-01,1.251e-05,1.048e-05,4.126e-05,-1.000,1.000e-04,-2.875,-0.403,-1.179,-2.373,-3.031,-3.598,-4.346,-4.938,-5.024,
9.8116e-05,-2.19174,10.07918,0.8003689647,2.4188535213,0.743,3.070,3.6611,0.835,7,0.000,0.404,26.88,17.42,11.73,9.24,7.50,1,-1e-30,0.00,7.526e-01,2.473e-01,1.251e-05,1.048e-05,4.126e-05,-1.000,1.000e-04,-2.905,-0.381,-1.184,-2.395,-3.059,-3.629,-4.380,-4.974,-5.060,
9.8116e-05,-2.19174,10.07918,0.8003691435,2.4188535213,0.743,3.094,3.6596,0.806,7,0.000,0.404,28.64,18.39,12.35,9.74,7.90,1,-1e-30,0.00,7.526e-01,2.473e-01,1.250e-05,1.050e-05,4.125e-05,-1.000,9.996e-05,-2.965,-0.333,-1.189,-2.436,-3.114,-3.691,-4.449,-5.046,-5.132,
9.8116e-05,-2.19174,10.07918,0.8003693223,2.4188537598,0.743,3.134,3.6571,0.755,7,0.000,0.403,31.88,20.14,13.47,10.64,8.63,1,-1e-30,0.00,7.522e-01,2.477e-01,1.239e-05,1.090e-05,4.096e-05,-1.000,1.000e-04,-3.065,-0.272,-1.207,-2.507,-3.205,-3.794,-4.562,-5.166,-5.251,
9.8116e-05,-2.19174,10.07918,0.8003696799,2.4188537598,0.743,3.187,3.6536,0.688,7,0.000,0.403,36.78,22.74,15.13,11.97,9.71,1,-1e-30,0.00,7.517e-01,2.482e-01,1.228e-05,1.134e-05,4.062e-05,-1.000,9.999e-05,-3.199,-0.246,-1.251,-2.603,-3.324,-3.927,-4.710,-5.323,-5.409,
9.8116e-05,-2.19174,10.07918,0.8003702164,2.4188539982,0.743,3.238,3.6503,0.624,7,0.523,0.403,42.11,25.51,16.88,13.38,10.86,1,-1e-30,0.00,7.513e-01,2.486e-01,1.217e-05,1.176e-05,4.029e-05,-1.000,1.000e-04,-3.325,-0.215,-1.289,-2.692,-3.436,-4.052,-4.850,-5.472,-5.559,
9.8116e-05,-2.19174,10.07918,0.8003705144,2.4188539982,0.743,3.249,3.6477,0.603,8,0.521,0.416,44.07,26.52,17.52,13.89,11.27,1,-4.47e-07,0.00,7.511e-01,2.487e-01,1.270e-05,1.188e-05,4.069e-05,-1.000,1.417e-04,-3.352,-0.142,-1.258,-2.692,-3.450,-4.076,-4.885,-5.516,-5.604,
9.8116e-05,-2.19174,10.07918,0.8003705740,2.4188539982,0.741,3.033,3.6611,0.871,8,0.521,0.416,24.91,16.33,11.02,8.68,7.04,1,-1.89e-07,0.00,7.511e-01,2.487e-01,1.270e-05,1.188e-05,4.069e-05,-1.000,1.417e-04,-2.813,-0.313,-1.103,-2.306,-2.967,-3.536,-4.287,-4.882,-4.968,
9.8116e-05,-2.19174,10.07918,0.8003706932,2.4188542366,0.739,2.877,3.6705,1.063,8,0.521,0.416,16.52,11.52,7.90,6.19,5.01,2,-1.07e-07,0.00,7.511e-01,2.487e-01,1.270e-05,1.188e-05,4.069e-05,-1.000,1.417e-04,-2.422,-0.495,-0.989,-2.003,-2.596,-3.128,-3.844,-4.416,-4.504,
9.8116e-05,-2.19174,10.07918,0.8003709316,2.4188542366,0.733,2.654,3.6839,1.336,8,0.521,0.416,9.22,7.02,4.92,3.83,3.10,3,-5.14e-08,0.00,7.511e-01,2.487e-01,1.270e-05,1.188e-05,4.069e-05,-1.000,1.417e-04,-1.866,-0.492,-0.691,-1.519,-2.049,-2.545,-3.218,-3.757,-3.848,
9.8116e-05,-2.19174,10.07918,0.8003711700,2.4188542366,0.726,2.657,3.6835,1.328,8,0.522,0.416,9.36,7.11,4.98,3.88,3.14,3,-5.24e-08,0.00,7.511e-01,2.487e-01,1.270e-05,1.188e-05,4.069e-05,-1.000,1.418e-04,-1.873,-0.486,-0.692,-1.525,-2.056,-2.552,-3.227,-3.767,-3.857,
9.8116e-05,-2.19174,10.07918,0.8003715873,2.4188544750,0.716,2.725,3.6791,1.236,8,0.522,0.416,11.34,8.37,5.82,4.54,3.67,2,-6.61e-08,0.00,7.511e-01,2.487e-01,1.270e-05,1.188e-05,4.069e-05,-1.000,1.418e-04,-2.044,-0.500,-0.791,-1.676,-2.226,-2.733,-3.421,-3.971,-4.061,
9.8116e-05,-2.19174,10.07918,0.8003720045,2.4188544750,0.705,2.909,3.6676,1.000,8,0.522,0.416,18.68,12.76,8.70,6.84,5.54,2,-1.26e-07,0.00,7.511e-01,2.487e-01,1.270e-05,1.188e-05,4.069e-05,-1.000,1.417e-04,-2.502,-0.420,-0.996,-2.060,-2.671,-3.212,-3.939,-4.518,-4.606,
9.8116e-05,-2.19174,10.07918,0.8003725410,2.4188547134,0.692,3.077,3.6570,0.781,8,0.522,0.416,29.68,18.87,12.64,10.00,8.10,1,-2.44e-07,0.00,7.511e-01,2.487e-01,1.270e-05,1.188e-05,4.069e-05,-1.000,1.417e-04,-2.923,-0.150,-1.074,-2.367,-3.063,-3.651,-4.419,-5.024,-5.109,
9.8116e-05,-2.19174,10.07918,0.8003731370,2.4188549519,0.678,3.188,3.6499,0.632,8,0.523,0.416,40.62,24.57,16.25,12.92,10.47,1,-3.95e-07,0.00,7.511e-01,2.487e-01,1.270e-05,1.188e-05,4.069e-05,-1.000,1.417e-04,-3.201,-0.085,-1.161,-2.565,-3.310,-3.928,-4.727,-5.351,-5.438,
9.8116e-05,-2.19174,10.07918,0.8003737926,2.4188551903,0.662,3.247,3.6459,0.548,8,0.523,0.416,48.45,28.45,18.68,14.89,12.08,1,-5.25e-07,0.00,7.511e-01,2.487e-01,1.270e-05,1.188e-05,4.069e-05,-1.000,1.417e-04,-3.347,-0.033,-1.195,-2.662,-3.435,-4.070,-4.888,-5.524,-5.612,
9.8116e-05,-2.19174,10.07918,0.8003745675,2.4188554287,0.645,3.272,3.6439,0.503,8,0.524,0.416,53.05,30.63,20.04,16.00,12.98,1,-6.09e-07,0.00,7.511e-01,2.487e-01,1.270e-05,1.188e-05,4.069e-05,-1.000,1.417e-04,-3.410,0.010,-1.198,-2.698,-3.487,-4.132,-4.959,-5.601,-5.690,
9.8116e-05,-2.19174,10.07918,0.8003754020,2.4188556671,0.626,3.283,3.6427,0.475,8,0.524,0.416,56.07,31.99,20.87,16.70,13.54,1,-6.67e-07,0.00,7.511e-01,2.487e-01,1.270e-05,1.188e-05,4.069e-05,-1.000,1.417e-04,-3.437,0.047,-1.185,-2.707,-3.507,-4.158,-4.991,-5.636,-5.725,
9.8116e-05,-2.19174,10.07918,0.8003792763,2.4188570976,0.526,-9.999,4.0000,1.882,9,0.526,0.000,0.00,0.00,0.00,0.00,0.00,-1,-1e-30,0.00,7.511e-01,2.487e-01,1.270e-05,1.188e-05,4.069e-05,-1.000,1.417e-04,29.767,29.830,30.070,30.112,30.098,30.084,30.116,30.107,30.119,
