Zini,MH,logAge,Mini,int_IMF,Mass,logL,logTe,logg,label,McoreTP,C_O,period0,period1,period2,period3,period4,pmode,Mloss,tau1m,X,Y,Xc,Xn,Xo,Cexcess,Z,mbolmag,Gmag,G_BPbrmag,G_BPftmag,G_RPmag
0.0013794,-1.05000,10.08814,0.0900000036,1.0816895962,0.090,-3.231,3.4473,5.365,1,0.000,0.545,0.00,0.00,0.00,0.00,0.00,-1,-3.48e-17,0.00,7.453e-01,2.532e-01,2.632e-04,7.102e-05,6.441e-04,-1.000,1.464e-03,12.849,14.067,16.456,16.496,12.725
0.0013794,-1.05000,10.08814,0.0942664966,1.1213452816,0.094,-3.125,3.4624,5.339,1,0.000,0.545,0.00,0.00,0.00,0.00,0.00,-1,-4.68e-17,0.00,7.448e-01,2.537e-01,2.632e-04,7.102e-05,6.441e-04,-1.000,1.464e-03,12.582,13.689,15.783,15.825,12.395
0.0013794,-1.05000,10.08814,0.1000000089,1.1711064577,0.100,-2.989,3.4817,5.305,1,0.000,0.545,0.00,0.00,0.00,0.00,0.00,-1,-9.09e-17,0.00,7.441e-01,2.545e-01,2.632e-04,7.102e-05,6.441e-04,-1.000,1.464e-03,12.241,13.207,14.972,15.017,11.981
0.0013794,-1.05000,10.08814,0.1199999973,1.3193154335,0.120,-2.707,3.5149,5.235,1,0.000,0.545,0.00,0.00,0.00,0.00,0.00,-1,-1.72e-16,0.00,7.419e-01,2.566e-01,2.632e-04,7.102e-05,6.442e-04,-1.000,1.464e-03,11.536,12.267,13.597,13.645,11.164
0.0013794,-1.05000,10.08814,0.1400000006,1.4384527206,0.140,-2.522,3.5323,5.187,1,0.000,0.545,0.00,0.00,0.00,0.00,0.00,-1,-2.57e-16,0.00,7.402e-01,2.583e-01,2.632e-04,7.102e-05,6.442e-04,-1.000,1.464e-03,11.076,11.696,12.867,12.915,10.652
0.0013794,-1.05000,10.08814,0.1599999964,1.5372931957,0.160,-2.381,3.5433,5.149,1,0.000,0.545,0.00,0.00,0.00,0.00,0.00,-1,-3.48e-16,0.00,7.390e-01,2.596e-01,2.632e-04,7.102e-05,6.442e-04,-1.000,1.464e-03,10.723,11.279,12.369,12.417,10.269
0.0013794,-1.05000,10.08814,0.2000000179,1.6938792467,0.200,-2.160,3.5578,5.082,1,0.000,0.545,0.00,0.00,0.00,0.00,0.00,-1,-5.59e-16,0.00,7.375e-01,2.611e-01,2.632e-04,7.102e-05,6.442e-04,-1.000,1.464e-03,10.170,10.647,11.644,11.693,9.680
0.0013794,-1.05000,10.08814,0.2500000000,1.8403258324,0.250,-1.955,3.5693,5.020,1,0.000,0.545,0.00,0.00,0.00,0.00,0.00,-1,-2.19e-16,0.00,7.371e-01,2.614e-01,2.632e-04,7.102e-05,6.442e-04,-1.000,1.464e-03,9.657,10.078,11.011,11.059,9.142
0.0013794,-1.05000,10.08814,0.3000000715,1.9529141188,0.300,-1.797,3.5780,4.976,1,0.000,0.545,0.00,0.00,0.00,0.00,0.00,-1,-9.18e-19,0.00,7.373e-01,2.612e-01,2.632e-04,7.103e-05,6.442e-04,-1.000,1.464e-03,9.262,9.645,10.537,10.584,8.732
0.0013794,-1.05000,10.08814,0.3500000238,2.0434176922,0.350,-1.666,3.5852,4.941,1,0.000,0.545,0.00,0.00,0.00,0.00,0.00,-1,-1.04e-15,0.00,7.469e-01,2.517e-01,2.632e-04,7.102e-05,6.441e-04,-1.000,1.464e-03,8.936,9.289,10.148,10.195,8.394
0.0013794,-1.05000,10.08814,0.4000000358,2.1185026169,0.400,-1.514,3.5965,4.892,1,0.000,0.545,0.00,0.00,0.00,0.00,0.00,-1,-2.18e-15,0.00,7.475e-01,2.510e-01,2.632e-04,7.102e-05,6.441e-04,-1.000,1.464e-03,8.555,8.866,9.676,9.722,7.998
0.0013794,-1.05000,10.08814,0.4500000477,2.1822810173,0.450,-1.336,3.6137,4.833,1,0.000,0.545,0.00,0.00,0.00,0.00,0.00,-1,-3.31e-15,0.00,7.475e-01,2.510e-01,2.632e-04,7.102e-05,6.441e-04,-1.000,1.464e-03,8.109,8.361,9.103,9.149,7.534
0.0013794,-1.05000,10.08814,0.5000000000,2.2374541759,0.500,-1.132,3.6412,4.786,1,0.000,0.545,0.00,0.00,0.00,0.00,0.00,-1,-5.31e-15,0.00,7.475e-01,2.510e-01,2.632e-04,7.102e-05,6.441e-04,-1.000,1.464e-03,7.601,7.764,8.401,8.444,7.008
0.0013794,-1.05000,10.08814,0.5500000715,2.2836585045,0.550,-0.906,3.6739,4.732,1,0.000,0.544,0.00,0.00,0.00,0.00,0.00,-1,-9.05e-15,0.00,7.824e-01,2.163e-01,2.296e-04,6.198e-05,5.624e-04,-1.000,1.264e-03,7.036,7.097,7.617,7.656,6.429
0.0013794,-1.05000,10.08814,0.6000000238,2.3211214542,0.600,-0.698,3.7041,4.682,1,0.000,0.544,0.00,0.00,0.00,0.00,0.00,-1,-1.48e-14,0.00,7.907e-01,2.081e-01,2.224e-04,6.006e-05,5.452e-04,-1.000,1.252e-03,6.514,6.501,6.939,6.971,5.905
0.0013794,-1.05000,10.08814,0.6010552645,2.3218352795,0.601,-0.693,3.7048,4.681,1,0.000,0.544,0.00,0.00,0.00,0.00,0.00,-1,-1.5e-14,0.00,7.908e-01,2.079e-01,2.222e-04,6.001e-05,5.448e-04,-1.000,1.253e-03,6.503,6.488,6.925,6.957,5.893
0.0013794,-1.05000,10.08814,0.6168077588,2.3321571350,0.616,-0.626,3.7151,4.666,1,0.000,0.544,0.00,0.00,0.00,0.00,0.00,-1,-1.76e-14,0.00,7.937e-01,2.051e-01,2.196e-04,5.932e-05,5.385e-04,-1.000,1.242e-03,6.334,6.302,6.715,6.744,5.730
0.0013794,-1.05000,10.08814,0.6314778328,2.3412392139,0.631,-0.562,3.7246,4.651,1,0.000,0.543,0.00,0.00,0.00,0.00,0.00,-1,-1.59e-14,0.00,7.964e-01,2.023e-01,2.170e-04,5.864e-05,5.325e-04,-1.000,1.245e-03,6.176,6.132,6.523,6.551,5.579
0.0013794,-1.05000,10.08814,0.6457383633,2.3496143818,0.645,-0.501,3.7336,4.635,1,0.000,0.543,0.00,0.00,0.00,0.00,0.00,-1,-7.03e-15,0.00,7.992e-01,1.996e-01,2.145e-04,5.797e-05,5.264e-04,-1.000,1.174e-03,6.022,5.969,6.342,6.367,5.434
0.0013794,-1.05000,10.08814,0.6499999762,2.3520355225,0.650,-0.482,3.7363,4.630,1,0.000,0.543,0.00,0.00,0.00,0.00,0.00,-1,-2.48e-14,0.00,8.001e-01,1.988e-01,2.137e-04,5.776e-05,5.246e-04,-1.000,1.180e-03,5.976,5.920,6.288,6.313,5.390
0.0013794,-1.05000,10.08814,0.6529595852,2.3536953926,0.653,-0.470,3.7380,4.626,1,0.000,0.543,0.00,0.00,0.00,0.00,0.00,-1,-2.56e-14,0.00,8.008e-01,1.981e-01,2.131e-04,5.760e-05,5.231e-04,-1.000,1.174e-03,5.944,5.887,6.251,6.276,5.360
0.0013794,-1.05000,10.08814,0.6663508415,2.3609945774,0.666,-0.411,3.7455,4.607,1,0.000,0.543,0.00,0.00,0.00,0.00,0.00,-1,-2.96e-14,0.00,8.040e-01,1.948e-01,2.102e-04,5.684e-05,5.164e-04,-1.000,1.172e-03,5.798,5.736,6.085,6.108,5.224
0.0013794,-1.05000,10.08814,0.6787221432,2.3674445152,0.678,-0.356,3.7523,4.587,1,0.000,0.543,0.00,0.00,0.00,0.00,0.00,-1,-2.28e-14,0.00,8.072e-01,1.916e-01,2.075e-04,5.611e-05,5.098e-04,-1.000,1.165e-03,5.660,5.596,5.931,5.952,5.099
0.0013794,-1.05000,10.08814,0.6908414960,2.3735058308,0.691,-0.301,3.7587,4.565,1,0.000,0.542,0.00,0.00,0.00,0.00,0.00,-1,-1.73e-15,0.00,8.105e-01,1.884e-01,2.046e-04,5.536e-05,5.031e-04,-1.000,1.132e-03,5.523,5.457,5.778,5.799,4.974
0.0013794,-1.05000,10.08814,0.7000000477,2.3779268265,0.700,-0.259,3.7634,4.547,1,0.000,0.542,0.00,0.00,0.00,0.00,0.00,-1,-4.4e-14,0.00,8.130e-01,1.858e-01,2.024e-04,5.477e-05,4.979e-04,-1.000,1.151e-03,5.417,5.351,5.663,5.682,4.878
0.0013794,-1.05000,10.08814,0.7051436901,2.3803517818,0.705,-0.234,3.7659,4.536,1,0.000,0.541,0.00,0.00,0.00,0.00,0.00,-1,-4.7e-14,0.00,8.148e-01,1.841e-01,2.007e-04,5.436e-05,4.943e-04,-1.000,1.122e-03,5.356,5.290,5.597,5.616,4.823
0.0013794,-1.05000,10.08814,0.7137165070,2.3843045235,0.713,-0.193,3.7701,4.516,1,0.000,0.540,0.00,0.00,0.00,0.00,0.00,-1,-5.25e-14,0.00,8.178e-01,1.811e-01,1.976e-04,5.366e-05,4.881e-04,-1.000,1.071e-03,5.252,5.186,5.485,5.503,4.728
0.0013794,-1.05000,10.08814,0.7219550014,2.3880014420,0.722,-0.151,3.7739,4.495,1,0.000,0.538,0.00,0.00,0.00,0.00,0.00,-1,-5.88e-14,0.00,8.209e-01,1.780e-01,1.945e-04,5.296e-05,4.819e-04,-1.000,1.088e-03,5.149,5.084,5.376,5.393,4.634
0.0013794,-1.05000,10.08814,0.7328792810,2.3927564621,0.732,-0.095,3.7788,4.464,1,0.000,0.536,0.00,0.00,0.00,0.00,0.00,-1,-1.76e-15,0.00,8.252e-01,1.738e-01,1.904e-04,5.197e-05,4.733e-04,-1.000,1.072e-03,5.007,4.943,5.225,5.241,4.504
0.0013794,-1.05000,10.08814,0.7431432605,2.3970777988,0.743,-0.038,3.7831,4.431,1,0.000,0.534,0.00,0.00,0.00,0.00,0.00,-1,-7.45e-15,0.00,8.294e-01,1.695e-01,1.863e-04,5.099e-05,4.647e-04,-1.000,1.071e-03,4.866,4.804,5.077,5.092,4.373
0.0013794,-1.05000,10.08814,0.7500000000,2.3998889923,0.749,0.001,3.7858,4.407,1,0.000,0.533,0.00,0.00,0.00,0.00,0.00,-1,-9.07e-14,0.00,8.325e-01,1.665e-01,1.834e-04,5.031e-05,4.586e-04,-1.000,1.071e-03,4.768,4.706,4.974,4.989,4.282
0.0013794,-1.05000,10.08814,0.7572842836,2.4028115273,0.757,0.045,3.7883,4.377,1,0.000,0.533,0.00,0.00,0.00,0.00,0.00,-1,-1.03e-13,0.00,8.361e-01,1.628e-01,1.803e-04,4.948e-05,4.511e-04,-1.000,1.064e-03,4.657,4.596,4.860,4.874,4.178
0.0013794,-1.05000,10.08814,0.7675594687,2.4068255424,0.767,0.111,3.7915,4.330,1,0.000,0.532,0.00,0.00,0.00,0.00,0.00,-1,-1.26e-13,0.00,8.410e-01,1.580e-01,1.761e-04,4.834e-05,4.410e-04,-1.000,1.012e-03,4.492,4.432,4.689,4.703,4.021
0.0013794,-1.05000,10.08814,0.7771885991,2.4104769230,0.776,0.177,3.7939,4.278,1,0.000,0.532,0.00,0.00,0.00,0.00,0.00,-1,-1.54e-13,0.00,8.450e-01,1.540e-01,1.726e-04,4.740e-05,4.327e-04,-1.000,9.873e-04,4.327,4.267,4.520,4.534,3.862
0.0013794,-1.05000,10.08814,0.7856806517,2.4136116505,0.785,0.240,3.7953,4.226,1,0.000,0.531,0.00,0.00,0.00,0.00,0.00,-1,-1.89e-13,0.00,8.467e-01,1.523e-01,1.711e-04,4.702e-05,4.293e-04,-1.000,1.006e-03,4.170,4.110,4.360,4.373,3.708
0.0013794,-1.05000,10.08814,0.7875900269,2.4143056870,0.787,0.255,3.7955,4.213,1,0.000,0.531,0.00,0.00,0.00,0.00,0.00,-1,-2.34e-15,0.00,8.469e-01,1.521e-01,1.710e-04,4.698e-05,4.289e-04,-1.000,1.012e-03,4.133,4.073,4.322,4.336,3.671
0.0013794,-1.05000,10.08814,0.7907654047,2.4154515266,0.790,0.282,3.7954,4.187,1,0.000,0.531,0.00,0.00,0.00,0.00,0.00,-1,-7.96e-15,0.00,8.471e-01,1.519e-01,1.708e-04,4.694e-05,4.285e-04,-1.000,1.014e-03,4.066,4.005,4.254,4.268,3.604
0.0013794,-1.05000,10.08814,0.7971208692,2.4177134037,0.796,0.339,3.7940,4.128,1,0.000,0.531,0.00,0.00,0.00,0.00,0.00,-1,-6.9e-14,0.00,8.474e-01,1.516e-01,1.707e-04,4.692e-05,4.284e-04,-1.000,9.885e-04,3.922,3.860,4.111,4.125,3.457
0.0013794,-1.05000,10.08814,0.8000000715,2.4187245369,0.799,0.368,3.7926,4.095,1,0.000,0.531,0.00,0.00,0.00,0.00,0.00,-1,-2.91e-13,0.00,8.472e-01,1.518e-01,1.712e-04,4.706e-05,4.297e-04,-1.000,1.008e-03,3.851,3.789,4.042,4.056,3.383
0.0013794,-1.05000,10.08814,0.8012754321,2.4191699028,0.800,0.380,3.7920,4.081,1,0.000,0.531,0.00,0.00,0.00,0.00,0.00,-1,-3.05e-13,0.00,8.469e-01,1.521e-01,1.716e-04,4.719e-05,4.308e-04,-1.000,1.016e-03,3.819,3.757,4.011,4.025,3.350
0.0013794,-1.05000,10.08814,0.8022177815,2.4194977283,0.801,0.390,3.7915,4.069,1,0.000,0.531,0.00,0.00,0.00,0.00,0.00,-1,-3.16e-13,0.00,8.466e-01,1.524e-01,1.720e-04,4.728e-05,4.317e-04,-1.000,1.025e-03,3.795,3.732,3.987,4.001,3.324
0.0013794,-1.05000,10.08814,0.8053334951,2.4205756187,0.804,0.427,3.7877,4.019,2,0.000,0.531,0.00,0.00,0.00,0.00,0.00,-1,-3.64e-13,0.00,8.442e-01,1.548e-01,1.755e-04,4.825e-05,4.405e-04,-1.000,1.026e-03,3.702,3.639,3.900,3.915,3.223
0.0013794,-1.05000,10.08814,0.8086454868,2.4217109680,0.807,0.471,3.7810,3.950,2,0.000,0.531,0.00,0.00,0.00,0.00,0.00,-1,-4.34e-13,0.00,8.367e-01,1.622e-01,1.851e-04,5.087e-05,4.644e-04,-1.000,1.041e-03,3.593,3.528,3.801,3.817,3.099
0.0013794,-1.05000,10.08814,0.8109149933,2.4224827290,0.809,0.504,3.7732,3.887,2,0.000,0.532,0.00,0.00,0.00,0.00,0.00,-1,-5.04e-13,0.00,8.188e-01,1.801e-01,2.022e-04,5.550e-05,5.062e-04,-1.000,1.125e-03,3.510,3.445,3.732,3.749,3.000
0.0013794,-1.05000,10.08814,0.8125810027,2.4230461121,0.811,0.530,3.7645,3.827,2,0.000,0.534,0.00,0.00,0.00,0.00,0.00,-1,-5.72e-13,0.00,7.978e-01,2.009e-01,2.192e-04,6.007e-05,5.472e-04,-1.000,1.231e-03,3.445,3.382,3.685,3.704,2.919
0.0013794,-1.05000,10.08814,0.8139443994,2.4235053062,0.812,0.555,3.7552,3.766,2,0.000,0.535,0.00,0.00,0.00,0.00,0.00,-1,-6.5e-13,0.00,7.825e-01,2.162e-01,2.309e-04,6.322e-05,5.753e-04,-1.000,1.308e-03,3.383,3.323,3.644,3.664,2.840
0.0013794,-1.05000,10.08814,0.8150033951,2.4238607883,0.813,0.583,3.7471,3.705,2,0.000,0.536,0.00,0.00,0.00,0.00,0.00,-1,-7.43e-13,0.00,7.740e-01,2.247e-01,2.375e-04,6.496e-05,5.908e-04,-1.000,1.328e-03,3.312,3.256,3.592,3.614,2.757
0.0013794,-1.05000,10.08814,0.8158600330,2.4241473675,0.814,0.617,3.7411,3.648,2,0.000,0.536,0.00,0.00,0.00,0.00,0.00,-1,-8.57e-13,0.00,7.689e-01,2.298e-01,2.414e-04,6.601e-05,6.002e-04,-1.000,1.339e-03,3.227,3.176,3.524,3.546,2.665
0.0013794,-1.05000,10.08814,0.8165378571,2.4243738651,0.815,0.652,3.7370,3.597,2,0.000,0.537,0.00,0.00,0.00,0.00,0.00,-1,-9.85e-13,0.00,7.656e-01,2.330e-01,2.438e-04,6.666e-05,6.060e-04,-1.000,1.387e-03,3.140,3.093,3.448,3.471,2.574
0.0013794,-1.05000,10.08814,0.8168737888,2.4244856834,0.815,0.671,3.7351,3.570,2,0.000,0.537,0.00,0.00,0.00,0.00,0.00,-1,-1.06e-12,0.00,7.641e-01,2.345e-01,2.449e-04,6.694e-05,6.085e-04,-1.000,1.418e-03,3.092,3.047,3.406,3.429,2.525
0.0013794,-1.05000,10.08814,0.8169936538,2.4245257378,0.815,0.679,3.7345,3.560,3,0.000,0.537,0.00,0.00,0.00,0.00,0.00,-1,-1.1e-12,0.00,7.636e-01,2.350e-01,2.452e-04,6.702e-05,6.092e-04,-1.000,1.418e-03,3.072,3.028,3.388,3.411,2.504
0.0013794,-1.05000,10.08814,0.8176248670,2.4247357845,0.816,0.724,3.7319,3.506,3,0.000,0.537,0.00,0.00,0.00,0.00,0.00,-1,-1.29e-12,0.00,7.611e-01,2.375e-01,2.467e-04,6.742e-05,6.128e-04,-1.000,1.413e-03,2.961,2.920,3.285,3.309,2.392
0.0013794,-1.05000,10.08814,0.8181566000,2.4249126911,0.816,0.764,3.7299,3.457,3,0.000,0.537,0.00,0.00,0.00,0.00,0.00,-1,-1.5e-12,0.00,7.591e-01,2.395e-01,2.478e-04,6.771e-05,6.154e-04,-1.000,1.369e-03,2.859,2.820,3.188,3.213,2.288
0.0013794,-1.05000,10.08814,0.8187466264,2.4251084328,0.817,0.814,3.7279,3.400,3,0.000,0.537,0.00,0.00,0.00,0.00,0.00,-1,-1.79e-12,0.00,7.569e-01,2.417e-01,2.487e-04,6.800e-05,6.178e-04,-1.000,1.421e-03,2.736,2.700,3.072,3.096,2.164
0.0013794,-1.05000,10.08814,0.8192919493,2.4252891541,0.817,0.863,3.7262,3.344,3,0.000,0.537,0.00,0.00,0.00,0.00,0.00,-1,-2.13e-12,0.00,7.548e-01,2.438e-01,2.494e-04,6.824e-05,6.198e-04,-1.000,1.374e-03,2.613,2.579,2.954,2.979,2.040
0.0013794,-1.05000,10.08814,0.8198391199,2.4254701138,0.818,0.917,3.7245,3.284,3,0.000,0.536,0.00,0.00,0.00,0.00,0.00,-1,-2.59e-12,0.00,7.526e-01,2.460e-01,2.497e-04,6.855e-05,6.215e-04,-1.000,1.402e-03,2.478,2.446,2.825,2.850,1.904
0.0013794,-1.05000,10.08814,0.8203236461,2.4256300926,0.818,0.969,3.7229,3.225,3,0.000,0.534,0.00,0.00,0.00,0.00,0.00,-1,-3.12e-12,0.00,7.507e-01,2.480e-01,2.493e-04,6.903e-05,6.227e-04,-1.000,1.379e-03,2.347,2.318,2.699,2.724,1.773
0.0013794,-1.05000,10.08814,0.8207346797,2.4257657528,0.819,1.017,3.7214,3.171,3,0.000,0.532,0.00,0.00,0.00,0.00,0.00,-1,-3.71e-12,0.00,7.490e-01,2.496e-01,2.485e-04,6.982e-05,6.237e-04,-1.000,1.417e-03,2.227,2.199,2.584,2.609,1.652
0.0013794,-1.05000,10.08814,0.8210564256,2.4258718491,0.819,1.058,3.7202,3.126,3,0.000,0.529,0.00,0.00,0.00,0.00,0.00,-1,-4.29e-12,0.00,7.478e-01,2.508e-01,2.475e-04,7.076e-05,6.243e-04,-1.000,1.397e-03,2.125,2.100,2.486,2.512,1.549
0.0013794,-1.05000,10.08814,0.8214126825,2.4259891510,0.819,1.107,3.7187,3.071,3,0.000,0.526,0.00,0.00,0.00,0.00,0.00,-1,-5.11e-12,0.00,7.465e-01,2.521e-01,2.461e-04,7.220e-05,6.250e-04,-1.000,1.415e-03,2.003,1.980,2.370,2.396,1.427
0.0013794,-1.05000,10.08814,0.8217532039,2.4261012077,0.819,1.158,3.7170,3.014,3,0.000,0.521,0.00,0.00,0.00,0.00,0.00,-1,-6.14e-12,0.00,7.452e-01,2.533e-01,2.444e-04,7.406e-05,6.255e-04,-1.000,1.429e-03,1.876,1.856,2.248,2.275,1.299
0.0013794,-1.05000,10.08814,0.8220616579,2.4262025356,0.819,1.208,3.7153,2.956,3,0.000,0.518,0.00,0.00,0.00,0.00,0.00,-1,-7.38e-12,0.00,7.443e-01,2.543e-01,2.428e-04,7.586e-05,6.259e-04,-1.000,1.450e-03,1.749,1.731,2.128,2.154,1.172
0.0013794,-1.05000,10.08814,0.8223309517,2.4262909889,0.820,1.257,3.7136,2.901,3,0.000,0.515,0.00,0.00,0.00,0.00,0.00,-1,-8.8e-12,0.00,7.436e-01,2.550e-01,2.416e-04,7.730e-05,6.262e-04,-1.000,1.399e-03,1.627,1.612,2.012,2.039,1.049
0.0013794,-1.05000,10.08814,0.8225743771,2.4263708591,0.820,1.305,3.7118,2.846,3,0.000,0.513,0.00,0.00,0.00,0.00,0.00,-1,-1.05e-11,0.00,7.431e-01,2.555e-01,2.406e-04,7.842e-05,6.264e-04,-1.000,1.419e-03,1.507,1.495,1.899,1.927,0.929
0.0013794,-1.05000,10.08814,0.8227933049,2.4264426231,0.820,1.352,3.7100,2.792,3,0.000,0.511,0.00,0.00,0.00,0.00,0.00,-1,-1.24e-11,0.00,7.427e-01,2.559e-01,2.399e-04,7.930e-05,6.265e-04,-1.000,1.422e-03,1.390,1.381,1.789,1.816,0.810
0.0013794,-1.05000,10.08814,0.8229966164,2.4265093803,0.820,1.400,3.7081,2.736,3,0.000,0.510,0.00,0.00,0.00,0.00,0.00,-1,-1.48e-11,0.00,7.425e-01,2.561e-01,2.395e-04,7.972e-05,6.266e-04,-1.000,1.399e-03,1.270,1.265,1.677,1.705,0.691
0.0013794,-1.05000,10.08814,0.8231765628,2.4265682697,0.820,1.446,3.7062,2.682,3,0.000,0.510,0.00,0.00,0.00,0.00,0.00,-1,-1.75e-11,0.00,7.424e-01,2.561e-01,2.394e-04,7.992e-05,6.266e-04,-1.000,1.411e-03,1.154,1.153,1.569,1.598,0.575
0.0013794,-1.05000,10.08814,0.8233444095,2.4266231060,0.820,1.493,3.7042,2.627,3,0.000,0.510,0.00,0.00,0.00,0.00,0.00,-1,-2.08e-11,0.00,7.424e-01,2.562e-01,2.394e-04,7.997e-05,6.267e-04,-1.000,1.411e-03,1.037,1.039,1.460,1.488,0.457
0.0013794,-1.05000,10.08814,0.8234927654,2.4266717434,0.820,1.539,3.7022,2.574,3,0.000,0.510,0.00,0.00,0.00,0.00,0.00,-1,-2.45e-11,0.00,7.424e-01,2.562e-01,2.393e-04,8.000e-05,6.267e-04,-1.000,1.412e-03,0.923,0.930,1.354,1.383,0.343
0.0013794,-1.05000,10.08814,0.8236249685,2.4267148972,0.820,1.583,3.7002,2.522,3,0.000,0.510,0.00,0.00,0.00,0.00,0.00,-1,-2.88e-11,0.00,7.424e-01,2.562e-01,2.393e-04,8.003e-05,6.267e-04,-1.000,1.412e-03,0.813,0.824,1.253,1.282,0.233
0.0013794,-1.05000,10.08814,0.8237475753,2.4267549515,0.820,1.627,3.6982,2.470,3,0.000,0.509,0.00,0.00,0.00,0.00,0.00,-1,-3.39e-11,0.00,7.424e-01,2.562e-01,2.393e-04,8.006e-05,6.267e-04,-1.000,1.412e-03,0.702,0.717,1.151,1.181,0.122
0.0013794,-1.05000,10.08814,0.8238564134,2.4267907143,0.820,1.670,3.6962,2.419,3,0.000,0.509,0.00,0.00,0.00,0.00,0.00,-1,-3.96e-11,0.00,7.424e-01,2.562e-01,2.393e-04,8.008e-05,6.267e-04,-1.000,1.412e-03,0.596,0.615,1.054,1.084,0.015
0.0013794,-1.05000,10.08814,0.8239589930,2.4268240929,0.820,1.713,3.6941,2.367,3,0.000,0.509,0.00,0.00,0.00,0.00,0.00,-1,-4.65e-11,0.00,7.424e-01,2.562e-01,2.393e-04,8.010e-05,6.267e-04,-1.000,1.413e-03,0.488,0.511,0.955,0.986,-0.093
0.0013794,-1.05000,10.08814,0.8240514398,2.4268543720,0.819,1.754,3.6920,2.317,3,0.000,0.509,0.00,0.00,0.00,0.00,0.00,-1,-5.42e-11,0.00,7.424e-01,2.562e-01,2.393e-04,8.012e-05,6.267e-04,-1.000,1.413e-03,0.384,0.411,0.861,0.892,-0.198
0.0013794,-1.05000,10.08814,0.8241378069,2.4268825054,0.819,1.795,3.6899,2.267,3,0.000,0.509,0.00,0.00,0.00,0.00,0.00,-1,-6.31e-11,0.00,7.424e-01,2.562e-01,2.392e-04,8.014e-05,6.267e-04,-1.000,1.413e-03,0.281,0.313,0.768,0.800,-0.301
0.0013794,-1.05000,10.08814,0.8242205977,2.4269096851,0.819,1.835,3.6878,2.219,3,0.000,0.509,0.00,0.00,0.00,0.00,0.00,-1,-7.31e-11,0.00,7.424e-01,2.562e-01,2.392e-04,8.016e-05,6.267e-04,-1.000,1.413e-03,0.182,0.218,0.679,0.711,-0.400
0.0013794,-1.05000,10.08814,0.8243055344,2.4269373417,0.819,1.872,3.6859,2.175,3,0.000,0.509,0.00,0.00,0.00,0.00,0.00,-1,-8.38e-11,0.00,7.424e-01,2.562e-01,2.392e-04,8.018e-05,6.267e-04,-1.000,1.413e-03,0.090,0.132,0.597,0.630,-0.491
0.0013794,-1.05000,10.08814,0.8243826628,2.4269626141,0.818,1.894,3.6849,2.149,3,0.000,0.509,0.00,0.00,0.00,0.00,0.00,-1,-9.13e-11,0.00,7.424e-01,2.562e-01,2.392e-04,8.020e-05,6.268e-04,-1.000,1.413e-03,0.036,0.080,0.548,0.581,-0.545
0.0013794,-1.05000,10.08814,0.8244557381,2.4269864559,0.818,1.871,3.6866,2.178,3,0.000,0.509,0.00,0.00,0.00,0.00,0.00,-1,-8.45e-11,0.00,7.423e-01,2.562e-01,2.392e-04,8.021e-05,6.268e-04,-1.000,1.414e-03,0.092,0.131,0.595,0.628,-0.490
0.0013794,-1.05000,10.08814,0.8244686723,2.4269905090,0.818,1.867,3.6869,2.183,3,0.000,0.509,0.00,0.00,0.00,0.00,0.00,-1,-8.31e-11,0.00,7.423e-01,2.562e-01,2.392e-04,8.022e-05,6.268e-04,-1.000,1.414e-03,0.102,0.141,0.604,0.637,-0.479
0.0013794,-1.05000,10.08814,0.8245237470,2.4270086288,0.818,1.903,3.6850,2.139,3,0.000,0.509,0.00,0.00,0.00,0.00,0.00,-1,-9.41e-11,0.00,7.423e-01,2.562e-01,2.392e-04,8.023e-05,6.268e-04,-1.000,1.414e-03,0.012,0.056,0.524,0.557,-0.569
0.0013794,-1.05000,10.08814,0.8245845437,2.4270284176,0.818,1.945,3.6826,2.089,3,0.000,0.509,0.00,0.00,0.00,0.00,0.00,-1,-1.09e-10,0.00,7.423e-01,2.563e-01,2.392e-04,8.024e-05,6.268e-04,-1.000,1.414e-03,-0.091,-0.041,0.433,0.467,-0.671
0.0013794,-1.05000,10.08814,0.8246432543,2.4270474911,0.817,1.987,3.6803,2.037,3,0.000,0.509,0.00,0.00,0.00,0.00,0.00,-1,-1.28e-10,0.00,7.423e-01,2.563e-01,2.392e-04,8.025e-05,6.268e-04,-1.000,1.414e-03,-0.197,-0.140,0.340,0.374,-0.775
0.0013794,-1.05000,10.08814,0.8246968985,2.4270651340,0.817,2.028,3.6779,1.986,3,0.000,0.509,0.00,0.00,0.00,0.00,0.00,-1,-1.49e-10,0.00,7.423e-01,2.563e-01,2.392e-04,8.027e-05,6.268e-04,-1.000,1.414e-03,-0.300,-0.237,0.250,0.285,-0.878
0.0013794,-1.05000,10.08814,0.8247476816,2.4270815849,0.817,2.070,3.6754,1.934,3,0.000,0.509,0.00,0.00,0.00,0.00,0.00,-1,-1.74e-10,0.00,7.423e-01,2.563e-01,2.391e-04,8.028e-05,6.268e-04,-1.000,1.414e-03,-0.404,-0.337,0.159,0.195,-0.984
0.0013794,-1.05000,10.08814,0.8247934580,2.4270966053,0.816,2.110,3.6730,1.884,3,0.000,0.509,0.00,0.00,0.00,0.00,0.00,-1,-2.03e-10,0.00,7.423e-01,2.563e-01,2.391e-04,8.029e-05,6.268e-04,-1.000,1.414e-03,-0.505,-0.432,0.072,0.108,-1.086
0.0013794,-1.05000,10.08814,0.8248360753,2.4271104336,0.816,2.151,3.6705,1.833,3,0.000,0.509,0.00,0.00,0.00,0.00,0.00,-1,-2.36e-10,0.00,7.423e-01,2.563e-01,2.391e-04,8.030e-05,6.268e-04,-1.000,1.414e-03,-0.606,-0.528,-0.015,0.022,-1.189
0.0013794,-1.05000,10.08814,0.8248750567,2.4271230698,0.815,2.191,3.6680,1.783,3,0.000,0.509,0.00,0.00,0.00,0.00,0.00,-1,-2.75e-10,0.00,7.423e-01,2.563e-01,2.391e-04,8.031e-05,6.268e-04,-1.000,1.414e-03,-0.706,-0.621,-0.100,-0.061,-1.289
0.0013794,-1.05000,10.08814,0.8249112964,2.4271349907,0.815,2.231,3.6654,1.732,3,0.000,0.509,0.00,0.00,0.00,0.00,0.00,-1,-3.19e-10,0.00,7.423e-01,2.563e-01,2.391e-04,8.031e-05,6.268e-04,-1.000,1.415e-03,-0.807,-0.714,-0.183,-0.144,-1.389
0.0013794,-1.05000,10.08814,0.8249440789,2.4271457195,0.814,2.270,3.6629,1.683,3,0.000,0.509,0.00,0.00,0.00,0.00,0.00,-1,-3.7e-10,0.00,7.423e-01,2.563e-01,2.391e-04,8.032e-05,6.268e-04,-1.000,1.415e-03,-0.904,-0.804,-0.264,-0.224,-1.486
0.0013794,-1.05000,10.08814,0.8249750733,2.4271557331,0.814,2.309,3.6603,1.632,3,0.000,0.509,0.00,0.00,0.00,0.00,0.00,-1,-4.29e-10,0.00,7.423e-01,2.563e-01,2.391e-04,8.033e-05,6.268e-04,-1.000,1.415e-03,-1.003,-0.895,-0.345,-0.305,-1.584
0.0013794,-1.05000,10.08814,0.8250033855,2.4271650314,0.813,2.348,3.6577,1.583,3,0.000,0.509,0.00,0.00,0.00,0.00,0.00,-1,-4.97e-10,0.00,7.423e-01,2.563e-01,2.391e-04,8.033e-05,6.268e-04,-1.000,1.415e-03,-1.100,-0.983,-0.423,-0.381,-1.679
0.0013794,-1.05000,10.08814,0.8250295520,2.4271733761,0.812,2.387,3.6551,1.534,3,0.000,0.509,0.00,0.00,0.00,0.00,0.00,-1,-5.75e-10,0.00,7.423e-01,2.563e-01,2.391e-04,8.034e-05,6.268e-04,-1.000,1.415e-03,-1.197,-1.070,-0.500,-0.457,-1.773
0.0013794,-1.05000,10.08814,0.8250536323,2.4271812439,0.812,2.424,3.6525,1.485,3,0.000,0.509,0.00,0.00,0.00,0.00,0.00,-1,-6.63e-10,0.00,7.423e-01,2.563e-01,2.391e-04,8.035e-05,6.268e-04,-1.000,1.415e-03,-1.291,-1.154,-0.574,-0.530,-1.865
0.0013794,-1.05000,10.08814,0.8250810504,2.4271903038,0.811,2.471,3.6492,1.425,3,0.000,0.509,0.00,0.00,0.00,0.00,0.00,-1,-7.92e-10,0.00,7.423e-01,2.563e-01,2.391e-04,8.035e-05,6.268e-04,-1.000,1.415e-03,-1.408,-1.256,-0.663,-0.619,-1.976
0.0013794,-1.05000,10.08814,0.8251017332,2.4271969795,0.810,2.509,3.6466,1.376,3,0.000,0.509,8.75,6.70,4.72,3.66,2.96,3,-9.15e-10,0.00,7.423e-01,2.563e-01,2.391e-04,8.036e-05,6.268e-04,-1.000,1.415e-03,-1.502,-1.337,-0.734,-0.689,-2.065
0.0013794,-1.05000,10.08814,0.8251244426,2.4272043705,0.809,2.554,3.6434,1.318,3,0.000,0.509,9.89,7.44,5.22,4.05,3.28,3,-1.08e-09,0.00,7.423e-01,2.563e-01,2.391e-04,8.036e-05,6.268e-04,-1.000,1.415e-03,-1.614,-1.433,-0.817,-0.772,-2.171
0.0013794,-1.05000,10.08814,0.8251458406,2.4272112846,0.807,2.599,3.6401,1.259,3,0.000,0.509,11.21,8.28,5.78,4.49,3.64,3,-1.29e-09,0.00,7.423e-01,2.563e-01,2.391e-04,8.037e-05,6.268e-04,-1.000,1.415e-03,-1.728,-1.531,-0.901,-0.855,-2.278
0.0013794,-1.05000,10.08814,0.8251621127,2.4272167683,0.806,2.636,3.6374,1.210,3,0.000,0.509,12.41,9.04,6.28,4.89,3.96,3,-1.49e-09,0.00,7.423e-01,2.563e-01,2.391e-04,8.037e-05,6.268e-04,-1.000,1.415e-03,-1.820,-1.609,-0.969,-0.922,-2.364
0.0013794,-1.05000,10.08814,0.8251798749,2.4272224903,0.805,2.679,3.6342,1.153,3,0.000,0.509,14.00,10.01,6.92,5.40,4.37,3,-1.76e-09,0.00,7.423e-01,2.563e-01,2.391e-04,8.037e-05,6.268e-04,-1.000,1.415e-03,-1.929,-1.700,-1.046,-0.999,-2.464
0.0013794,-1.05000,10.08814,0.8251967430,2.4272279739,0.803,2.724,3.6309,1.095,3,0.000,0.509,15.83,11.12,7.65,5.97,4.84,2,-2.08e-09,0.00,7.423e-01,2.563e-01,2.391e-04,8.038e-05,6.268e-04,-1.000,1.415e-03,-2.039,-1.793,-1.125,-1.077,-2.567
0.0013794,-1.05000,10.08814,0.8252126575,2.4272332191,0.801,2.769,3.6276,1.035,3,0.000,0.509,17.94,12.38,8.48,6.63,5.37,2,-2.48e-09,0.00,7.423e-01,2.563e-01,2.391e-04,8.038e-05,6.268e-04,-1.000,1.415e-03,-2.152,-1.886,-1.203,-1.155,-2.670
0.0013794,-1.05000,10.08814,0.8252263069,2.4272375107,0.799,2.810,3.6243,0.980,3,0.000,0.509,20.16,13.67,9.32,7.30,5.92,2,-2.91e-09,0.00,7.423e-01,2.563e-01,2.391e-04,8.038e-05,6.268e-04,-1.000,1.415e-03,-2.256,-1.970,-1.272,-1.223,-2.764
0.0013794,-1.05000,10.08814,0.8252394199,2.4272418022,0.797,2.853,3.6211,0.923,3,0.000,0.509,22.71,15.14,10.27,8.06,6.53,2,-3.43e-09,0.00,7.423e-01,2.563e-01,2.391e-04,8.039e-05,6.268e-04,-1.000,1.415e-03,-2.362,-2.056,-1.341,-1.292,-2.860
0.0013794,-1.05000,10.08814,0.8252518177,2.4272458553,0.795,2.896,3.6177,0.865,3,0.000,0.509,25.66,16.80,11.34,8.91,7.23,2,-4.05e-09,0.00,7.423e-01,2.563e-01,2.391e-04,8.039e-05,6.268e-04,-1.000,1.415e-03,-2.470,-2.141,-1.409,-1.360,-2.957
0.0013794,-1.05000,10.08814,0.8252630234,2.4272494316,0.792,2.938,3.6144,0.809,3,0.000,0.509,28.89,18.58,12.49,9.83,7.97,2,-4.77e-09,0.00,7.423e-01,2.563e-01,2.391e-04,8.039e-05,6.268e-04,-1.000,1.415e-03,-2.574,-2.224,-1.474,-1.424,-3.050
0.0013794,-1.05000,10.08814,0.8252733350,2.4272527695,0.790,2.979,3.6112,0.754,3,0.000,0.509,32.46,20.52,13.73,10.82,8.78,1,-5.6e-09,0.00,7.423e-01,2.563e-01,2.391e-04,8.039e-05,6.268e-04,-1.000,1.415e-03,-2.677,-2.305,-1.539,-1.488,-3.142
0.0013794,-1.05000,10.08814,0.8252830505,2.4272561073,0.787,3.020,3.6080,0.698,3,0.000,0.509,36.49,22.67,15.10,11.92,9.68,1,-6.57e-09,0.00,7.423e-01,2.563e-01,2.391e-04,8.040e-05,6.268e-04,-1.000,1.415e-03,-2.779,-2.384,-1.600,-1.549,-3.232
0.0013794,-1.05000,10.08814,0.8252924085,2.4272589684,0.783,3.062,3.6047,0.641,3,0.000,0.509,41.16,25.11,16.65,13.17,10.69,1,-7.75e-09,0.00,7.423e-01,2.563e-01,2.391e-04,8.040e-05,6.268e-04,-1.000,1.415e-03,-2.885,-2.465,-1.662,-1.611,-3.324
0.0013794,-1.05000,10.08814,0.8253005147,2.4272618294,0.780,3.101,3.6015,0.587,3,0.000,0.509,46.06,27.63,18.24,14.45,11.73,1,-9.04e-09,0.00,7.423e-01,2.563e-01,2.391e-04,8.040e-05,6.268e-04,-1.000,1.415e-03,-2.982,-2.540,-1.719,-1.667,-3.409
0.0013794,-1.05000,10.08814,0.8253084421,2.4272642136,0.776,3.141,3.5983,0.532,3,0.000,0.509,51.76,30.51,20.04,15.90,12.92,1,-1.06e-08,0.00,7.423e-01,2.563e-01,2.391e-04,8.040e-05,6.268e-04,-1.000,1.415e-03,-3.083,-2.616,-1.775,-1.724,-3.496
0.0013794,-1.05000,10.08814,0.8253159523,2.4272668362,0.771,3.181,3.5950,0.476,3,0.000,0.509,58.19,33.69,22.03,17.51,14.23,1,-1.24e-08,0.00,7.423e-01,2.563e-01,2.391e-04,8.040e-05,6.268e-04,-1.000,1.415e-03,-3.184,-2.690,-1.829,-1.777,-3.582
0.0013794,-1.05000,10.08814,0.8253228068,2.4272689819,0.766,3.221,3.5918,0.421,3,0.000,0.509,65.25,37.13,24.17,19.24,15.63,1,-1.45e-08,0.00,7.423e-01,2.563e-01,2.391e-04,8.041e-05,6.268e-04,-1.000,1.415e-03,-3.281,-2.761,-1.877,-1.825,-3.665
0.0013794,-1.05000,10.08814,0.8253291249,2.4272711277,0.761,3.258,3.5887,0.368,3,0.000,0.509,72.97,40.81,26.45,21.09,17.14,1,-1.69e-08,0.00,7.423e-01,2.563e-01,2.391e-04,8.041e-05,6.268e-04,-1.000,1.415e-03,-3.376,-2.829,-1.923,-1.870,-3.744
0.0013794,-1.05000,10.08814,0.8253350258,2.4272730350,0.756,3.295,3.5857,0.316,3,0.000,0.509,81.41,44.75,28.88,23.07,18.75,1,-1.96e-08,0.00,7.423e-01,2.563e-01,2.391e-04,8.041e-05,6.268e-04,-1.000,1.415e-03,-3.467,-2.893,-1.964,-1.912,-3.821
0.0013794,-1.05000,10.08814,0.8253408074,2.4272749424,0.749,3.330,3.5827,0.265,3,0.000,0.509,90.56,48.95,31.46,25.16,20.46,1,-2.27e-08,0.00,7.423e-01,2.563e-01,2.391e-04,8.041e-05,6.268e-04,-1.000,1.415e-03,-3.556,-2.955,-2.004,-1.952,-3.894
0.0013794,-1.05000,10.08814,0.8253421187,2.4272751808,0.748,3.338,3.5821,0.254,3,0.000,0.509,92.64,49.89,32.03,25.64,20.84,1,-2.34e-08,0.00,7.423e-01,2.563e-01,2.391e-04,8.041e-05,6.268e-04,-1.000,1.415e-03,-3.574,-2.968,-2.012,-1.959,-3.909
0.0013794,-1.05000,10.08814,0.8253421187,2.4272751808,0.748,1.725,3.7368,2.486,4,0.000,0.514,0.00,0.00,0.00,0.00,0.00,-1,-1e-30,0.00,7.394e-01,2.592e-01,2.433e-04,7.932e-05,6.328e-04,-1.000,1.418e-03,0.458,0.412,0.761,0.784,-0.101
0.0013794,-1.05000,10.08814,0.8253917098,2.4272913933,0.748,1.740,3.7357,2.467,4,0.000,0.514,0.00,0.00,0.00,0.00,0.00,-1,-1e-30,0.00,7.394e-01,2.592e-01,2.433e-04,7.932e-05,6.328e-04,-1.000,1.418e-03,0.421,0.376,0.727,0.750,-0.140
0.0013794,-1.05000,10.08814,0.8254424334,2.4273078442,0.748,1.743,3.7355,2.462,4,0.000,0.514,0.00,0.00,0.00,0.00,0.00,-1,-1e-30,0.00,7.394e-01,2.592e-01,2.433e-04,7.932e-05,6.328e-04,-1.000,1.418e-03,0.411,0.366,0.718,0.741,-0.149
0.0013794,-1.05000,10.08814,0.8254941106,2.4273247719,0.748,1.745,3.7356,2.462,4,0.000,0.514,0.00,0.00,0.00,0.00,0.00,-1,-1e-30,0.00,7.394e-01,2.592e-01,2.433e-04,7.932e-05,6.328e-04,-1.000,1.418e-03,0.408,0.363,0.714,0.737,-0.153
0.0013794,-1.05000,10.08814,0.8255473971,2.4273421764,0.748,1.745,3.7360,2.462,4,0.000,0.514,0.00,0.00,0.00,0.00,0.00,-1,-1e-30,0.00,7.394e-01,2.592e-01,2.433e-04,7.932e-05,6.328e-04,-1.000,1.418e-03,0.406,0.361,0.712,0.734,-0.154
0.0013794,-1.05000,10.08814,0.8255993128,2.4273588657,0.748,1.745,3.7365,2.465,4,0.000,0.514,0.00,0.00,0.00,0.00,0.00,-1,-1e-30,0.00,7.394e-01,2.592e-01,2.433e-04,7.932e-05,6.328e-04,-1.000,1.418e-03,0.407,0.361,0.711,0.734,-0.152
0.0013794,-1.05000,10.08814,0.8256516457,2.4273760319,0.748,1.744,3.7372,2.469,4,0.000,0.514,0.00,0.00,0.00,0.00,0.00,-1,-1e-30,0.00,7.394e-01,2.592e-01,2.433e-04,7.932e-05,6.328e-04,-1.000,1.418e-03,0.410,0.363,0.711,0.734,-0.149
0.0013794,-1.05000,10.08814,0.8257050514,2.4273934364,0.748,1.743,3.7380,2.473,4,0.000,0.514,0.00,0.00,0.00,0.00,0.00,-1,-1e-30,0.00,7.394e-01,2.592e-01,2.433e-04,7.932e-05,6.328e-04,-1.000,1.418e-03,0.413,0.365,0.712,0.734,-0.145
0.0013794,-1.05000,10.08814,0.8257578611,2.4274106026,0.748,1.741,3.7388,2.478,4,0.000,0.514,0.00,0.00,0.00,0.00,0.00,-1,-1e-30,0.00,7.394e-01,2.592e-01,2.433e-04,7.932e-05,6.328e-04,-1.000,1.418e-03,0.417,0.368,0.713,0.735,-0.141
0.0013794,-1.05000,10.08814,0.8258114457,2.4274280071,0.748,1.740,3.7396,2.483,4,0.000,0.514,0.00,0.00,0.00,0.00,0.00,-1,-1e-30,0.00,7.394e-01,2.592e-01,2.433e-04,7.932e-05,6.328e-04,-1.000,1.418e-03,0.421,0.371,0.714,0.736,-0.136
0.0013794,-1.05000,10.08814,0.8258621693,2.4274444580,0.748,1.739,3.7404,2.487,4,0.000,0.514,0.00,0.00,0.00,0.00,0.00,-1,-1e-30,0.00,7.394e-01,2.592e-01,2.433e-04,7.932e-05,6.328e-04,-1.000,1.418e-03,0.424,0.373,0.715,0.737,-0.132
0.0013794,-1.05000,10.08814,0.8259162307,2.4274621010,0.748,1.737,3.7411,2.491,4,0.000,0.514,0.00,0.00,0.00,0.00,0.00,-1,-1e-30,0.00,7.394e-01,2.592e-01,2.433e-04,7.932e-05,6.328e-04,-1.000,1.418e-03,0.427,0.376,0.716,0.738,-0.128
0.0013794,-1.05000,10.08814,0.8259692788,2.4274792671,0.748,1.736,3.7417,2.495,4,0.000,0.514,0.00,0.00,0.00,0.00,0.00,-1,-1e-30,0.00,7.394e-01,2.592e-01,2.433e-04,7.932e-05,6.328e-04,-1.000,1.418e-03,0.429,0.377,0.716,0.738,-0.125
0.0013794,-1.05000,10.08814,0.8260189891,2.4274954796,0.749,1.735,3.7423,2.498,4,0.000,0.514,0.00,0.00,0.00,0.00,0.00,-1,-1e-30,0.00,7.394e-01,2.592e-01,2.433e-04,7.932e-05,6.328e-04,-1.000,1.418e-03,0.431,0.379,0.716,0.738,-0.123
0.0013794,-1.05000,10.08814,0.8260714412,2.4275124073,0.749,1.735,3.7428,2.501,4,0.000,0.514,0.00,0.00,0.00,0.00,0.00,-1,-1e-30,0.00,7.394e-01,2.592e-01,2.433e-04,7.932e-05,6.328e-04,-1.000,1.418e-03,0.433,0.380,0.716,0.738,-0.120
0.0013794,-1.05000,10.08814,0.8260836601,2.4275164604,0.749,1.735,3.7429,2.501,4,0.000,0.514,0.00,0.00,0.00,0.00,0.00,-1,-1e-30,0.00,7.394e-01,2.592e-01,2.433e-04,7.932e-05,6.328e-04,-1.000,1.418e-03,0.433,0.380,0.716,0.738,-0.120
0.0013794,-1.05000,10.08814,0.8260937929,2.4275197983,0.749,1.735,3.7430,2.501,4,0.000,0.514,0.00,0.00,0.00,0.00,0.00,-1,-1e-30,0.00,7.394e-01,2.592e-01,2.433e-04,7.932e-05,6.328e-04,-1.000,1.418e-03,0.433,0.380,0.716,0.738,-0.120
0.0013794,-1.05000,10.08814,0.8261452317,2.4275364876,0.749,1.734,3.7433,2.503,4,0.000,0.514,0.00,0.00,0.00,0.00,0.00,-1,-1e-30,0.00,7.394e-01,2.592e-01,2.433e-04,7.932e-05,6.328e-04,-1.000,1.418e-03,0.434,0.380,0.716,0.738,-0.119
0.0013794,-1.05000,10.08814,0.8261975646,2.4275534153,0.749,1.735,3.7435,2.504,4,0.000,0.514,0.00,0.00,0.00,0.00,0.00,-1,-1e-30,0.00,7.394e-01,2.592e-01,2.433e-04,7.932e-05,6.328e-04,-1.000,1.418e-03,0.434,0.380,0.715,0.737,-0.119
0.0013794,-1.05000,10.08814,0.8262483478,2.4275698662,0.749,1.735,3.7437,2.504,4,0.000,0.514,0.00,0.00,0.00,0.00,0.00,-1,-1e-30,0.00,7.394e-01,2.592e-01,2.433e-04,7.932e-05,6.328e-04,-1.000,1.418e-03,0.433,0.378,0.713,0.735,-0.120
0.0013794,-1.05000,10.08814,0.8262987137,2.4275863171,0.749,1.736,3.7437,2.503,4,0.000,0.514,0.00,0.00,0.00,0.00,0.00,-1,-1e-30,0.00,7.394e-01,2.592e-01,2.433e-04,7.932e-05,6.328e-04,-1.000,1.418e-03,0.431,0.377,0.712,0.733,-0.122
0.0013794,-1.05000,10.08814,0.8263486028,2.4276025295,0.749,1.737,3.7436,2.502,4,0.000,0.514,0.00,0.00,0.00,0.00,0.00,-1,-1e-30,0.00,7.394e-01,2.592e-01,2.433e-04,7.932e-05,6.328e-04,-1.000,1.418e-03,0.428,0.374,0.709,0.731,-0.124
0.0013794,-1.05000,10.08814,0.8264012337,2.4276194572,0.749,1.738,3.7433,2.500,4,0.000,0.514,0.00,0.00,0.00,0.00,0.00,-1,-1e-30,0.00,7.394e-01,2.592e-01,2.433e-04,7.932e-05,6.328e-04,-1.000,1.418e-03,0.424,0.371,0.706,0.728,-0.128
0.0013794,-1.05000,10.08814,0.8264539838,2.4276366234,0.749,1.740,3.7429,2.496,4,0.000,0.514,0.00,0.00,0.00,0.00,0.00,-1,-1e-30,0.00,7.394e-01,2.592e-01,2.433e-04,7.932e-05,6.328e-04,-1.000,1.418e-03,0.419,0.366,0.702,0.724,-0.134
0.0013794,-1.05000,10.08814,0.8264667392,2.4276406765,0.749,1.741,3.7428,2.495,4,0.000,0.514,0.00,0.00,0.00,0.00,0.00,-1,-1e-30,0.00,7.394e-01,2.592e-01,2.433e-04,7.932e-05,6.328e-04,-1.000,1.418e-03,0.418,0.365,0.701,0.723,-0.135
0.0013794,-1.05000,10.08814,0.8264898062,2.4276483059,0.749,1.742,3.7426,2.493,4,0.000,0.514,0.00,0.00,0.00,0.00,0.00,-1,-1e-30,0.00,7.394e-01,2.592e-01,2.433e-04,7.932e-05,6.328e-04,-1.000,1.418e-03,0.415,0.362,0.699,0.721,-0.139
0.0013794,-1.05000,10.08814,0.8265382051,2.4276640415,0.749,1.744,3.7421,2.488,4,0.000,0.514,0.00,0.00,0.00,0.00,0.00,-1,-1e-30,0.00,7.394e-01,2.592e-01,2.433e-04,7.932e-05,6.328e-04,-1.000,1.418e-03,0.409,0.356,0.694,0.716,-0.145
0.0013794,-1.05000,10.08814,0.8265867233,2.4276797771,0.749,1.748,3.7414,2.483,4,0.000,0.514,0.00,0.00,0.00,0.00,0.00,-1,-1e-30,0.00,7.394e-01,2.592e-01,2.433e-04,7.932e-05,6.328e-04,-1.000,1.418e-03,0.401,0.349,0.689,0.711,-0.154
0.0013794,-1.05000,10.08814,0.8266357183,2.4276955128,0.749,1.751,3.7408,2.477,4,0.000,0.514,0.00,0.00,0.00,0.00,0.00,-1,-1e-30,0.00,7.394e-01,2.592e-01,2.433e-04,7.932e-05,6.328e-04,-1.000,1.418e-03,0.393,0.342,0.682,0.705,-0.163
0.0013794,-1.05000,10.08814,0.8266852498,2.4277117252,0.749,1.755,3.7399,2.469,4,0.000,0.514,0.00,0.00,0.00,0.00,0.00,-1,-1e-30,0.00,7.394e-01,2.592e-01,2.433e-04,7.932e-05,6.328e-04,-1.000,1.418e-03,0.383,0.332,0.675,0.697,-0.174
0.0013794,-1.05000,10.08814,0.8267329931,2.4277272224,0.749,1.760,3.7390,2.461,4,0.000,0.514,0.00,0.00,0.00,0.00,0.00,-1,-1e-30,0.00,7.394e-01,2.592e-01,2.433e-04,7.932e-05,6.328e-04,-1.000,1.418e-03,0.371,0.321,0.666,0.688,-0.187
0.0013794,-1.05000,10.08814,0.8267809153,2.4277427197,0.749,1.765,3.7380,2.452,4,0.000,0.514,0.00,0.00,0.00,0.00,0.00,-1,-1e-30,0.00,7.394e-01,2.592e-01,2.433e-04,7.932e-05,6.328e-04,-1.000,1.418e-03,0.358,0.310,0.656,0.679,-0.201
0.0013794,-1.05000,10.08814,0.8268294334,2.4277584553,0.749,1.770,3.7371,2.443,4,0.000,0.514,0.00,0.00,0.00,0.00,0.00,-1,-1e-30,0.00,7.394e-01,2.592e-01,2.433e-04,7.932e-05,6.328e-04,-1.000,1.418e-03,0.345,0.297,0.646,0.669,-0.215
0.0013794,-1.05000,10.08814,0.8268777132,2.4277739525,0.750,1.777,3.7359,2.432,4,0.000,0.514,0.00,0.00,0.00,0.00,0.00,-1,-1e-30,0.00,7.394e-01,2.592e-01,2.433e-04,7.932e-05,6.328e-04,-1.000,1.418e-03,0.329,0.282,0.633,0.656,-0.232
0.0013794,-1.05000,10.08814,0.8269272447,2.4277901649,0.750,1.785,3.7345,2.418,4,0.000,0.514,0.00,0.00,0.00,0.00,0.00,-1,-1e-30,0.00,7.394e-01,2.592e-01,2.433e-04,7.932e-05,6.328e-04,-1.000,1.417e-03,0.308,0.263,0.617,0.640,-0.255
0.0013794,-1.05000,10.08814,0.8269752860,2.4278056622,0.750,1.787,3.7341,2.414,4,0.000,0.514,0.00,0.00,0.00,0.00,0.00,-1,-1e-30,0.00,7.394e-01,2.592e-01,2.433e-04,7.932e-05,6.328e-04,-1.000,1.418e-03,0.303,0.258,0.613,0.636,-0.261
0.0013794,-1.05000,10.08814,0.8270263076,2.4278221130,0.750,1.803,3.7316,2.388,4,0.000,0.514,0.00,0.00,0.00,0.00,0.00,-1,-1e-30,0.00,7.394e-01,2.592e-01,2.433e-04,7.932e-05,6.328e-04,-1.000,1.418e-03,0.263,0.221,0.581,0.605,-0.303
0.0013794,-1.05000,10.08814,0.8270750642,2.4278380871,0.750,1.828,3.7279,2.348,4,0.000,0.514,0.00,0.00,0.00,0.00,0.00,-1,-1e-30,0.00,7.394e-01,2.592e-01,2.433e-04,7.932e-05,6.328e-04,-1.000,1.418e-03,0.199,0.161,0.530,0.554,-0.371
0.0013794,-1.05000,10.08814,0.8271112442,2.4278497696,0.750,1.864,3.7231,2.293,4,0.000,0.514,0.00,0.00,0.00,0.00,0.00,-1,-1e-30,0.00,7.394e-01,2.592e-01,2.433e-04,7.932e-05,6.328e-04,-1.000,1.418e-03,0.110,0.079,0.458,0.483,-0.464
0.0013794,-1.05000,10.08814,0.8271288872,2.4278554916,0.750,1.901,3.7182,2.237,4,0.000,0.514,0.00,0.00,0.00,0.00,0.00,-1,-1e-30,0.00,7.394e-01,2.592e-01,2.433e-04,7.932e-05,6.328e-04,-1.000,1.418e-03,0.017,-0.008,0.382,0.409,-0.561
0.0013794,-1.05000,10.08814,0.8271364570,2.4278578758,0.750,1.936,3.7138,2.184,4,0.000,0.514,0.00,0.00,0.00,0.00,0.00,-1,-1e-30,0.00,7.394e-01,2.592e-01,2.433e-04,7.932e-05,6.328e-04,-1.000,1.418e-03,-0.070,-0.088,0.312,0.339,-0.651
0.0013794,-1.05000,10.08814,0.8271402121,2.4278590679,0.750,1.972,3.7095,2.131,4,0.000,0.514,0.00,0.00,0.00,0.00,0.00,-1,-1e-30,0.00,7.394e-01,2.592e-01,2.433e-04,7.932e-05,6.328e-04,-1.000,1.418e-03,-0.160,-0.172,0.238,0.267,-0.744
0.0013794,-1.05000,10.08814,0.8271421194,2.4278597832,0.750,2.006,3.7057,2.082,4,0.000,0.514,0.00,0.00,0.00,0.00,0.00,-1,-1e-30,0.00,7.394e-01,2.592e-01,2.433e-04,7.932e-05,6.328e-04,-1.000,1.418e-03,-0.244,-0.249,0.171,0.200,-0.830
0.0013794,-1.05000,10.08814,0.8271433115,2.4278600216,0.750,2.039,3.7021,2.034,4,0.000,0.514,0.00,0.00,0.00,0.00,0.00,-1,-1e-30,0.00,7.394e-01,2.592e-01,2.433e-04,7.932e-05,6.328e-04,-1.000,1.418e-03,-0.327,-0.326,0.103,0.133,-0.914
0.0013794,-1.05000,10.08814,0.8271436095,2.4278602600,0.750,2.049,3.7010,2.020,7,0.000,0.514,0.00,0.00,0.00,0.00,0.00,-1,-1.02e-09,0.00,7.394e-01,2.575e-01,2.433e-04,7.932e-05,6.328e-04,-1.000,3.064e-03,-0.352,-0.349,0.082,0.113,-0.940
0.0013794,-1.05000,10.08814,0.8271445632,2.4278604984,0.750,2.090,3.6970,1.963,7,0.000,0.514,0.00,0.00,0.00,0.00,0.00,-1,-1.31e-09,0.00,7.394e-01,2.575e-01,2.433e-04,7.932e-05,6.328e-04,-1.000,3.064e-03,-0.456,-0.444,-0.003,0.029,-1.044
0.0013794,-1.05000,10.08814,0.8271454573,2.4278607368,0.750,2.128,3.6934,1.910,7,0.000,0.514,0.00,0.00,0.00,0.00,0.00,-1,-1.62e-09,0.00,7.394e-01,2.575e-01,2.433e-04,7.932e-05,6.328e-04,-1.000,3.064e-03,-0.550,-0.531,-0.080,-0.048,-1.139
0.0013794,-1.05000,10.08814,0.8271462917,2.4278609753,0.750,2.160,3.6904,1.866,7,0.000,0.514,0.00,0.00,0.00,0.00,0.00,-1,-1.95e-09,0.00,7.394e-01,2.575e-01,2.433e-04,7.932e-05,6.328e-04,-1.000,3.064e-03,-0.631,-0.604,-0.145,-0.113,-1.220
0.0013794,-1.05000,10.08814,0.8271471858,2.4278614521,0.749,2.181,3.6885,1.837,7,0.000,0.514,0.00,0.00,0.00,0.00,0.00,-1,-2.21e-09,0.00,7.394e-01,2.575e-01,2.433e-04,7.932e-05,6.328e-04,-1.000,3.064e-03,-0.683,-0.652,-0.188,-0.155,-1.272
0.0013794,-1.05000,10.08814,0.8271485567,2.4278619289,0.749,2.189,3.6879,1.827,7,0.000,0.514,0.00,0.00,0.00,0.00,0.00,-1,-2.32e-09,0.00,7.394e-01,2.575e-01,2.433e-04,7.932e-05,6.328e-04,-1.000,3.064e-03,-0.703,-0.670,-0.205,-0.172,-1.292
0.0013794,-1.05000,10.08814,0.8271510005,2.4278626442,0.749,2.167,3.6899,1.857,7,0.000,0.514,0.00,0.00,0.00,0.00,0.00,-1,-2.03e-09,0.00,7.394e-01,2.575e-01,2.433e-04,7.932e-05,6.328e-04,-1.000,3.064e-03,-0.648,-0.620,-0.160,-0.127,-1.237
0.0013794,-1.05000,10.08814,0.8271549940,2.4278638363,0.749,2.152,3.6913,1.877,7,0.000,0.514,0.00,0.00,0.00,0.00,0.00,-1,-1.86e-09,0.00,7.394e-01,2.575e-01,2.433e-04,7.932e-05,6.328e-04,-1.000,3.064e-03,-0.611,-0.586,-0.130,-0.097,-1.200
0.0013794,-1.05000,10.08814,0.8271797895,2.4278719425,0.747,2.156,3.6908,1.870,7,0.000,0.514,0.00,0.00,0.00,0.00,0.00,-1,-1.92e-09,0.00,7.394e-01,2.575e-01,2.433e-04,7.932e-05,6.328e-04,-1.000,3.064e-03,-0.621,-0.595,-0.137,-0.105,-1.210
0.0013794,-1.05000,10.08814,0.8271977305,2.4278776646,0.745,2.185,3.6880,1.829,7,0.000,0.514,0.00,0.00,0.00,0.00,0.00,-1,-2.29e-09,0.00,7.394e-01,2.575e-01,2.433e-04,7.932e-05,6.328e-04,-1.000,3.064e-03,-0.693,-0.660,-0.195,-0.162,-1.282
0.0013794,-1.05000,10.08814,0.8272166252,2.4278838634,0.743,2.232,3.6835,1.763,7,0.000,0.514,0.00,0.00,0.00,0.00,0.00,-1,-3.03e-09,0.00,7.394e-01,2.575e-01,2.433e-04,7.932e-05,6.328e-04,-1.000,3.064e-03,-0.811,-0.768,-0.290,-0.255,-1.400
0.0013794,-1.05000,10.08814,0.8272351027,2.4278898239,0.739,2.282,3.6790,1.693,7,0.000,0.514,0.00,0.00,0.00,0.00,0.00,-1,-4.05e-09,0.00,7.394e-01,2.575e-01,2.433e-04,7.932e-05,6.328e-04,-1.000,3.064e-03,-0.934,-0.882,-0.389,-0.353,-1.525
0.0013794,-1.05000,10.08814,0.8272512555,2.4278950691,0.736,2.326,3.6751,1.631,7,0.000,0.514,0.00,0.00,0.00,0.00,0.00,-1,-5.28e-09,0.00,7.394e-01,2.575e-01,2.433e-04,7.932e-05,6.328e-04,-1.000,3.064e-03,-1.045,-0.984,-0.478,-0.440,-1.638
0.0013794,-1.05000,10.08814,0.8272655010,2.4278995991,0.732,2.369,3.6712,1.570,7,0.000,0.514,0.00,0.00,0.00,0.00,0.00,-1,-6.84e-09,0.00,7.394e-01,2.576e-01,2.433e-04,7.932e-05,6.328e-04,-1.000,3.039e-03,-1.153,-1.082,-0.563,-0.524,-1.747
0.0013794,-1.05000,10.08814,0.8272780180,2.4279036522,0.727,2.412,3.6675,1.510,7,0.000,0.514,0.00,0.00,0.00,0.00,0.00,-1,-8.84e-09,0.00,7.394e-01,2.576e-01,2.433e-04,7.932e-05,6.328e-04,-1.000,2.982e-03,-1.259,-1.178,-0.645,-0.605,-1.853
0.0013794,-1.05000,10.08814,0.8272890449,2.4279072285,0.722,2.453,3.6638,1.450,7,0.000,0.514,0.00,0.00,0.00,0.00,0.00,-1,-1.14e-08,0.00,7.394e-01,2.576e-01,2.432e-04,7.933e-05,6.328e-04,-1.000,2.964e-03,-1.364,-1.270,-0.723,-0.682,-1.956
0.0013794,-1.05000,10.08814,0.8272988200,2.4279105663,0.716,2.495,3.6602,1.391,7,0.000,0.513,0.00,0.00,0.00,0.00,0.00,-1,-1.46e-08,0.00,7.394e-01,2.577e-01,2.428e-04,7.944e-05,6.328e-04,-1.000,2.957e-03,-1.467,-1.362,-0.800,-0.757,-2.058
0.0013794,-1.05000,10.08814,0.8273078203,2.4279134274,0.709,2.536,3.6566,1.331,7,0.000,0.511,9.24,7.03,4.93,3.84,3.10,3,-1.87e-08,0.00,7.394e-01,2.577e-01,2.418e-04,8.005e-05,6.328e-04,-1.000,2.893e-03,-1.571,-1.450,-0.874,-0.830,-2.158
0.0013794,-1.05000,10.08814,0.8273159266,2.4279160500,0.701,2.578,3.6510,1.261,7,0.000,0.505,10.67,7.94,5.53,4.32,3.49,2,-2.44e-08,0.00,7.394e-01,2.577e-01,2.395e-04,8.229e-05,6.328e-04,-1.000,2.864e-03,-1.675,-1.530,-0.933,-0.889,-2.252
0.0013794,-1.05000,10.08814,0.8273217082,2.4279179573,0.693,2.609,3.6438,1.197,7,0.000,0.500,12.21,8.90,6.17,4.83,3.90,2,-3.03e-08,0.00,7.394e-01,2.578e-01,2.369e-04,8.519e-05,6.328e-04,-1.000,2.855e-03,-1.753,-1.574,-0.952,-0.906,-2.315
0.0013794,-1.05000,10.08814,0.8273288012,2.4279201031,0.681,2.650,3.6397,1.132,7,0.000,0.491,13.96,9.97,6.87,5.39,4.36,2,-3.94e-08,0.00,7.394e-01,2.578e-01,2.330e-04,8.987e-05,6.328e-04,-1.000,2.806e-03,-1.856,-1.656,-1.019,-0.972,-2.409
0.0013794,-1.05000,10.08814,0.8273356557,2.4279224873,0.666,2.691,3.6363,1.067,7,0.000,0.483,15.93,11.14,7.63,6.00,4.85,2,-5.19e-08,0.00,7.394e-01,2.579e-01,2.294e-04,9.428e-05,6.328e-04,-1.000,2.777e-03,-1.958,-1.740,-1.087,-1.040,-2.502
0.0013794,-1.05000,10.08814,0.8273421526,2.4279243946,0.647,2.732,3.6330,1.001,7,0.000,0.477,18.22,12.46,8.49,6.69,5.42,1,-7e-08,0.00,7.393e-01,2.579e-01,2.263e-04,9.805e-05,6.328e-04,-1.000,2.796e-03,-2.059,-1.823,-1.156,-1.108,-2.595
0.0013794,-1.05000,10.08814,0.8273484707,2.4279265404,0.622,2.773,3.6302,0.931,7,0.000,0.471,20.99,14.00,9.48,7.50,6.07,1,-9.74e-08,0.00,7.393e-01,2.580e-01,2.235e-04,1.014e-04,6.328e-04,-1.000,2.752e-03,-2.163,-1.910,-1.228,-1.179,-2.693
0.0013794,-1.05000,10.08814,0.8273543715,2.4279284477,0.588,2.816,3.6296,0.862,7,0.000,0.465,24.03,15.63,10.52,8.35,6.75,1,-1.42e-07,0.00,7.393e-01,2.580e-01,2.211e-04,1.044e-04,6.328e-04,-1.000,2.743e-03,-2.269,-2.010,-1.320,-1.271,-2.798
0.0013794,-1.05000,10.08814,0.8273596764,2.4279301167,0.544,2.858,3.6370,0.815,7,0.000,0.460,26.18,16.69,11.18,8.90,7.20,1,-2.15e-07,0.00,7.392e-01,2.581e-01,2.189e-04,1.071e-04,6.327e-04,-1.000,2.731e-03,-2.376,-2.157,-1.487,-1.438,-2.930
0.0013794,-1.05000,10.08814,0.8273621202,2.4279310703,0.509,2.881,3.6534,0.829,7,0.000,0.457,25.06,16.00,10.72,8.56,6.92,1,-2.66e-07,0.00,7.392e-01,2.581e-01,2.175e-04,1.089e-04,6.327e-04,-1.000,2.721e-03,-2.433,-2.294,-1.676,-1.630,-3.030
0.0013794,-1.05000,10.08814,1.0957379341,2.4909605980,0.545,-9.999,3.5799,7.956,9,0.545,0.000,0.00,0.00,0.00,0.00,0.00,-1,-1e-30,0.00,7.258e-01,2.727e-01,2.008e-04,1.499e-04,6.442e-04,-1.000,1.416e-03,29.767,30.143,31.070,31.118,29.212
