Gmag,G_BPbrmag,G_BPftmag,G_RPmag,logAge,MH
15.371,18.286,18.334,13.893,9.98900,-0.00000
14.910,17.813,17.860,13.433,9.98900,-0.00000
14.133,16.868,16.916,12.685,9.98900,-0.00000
13.996,16.657,16.704,12.562,9.98900,-0.00000
13.409,15.786,15.834,12.029,9.98900,-0.00000
12.881,15.023,15.070,11.550,9.98900,-0.00000
12.115,13.970,14.017,10.850,9.98900,-0.00000
11.412,13.044,13.091,10.205,9.98900,-0.00000
10.908,12.426,12.473,9.735,9.98900,-0.00000
10.521,11.965,12.012,9.372,9.98900,-0.00000
10.468,11.902,11.949,9.321,9.98900,-0.00000
10.150,11.514,11.561,9.027,9.98900,-0.00000
10.023,11.361,11.408,8.910,9.98900,-0.00000
10.015,11.352,11.398,8.902,9.98900,-0.00000
9.562,10.807,10.854,8.484,9.98900,-0.00000
9.297,10.487,10.534,8.242,9.98900,-0.00000
9.066,10.208,10.255,8.031,9.98900,-0.00000
8.814,9.901,9.948,7.804,9.98900,-0.00000
8.495,9.514,9.562,7.518,9.98900,-0.00000
7.921,8.813,8.861,7.013,9.98900,-0.00000
7.324,8.080,8.129,6.496,9.98900,-0.00000
6.737,7.357,7.405,5.999,9.98900,-0.00000
6.715,7.331,7.378,5.980,9.98900,-0.00000
6.457,7.024,7.069,5.761,9.98900,-0.00000
6.225,6.751,6.795,5.562,9.98900,-0.00000
6.198,6.719,6.762,5.538,9.98900,-0.00000
6.084,6.588,6.630,5.438,9.98900,-0.00000
5.899,6.377,6.419,5.276,9.98900,-0.00000
5.734,6.191,6.231,5.129,9.98900,-0.00000
5.723,6.179,6.219,5.120,9.98900,-0.00000
5.584,6.023,6.061,4.996,9.98900,-0.00000
5.427,5.850,5.887,4.855,9.98900,-0.00000
5.287,5.695,5.732,4.728,9.98900,-0.00000
5.266,5.672,5.708,4.709,9.98900,-0.00000
5.228,5.630,5.665,4.675,9.98900,-0.00000
5.078,5.466,5.500,4.539,9.98900,-0.00000
4.936,5.311,5.344,4.410,9.98900,-0.00000
4.808,5.172,5.204,4.292,9.98900,-0.00000
4.658,5.012,5.042,4.153,9.98900,-0.00000
4.496,4.840,4.870,4.000,9.98900,-0.00000
4.352,4.689,4.718,3.862,9.98900,-0.00000
4.338,4.675,4.703,3.849,9.98900,-0.00000
4.230,4.563,4.592,3.746,9.98900,-0.00000
4.213,4.545,4.573,3.728,9.98900,-0.00000
4.109,4.439,4.467,3.627,9.98900,-0.00000
4.026,4.356,4.384,3.544,9.98900,-0.00000
3.930,4.261,4.289,3.447,9.98900,-0.00000
3.864,4.197,4.226,3.379,9.98900,-0.00000
3.842,4.176,4.205,3.356,9.98900,-0.00000
3.789,4.128,4.156,3.298,9.98900,-0.00000
3.751,4.093,4.122,3.256,9.98900,-0.00000
3.682,4.042,4.072,3.170,9.98900,-0.00000
3.665,4.044,4.076,3.133,9.98900,-0.00000
3.681,4.083,4.118,3.127,9.98900,-0.00000
3.702,4.126,4.163,3.126,9.98900,-0.00000
3.697,4.144,4.183,3.101,9.98900,-0.00000
3.640,4.107,4.147,3.027,9.98900,-0.00000
3.589,4.064,4.104,2.967,9.98900,-0.00000
3.471,3.954,3.995,2.842,9.98900,-0.00000
3.349,3.838,3.879,2.716,9.98900,-0.00000
3.250,3.741,3.783,2.614,9.98900,-0.00000
3.146,3.639,3.681,2.507,9.98900,-0.00000
3.040,3.536,3.578,2.399,9.98900,-0.00000
2.933,3.433,3.475,2.290,9.98900,-0.00000
2.835,3.337,3.379,2.189,9.98900,-0.00000
2.733,3.239,3.281,2.085,9.98900,-0.00000
2.622,3.131,3.174,1.971,9.98900,-0.00000
2.522,3.034,3.077,1.868,9.98900,-0.00000
2.425,2.941,2.983,1.768,9.98900,-0.00000
2.328,2.848,2.891,1.668,9.98900,-0.00000
2.225,2.749,2.792,1.561,9.98900,-0.00000
2.102,2.632,2.675,1.434,9.98900,-0.00000
2.004,2.538,2.581,1.332,9.98900,-0.00000
1.910,2.449,2.493,1.235,9.98900,-0.00000
1.818,2.361,2.405,1.139,9.98900,-0.00000
1.697,2.246,2.290,1.012,9.98900,-0.00000
1.581,2.137,2.181,0.891,9.98900,-0.00000
1.465,2.028,2.073,0.770,9.98900,-0.00000
1.350,1.920,1.965,0.649,9.98900,-0.00000
1.240,1.817,1.863,0.534,9.98900,-0.00000
1.139,1.723,1.769,0.428,9.98900,-0.00000
1.059,1.648,1.694,0.344,9.98900,-0.00000
1.122,1.705,1.751,0.411,9.98900,-0.00000
1.216,1.791,1.836,0.511,9.98900,-0.00000
1.222,1.796,1.842,0.518,9.98900,-0.00000
1.117,1.699,1.744,0.407,9.98900,-0.00000
1.009,1.600,1.646,0.293,9.98900,-0.00000
0.900,1.501,1.547,0.177,9.98900,-0.00000
0.796,1.405,1.452,0.065,9.98900,-0.00000
0.689,1.310,1.357,-0.049,9.98900,-0.00000
0.588,1.219,1.267,-0.157,9.98900,-0.00000
0.485,1.127,1.175,-0.268,9.98900,-0.00000
0.385,1.038,1.086,-0.376,9.98900,-0.00000
0.287,0.952,1.001,-0.482,9.98900,-0.00000
0.188,0.866,0.915,-0.589,9.98900,-0.00000
0.092,0.780,0.830,-0.692,9.98900,-0.00000
-0.000,0.698,0.748,-0.792,9.98900,-0.00000
-0.096,0.614,0.664,-0.894,9.98900,-0.00000
-0.187,0.533,0.583,-0.992,9.98900,-0.00000
-0.279,0.451,0.501,-1.092,9.98900,-0.00000
-0.365,0.375,0.425,-1.185,9.98900,-0.00000
-0.454,0.296,0.346,-1.281,9.98900,-0.00000
-0.541,0.219,0.269,-1.375,9.98900,-0.00000
-0.624,0.147,0.197,-1.465,9.98900,-0.00000
-0.706,0.079,0.130,-1.557,9.98900,-0.00000
-0.787,0.015,0.065,-1.648,9.98900,-0.00000
-0.862,-0.041,0.009,-1.734,9.98900,-0.00000
-0.937,-0.098,-0.047,-1.822,9.98900,-0.00000
-1.011,-0.152,-0.101,-1.906,9.98900,-0.00000
-1.077,-0.195,-0.143,-1.985,9.98900,-0.00000
-1.144,-0.238,-0.187,-2.066,9.98900,-0.00000
-1.209,-0.280,-0.229,-2.144,9.98900,-0.00000
-1.265,-0.304,-0.253,-2.216,9.98900,-0.00000
-1.320,-0.325,-0.274,-2.288,9.98900,-0.00000
-1.373,-0.343,-0.292,-2.358,9.98900,-0.00000
-1.426,-0.340,-0.290,-2.436,9.98900,-0.00000
-1.478,-0.337,-0.286,-2.512,9.98900,-0.00000
-1.521,-0.311,-0.261,-2.580,9.98900,-0.00000
-1.558,-0.274,-0.224,-2.645,9.98900,-0.00000
-1.587,-0.221,-0.172,-2.702,9.98900,-0.00000
-1.607,-0.147,-0.098,-2.751,9.98900,-0.00000
-1.622,-0.066,-0.018,-2.796,9.98900,-0.00000
-1.624,0.047,0.094,-2.829,9.98900,-0.00000
-1.623,0.163,0.208,-2.859,9.98900,-0.00000
-1.601,0.312,0.355,-2.867,9.98900,-0.00000
-1.574,0.470,0.512,-2.871,9.98900,-0.00000
-1.523,0.666,0.706,-2.850,9.98900,-0.00000
-1.461,0.879,0.917,-2.819,9.98900,-0.00000
-1.408,1.061,1.096,-2.793,9.98900,-0.00000
-1.355,1.232,1.264,-2.764,9.98900,-0.00000
-1.294,1.407,1.437,-2.727,9.98900,-0.00000
-1.256,1.515,1.543,-2.704,9.98900,-0.00000
0.643,1.197,1.242,-0.045,9.98900,-0.00000
0.626,1.182,1.227,-0.064,9.98900,-0.00000
0.617,1.174,1.219,-0.073,9.98900,-0.00000
0.617,1.173,1.218,-0.073,9.98900,-0.00000
0.620,1.175,1.220,-0.068,9.98900,-0.00000
0.625,1.179,1.223,-0.062,9.98900,-0.00000
0.631,1.182,1.227,-0.055,9.98900,-0.00000
0.636,1.186,1.230,-0.049,9.98900,-0.00000
0.641,1.189,1.234,-0.042,9.98900,-0.00000
0.646,1.193,1.237,-0.036,9.98900,-0.00000
0.650,1.196,1.240,-0.031,9.98900,-0.00000
0.653,1.198,1.242,-0.027,9.98900,-0.00000
0.657,1.200,1.244,-0.023,9.98900,-0.00000
0.659,1.201,1.246,-0.019,9.98900,-0.00000
0.660,1.202,1.246,-0.018,9.98900,-0.00000
0.661,1.202,1.246,-0.017,9.98900,-0.00000
0.662,1.203,1.247,-0.015,9.98900,-0.00000
0.663,1.204,1.248,-0.014,9.98900,-0.00000
0.664,1.204,1.248,-0.013,9.98900,-0.00000
0.663,1.203,1.247,-0.013,9.98900,-0.00000
0.662,1.202,1.246,-0.014,9.98900,-0.00000
0.661,1.200,1.244,-0.015,9.98900,-0.00000
0.658,1.198,1.241,-0.018,9.98900,-0.00000
0.658,1.197,1.241,-0.018,9.98900,-0.00000
0.656,1.196,1.240,-0.020,9.98900,-0.00000
0.652,1.192,1.236,-0.024,9.98900,-0.00000
0.646,1.187,1.231,-0.031,9.98900,-0.00000
0.639,1.181,1.225,-0.038,9.98900,-0.00000
0.631,1.173,1.217,-0.048,9.98900,-0.00000
0.620,1.164,1.208,-0.059,9.98900,-0.00000
0.608,1.153,1.198,-0.073,9.98900,-0.00000
0.595,1.142,1.186,-0.088,9.98900,-0.00000
0.579,1.128,1.173,-0.105,9.98900,-0.00000
0.562,1.114,1.158,-0.124,9.98900,-0.00000
0.554,1.107,1.151,-0.133,9.98900,-0.00000
0.496,1.057,1.102,-0.197,9.98900,-0.00000
0.413,0.986,1.031,-0.288,9.98900,-0.00000
0.332,0.916,0.962,-0.378,9.98900,-0.00000
0.245,0.842,0.889,-0.475,9.98900,-0.00000
0.164,0.773,0.820,-0.565,9.98900,-0.00000
0.083,0.704,0.752,-0.655,9.98900,-0.00000
0.003,0.636,0.684,-0.744,9.98900,-0.00000
-0.079,0.566,0.614,-0.835,9.98900,-0.00000
-0.134,0.519,0.568,-0.895,9.98900,-0.00000
-0.135,0.518,0.566,-0.896,9.98900,-0.00000
-0.156,0.500,0.549,-0.919,9.98900,-0.00000
-0.251,0.418,0.467,-1.024,9.98900,-0.00000
-0.330,0.350,0.400,-1.109,9.98900,-0.00000
-0.359,0.325,0.374,-1.141,9.98900,-0.00000
-0.297,0.378,0.428,-1.073,9.98900,-0.00000
-0.246,0.422,0.471,-1.018,9.98900,-0.00000
-0.315,0.363,0.412,-1.094,9.98900,-0.00000
-0.396,0.294,0.344,-1.182,9.98900,-0.00000
-0.477,0.225,0.274,-1.271,9.98900,-0.00000
-0.560,0.152,0.202,-1.363,9.98900,-0.00000
-0.642,0.082,0.132,-1.453,9.98900,-0.00000
-0.723,0.014,0.064,-1.542,9.98900,-0.00000
-0.804,-0.051,-0.001,-1.634,9.98900,-0.00000
-0.883,-0.112,-0.061,-1.724,9.98900,-0.00000
-0.960,-0.171,-0.120,-1.813,9.98900,-0.00000
-1.035,-0.227,-0.176,-1.900,9.98900,-0.00000
-1.105,-0.274,-0.222,-1.984,9.98900,-0.00000
-1.161,-0.297,-0.246,-2.060,9.98900,-0.00000
-1.200,-0.288,-0.237,-2.125,9.98900,-0.00000
-1.259,-0.313,-0.261,-2.202,9.98900,-0.00000
-1.312,-0.325,-0.274,-2.276,9.98900,-0.00000
-1.365,-0.335,-0.284,-2.350,9.98900,-0.00000
-1.410,-0.319,-0.268,-2.421,9.98900,-0.00000
-1.451,-0.300,-0.249,-2.489,9.98900,-0.00000
-1.479,-0.253,-0.203,-2.544,9.98900,-0.00000
-1.503,-0.198,-0.148,-2.597,9.98900,-0.00000
-1.515,-0.117,-0.068,-2.640,9.98900,-0.00000
-1.523,-0.025,0.023,-2.679,9.98900,-0.00000
-1.517,0.089,0.137,-2.704,9.98900,-0.00000
-1.501,0.227,0.273,-2.721,9.98900,-0.00000
-1.470,0.393,0.437,-2.724,9.98900,-0.00000
-1.425,0.582,0.625,-2.712,9.98900,-0.00000
-1.355,0.809,0.849,-2.676,9.98900,-0.00000
-1.229,1.172,1.208,-2.599,9.98900,-0.00000
-0.996,1.769,1.797,-2.444,9.98900,-0.00000
-0.921,1.946,1.972,-2.393,9.98900,-0.00000
-0.918,1.951,1.976,-2.391,9.98900,-0.00000
-0.912,1.961,1.986,-2.387,9.98900,-0.00000
-0.902,1.987,2.011,-2.382,9.98900,-0.00000
-0.890,2.015,2.039,-2.376,9.98900,-0.00000
-0.873,2.050,2.074,-2.366,9.98900,-0.00000
-0.867,2.074,2.098,-2.365,9.98900,-0.00000
-0.860,2.100,2.124,-2.364,9.98900,-0.00000
-0.849,2.131,2.154,-2.359,9.98900,-0.00000
-0.840,2.155,2.178,-2.355,9.98900,-0.00000
-1.064,1.408,1.443,-2.450,9.98900,-0.00000
-1.323,0.573,0.617,-2.585,9.98900,-0.00000
-1.428,-0.104,-0.055,-2.529,9.98900,-0.00000
-1.420,-0.015,0.034,-2.547,9.98900,-0.00000
-1.328,0.540,0.585,-2.584,9.98900,-0.00000
-1.014,1.542,1.574,-2.418,9.98900,-0.00000
-0.804,2.086,2.110,-2.286,9.98900,-0.00000
-0.782,2.189,2.212,-2.290,9.98900,-0.00000
-0.786,2.223,2.246,-2.305,9.98900,-0.00000
-0.787,2.238,2.261,-2.311,9.98900,-0.00000
-0.785,2.248,2.271,-2.310,9.98900,-0.00000
-0.881,1.865,1.893,-2.326,9.98900,-0.00000
-1.265,0.739,0.782,-2.552,9.98900,-0.00000
-1.401,0.001,0.050,-2.526,9.98900,-0.00000
-1.392,0.091,0.139,-2.544,9.98900,-0.00000
-1.275,0.694,0.737,-2.554,9.98900,-0.00000
-0.943,1.704,1.734,-2.366,9.98900,-0.00000
-0.770,2.143,2.167,-2.260,9.98900,-0.00000
-0.762,2.230,2.253,-2.276,9.98900,-0.00000
-0.771,2.261,2.284,-2.296,9.98900,-0.00000
-0.770,2.280,2.303,-2.299,9.98900,-0.00000
-0.768,2.290,2.313,-2.299,9.98900,-0.00000
-0.825,1.985,2.011,-2.284,9.98900,-0.00000
-1.221,0.871,0.912,-2.528,9.98900,-0.00000
-1.386,0.075,0.124,-2.530,9.98900,-0.00000
-1.376,0.167,0.215,-2.547,9.98900,-0.00000
-1.238,0.809,0.851,-2.536,9.98900,-0.00000
-0.894,1.810,1.839,-2.329,9.98900,-0.00000
-0.750,2.184,2.208,-2.246,9.98900,-0.00000
-0.750,2.261,2.284,-2.269,9.98900,-0.00000
-0.754,2.301,2.324,-2.285,9.98900,-0.00000
-0.757,2.323,2.345,-2.292,9.98900,-0.00000
-0.756,2.333,2.356,-2.293,9.98900,-0.00000
-0.787,2.073,2.098,-2.257,9.98900,-0.00000
-1.185,0.981,1.021,-2.506,9.98900,-0.00000
-1.385,0.118,0.166,-2.543,9.98900,-0.00000
-1.370,0.224,0.271,-2.555,9.98900,-0.00000
-1.214,0.895,0.936,-2.524,9.98900,-0.00000
-0.862,1.887,1.915,-2.306,9.98900,-0.00000
-0.739,2.214,2.238,-2.240,9.98900,-0.00000
-0.739,2.294,2.317,-2.263,9.98900,-0.00000
-0.743,2.339,2.362,-2.279,9.98900,-0.00000
-0.749,2.359,2.382,-2.288,9.98900,-0.00000
-0.748,2.369,2.392,-2.290,9.98900,-0.00000
-0.782,2.100,2.125,-2.256,9.98900,-0.00000
-1.179,1.032,1.072,-2.509,9.98900,-0.00000
-1.407,0.118,0.166,-2.571,9.98900,-0.00000
-1.391,0.226,0.274,-2.580,9.98900,-0.00000
-1.222,0.917,0.959,-2.537,9.98900,-0.00000
-0.861,1.915,1.943,-2.310,9.98900,-0.00000
-0.741,2.230,2.254,-2.246,9.98900,-0.00000
-0.740,2.313,2.337,-2.267,9.98900,-0.00000
-0.740,2.366,2.389,-2.280,9.98900,-0.00000
-0.744,2.386,2.409,-2.289,9.98900,-0.00000
-0.747,2.390,2.413,-2.293,9.98900,-0.00000
29.983,29.971,29.961,29.987,9.98900,-0.00000
