Zini,MH,logAge,Mini,int_IMF,Mass,logL,logTe,logg,label,McoreTP,C_O,period0,period1,period2,period3,period4,pmode,Mloss,tau1m,X,Y,Xc,Xn,Xo,Cexcess,Z,,mbolmag,Gmag,G_BPbrmag,G_BPftmag,G_RPmag
0.0038518,-0.60000,9.96614,0.0900000036,1.0816895962,0.090,-3.305,3.4142,5.306,1,0.000,0.545,0.00,0.00,0.00,0.00,0.00,-1,-4.62e-17,0.00,7.389e-01,2.572e-01,6.997e-04,1.887e-04,1.712e-03,-1.000,3.891e-03,13.033,14.701,17.702,17.747,13.259,
0.0038518,-0.60000,9.96614,0.0999553576,1.1707334518,0.100,-3.095,3.4436,5.259,1,0.000,0.545,0.00,0.00,0.00,0.00,0.00,-1,-7.51e-17,0.00,7.383e-01,2.578e-01,6.997e-04,1.887e-04,1.712e-03,-1.000,3.891e-03,12.507,13.927,16.388,16.434,12.560,
0.0038518,-0.60000,9.96614,0.1198660806,1.3184322119,0.120,-2.824,3.4766,5.198,1,0.000,0.545,0.00,0.00,0.00,0.00,0.00,-1,-1.37e-16,0.00,7.370e-01,2.591e-01,6.997e-04,1.887e-04,1.712e-03,-1.000,3.891e-03,11.829,12.942,14.807,14.854,11.686,
0.0038518,-0.60000,9.96614,0.1397768110,1.4372476339,0.140,-2.638,3.4958,5.156,1,0.000,0.545,0.00,0.00,0.00,0.00,0.00,-1,-2.04e-16,0.00,7.360e-01,2.601e-01,6.997e-04,1.887e-04,1.712e-03,-1.000,3.891e-03,11.365,12.307,13.882,13.929,11.123,
0.0038518,-0.60000,9.96614,0.1596875340,1.5358746052,0.160,-2.495,3.5088,5.124,1,0.000,0.545,0.00,0.00,0.00,0.00,0.00,-1,-2.76e-16,0.00,7.351e-01,2.610e-01,6.997e-04,1.887e-04,1.712e-03,-1.000,3.891e-03,11.008,11.843,13.256,13.304,10.707,
0.0038518,-0.60000,9.96614,0.1995089650,1.6922106743,0.199,-2.274,3.5264,5.069,1,0.000,0.545,0.00,0.00,0.00,0.00,0.00,-1,-4.38e-16,0.00,7.338e-01,2.623e-01,6.997e-04,1.887e-04,1.712e-03,-1.000,3.891e-03,10.454,11.159,12.398,12.446,10.085,
0.0038518,-0.60000,9.96614,0.2492857873,1.8385096788,0.249,-2.065,3.5397,5.011,1,0.000,0.545,0.00,0.00,0.00,0.00,0.00,-1,-1.14e-16,0.00,7.330e-01,2.631e-01,6.996e-04,1.888e-04,1.712e-03,-1.000,3.891e-03,9.934,10.553,11.687,11.735,9.521,
0.0038518,-0.60000,9.96614,0.2990626097,1.9510329962,0.299,-1.903,3.5489,4.964,1,0.000,0.545,0.00,0.00,0.00,0.00,0.00,-1,-8.79e-16,0.00,7.329e-01,2.633e-01,6.996e-04,1.888e-04,1.712e-03,-1.000,3.891e-03,9.528,10.094,11.167,11.214,9.088,
0.0038518,-0.60000,9.96614,0.3382716775,2.0237653255,0.338,-1.791,3.5552,4.931,1,0.000,0.545,0.00,0.00,0.00,0.00,0.00,-1,-1.2e-15,0.00,7.386e-01,2.575e-01,6.997e-04,1.887e-04,1.712e-03,-1.000,3.891e-03,9.247,9.778,10.812,10.860,8.791,
0.0038518,-0.60000,9.96614,0.3488393724,2.0415112972,0.349,-1.763,3.5568,4.922,1,0.000,0.545,0.00,0.00,0.00,0.00,0.00,-1,-1.27e-15,0.00,7.399e-01,2.562e-01,6.997e-04,1.887e-04,1.712e-03,-1.000,3.891e-03,9.177,9.699,10.724,10.772,8.717,
0.0038518,-0.60000,9.96614,0.3986161947,2.1165916920,0.398,-1.609,3.5684,4.873,1,0.000,0.545,0.00,0.00,0.00,0.00,0.00,-1,-1.79e-15,0.00,7.402e-01,2.559e-01,6.997e-04,1.887e-04,1.712e-03,-1.000,3.891e-03,8.792,9.254,10.213,10.261,8.304,
0.0038518,-0.60000,9.96614,0.4319488108,2.1603672504,0.432,-1.494,3.5784,4.833,1,0.000,0.545,0.00,0.00,0.00,0.00,0.00,-1,-2.35e-15,0.00,7.402e-01,2.559e-01,6.997e-04,1.887e-04,1.712e-03,-1.000,3.891e-03,8.505,8.920,9.830,9.878,7.995,
0.0038518,-0.60000,9.96614,0.4483930469,2.1803767681,0.448,-1.440,3.5831,4.814,1,0.000,0.545,0.00,0.00,0.00,0.00,0.00,-1,-2.67e-15,0.00,7.402e-01,2.559e-01,6.997e-04,1.887e-04,1.712e-03,-1.000,3.891e-03,8.371,8.765,9.654,9.702,7.853,
0.0038518,-0.60000,9.96614,0.4981698096,2.2355630398,0.498,-1.256,3.6039,4.759,1,0.000,0.545,0.00,0.00,0.00,0.00,0.00,-1,-4.12e-15,0.00,7.402e-01,2.559e-01,6.997e-04,1.887e-04,1.712e-03,-1.000,3.891e-03,7.910,8.222,9.025,9.071,7.360,
0.0038518,-0.60000,9.96614,0.5479466915,2.2819509506,0.547,-1.050,3.6331,4.711,1,0.000,0.545,0.00,0.00,0.00,0.00,0.00,-1,-6.66e-15,0.00,7.646e-01,2.318e-01,6.376e-04,1.721e-04,1.561e-03,-1.000,3.579e-03,7.396,7.607,8.295,8.341,6.817,
0.0038518,-0.60000,9.96614,0.5977234244,2.3195717335,0.597,-0.856,3.6647,4.681,1,0.000,0.544,0.00,0.00,0.00,0.00,0.00,-1,-1.03e-14,0.00,7.696e-01,2.269e-01,6.270e-04,1.693e-04,1.536e-03,-1.000,3.502e-03,6.910,7.002,7.565,7.607,6.303,
0.0038518,-0.60000,9.96614,0.6135360599,2.3300635815,0.613,-0.794,3.6751,4.672,1,0.000,0.544,0.00,0.00,0.00,0.00,0.00,-1,-1.19e-14,0.00,7.709e-01,2.256e-01,6.238e-04,1.684e-04,1.529e-03,-1.000,3.471e-03,6.755,6.813,7.341,7.381,6.142,
0.0038518,-0.60000,9.96614,0.6475002170,2.3506197929,0.647,-0.665,3.6968,4.653,1,0.000,0.544,0.00,0.00,0.00,0.00,0.00,-1,-1.59e-14,0.00,7.739e-01,2.227e-01,6.170e-04,1.666e-04,1.513e-03,-1.000,3.406e-03,6.432,6.428,6.893,6.929,5.810,
0.0038518,-0.60000,9.96614,0.6562221646,2.3555052280,0.656,-0.632,3.7020,4.647,1,0.000,0.544,0.00,0.00,0.00,0.00,0.00,-1,-1.72e-14,0.00,7.748e-01,2.218e-01,6.149e-04,1.661e-04,1.507e-03,-1.000,3.407e-03,6.350,6.334,6.786,6.821,5.728,
0.0038518,-0.60000,9.96614,0.6718990803,2.3639209270,0.672,-0.574,3.7112,4.636,1,0.000,0.544,0.00,0.00,0.00,0.00,0.00,-1,-1.97e-14,0.00,7.765e-01,2.201e-01,6.110e-04,1.650e-04,1.498e-03,-1.000,3.402e-03,6.204,6.170,6.598,6.632,5.585,
0.0038518,-0.60000,9.96614,0.6865096092,2.3713676929,0.686,-0.520,3.7195,4.624,1,0.000,0.544,0.00,0.00,0.00,0.00,0.00,-1,-2.23e-14,0.00,7.782e-01,2.185e-01,6.073e-04,1.641e-04,1.490e-03,-1.000,3.359e-03,6.069,6.020,6.428,6.460,5.453,
0.0038518,-0.60000,9.96614,0.6972770691,2.3766264915,0.697,-0.480,3.7256,4.615,1,0.000,0.543,0.00,0.00,0.00,0.00,0.00,-1,-2.45e-14,0.00,7.793e-01,2.173e-01,6.046e-04,1.633e-04,1.483e-03,-1.000,3.367e-03,5.969,5.911,6.307,6.337,5.357,
0.0038518,-0.60000,9.96614,0.7016687989,2.3787181377,0.701,-0.463,3.7280,4.611,1,0.000,0.543,0.00,0.00,0.00,0.00,0.00,-1,-2.55e-14,0.00,7.799e-01,2.167e-01,6.025e-04,1.630e-04,1.480e-03,-1.000,3.376e-03,5.928,5.867,6.257,6.287,5.318,
0.0038518,-0.60000,9.96614,0.7192026973,2.3867771626,0.719,-0.398,3.7375,4.595,1,0.000,0.540,0.00,0.00,0.00,0.00,0.00,-1,-2.98e-14,0.00,7.822e-01,2.145e-01,5.944e-04,1.615e-04,1.467e-03,-1.000,3.314e-03,5.765,5.693,6.063,6.091,5.163,
0.0038518,-0.60000,9.96614,0.7354172468,2.3938379288,0.735,-0.337,3.7459,4.577,1,0.000,0.538,0.00,0.00,0.00,0.00,0.00,-1,-3.46e-14,0.00,7.844e-01,2.123e-01,5.869e-04,1.600e-04,1.455e-03,-1.000,3.286e-03,5.613,5.534,5.886,5.912,5.022,
0.0038518,-0.60000,9.96614,0.7471474409,2.3987267017,0.747,-0.293,3.7519,4.564,1,0.000,0.536,0.00,0.00,0.00,0.00,0.00,-1,-3.86e-14,0.00,7.860e-01,2.107e-01,5.815e-04,1.590e-04,1.446e-03,-1.000,3.248e-03,5.503,5.419,5.760,5.784,4.920,
0.0038518,-0.60000,9.96614,0.7507848740,2.4002070427,0.750,-0.279,3.7535,4.559,1,0.000,0.536,0.00,0.00,0.00,0.00,0.00,-1,-4e-14,0.00,7.867e-01,2.101e-01,5.799e-04,1.586e-04,1.443e-03,-1.000,3.242e-03,5.468,5.384,5.721,5.746,4.888,
0.0038518,-0.60000,9.96614,0.7645918727,2.4056789875,0.764,-0.227,3.7593,4.537,1,0.000,0.536,0.00,0.00,0.00,0.00,0.00,-1,-4.58e-14,0.00,7.893e-01,2.075e-01,5.738e-04,1.570e-04,1.428e-03,-1.000,3.283e-03,5.337,5.250,5.575,5.598,4.766,
0.0038518,-0.60000,9.96614,0.7776599526,2.4106528759,0.777,-0.177,3.7646,4.516,1,0.000,0.536,0.00,0.00,0.00,0.00,0.00,-1,-5.04e-14,0.00,7.918e-01,2.049e-01,5.677e-04,1.553e-04,1.413e-03,-1.000,3.246e-03,5.211,5.123,5.438,5.460,4.650,
0.0038518,-0.60000,9.96614,0.7896528244,2.4150512218,0.789,-0.130,3.7693,4.494,1,0.000,0.535,0.00,0.00,0.00,0.00,0.00,-1,-5.84e-14,0.00,7.943e-01,2.025e-01,5.619e-04,1.538e-04,1.400e-03,-1.000,3.218e-03,5.094,5.005,5.311,5.332,4.543,
0.0038518,-0.60000,9.96614,0.7970177531,2.4176771641,0.796,-0.101,3.7720,4.480,1,0.000,0.535,0.00,0.00,0.00,0.00,0.00,-1,-6.4e-14,0.00,7.959e-01,2.009e-01,5.582e-04,1.529e-04,1.391e-03,-1.000,3.187e-03,5.022,4.932,5.233,5.253,4.476,
0.0038518,-0.60000,9.96614,0.8043509126,2.4202365875,0.804,-0.071,3.7744,4.464,1,0.000,0.535,0.00,0.00,0.00,0.00,0.00,-1,-6.95e-14,0.00,7.980e-01,1.989e-01,5.533e-04,1.515e-04,1.380e-03,-1.000,3.141e-03,4.948,4.859,5.154,5.174,4.407,
0.0038518,-0.60000,9.96614,0.8173081279,2.4246304035,0.816,-0.018,3.7784,4.433,1,0.000,0.535,0.00,0.00,0.00,0.00,0.00,-1,-8.07e-14,0.00,8.018e-01,1.951e-01,5.444e-04,1.491e-04,1.358e-03,-1.000,3.101e-03,4.814,4.724,5.011,5.030,4.282,
0.0038518,-0.60000,9.96614,0.8294956684,2.4286196232,0.829,0.035,3.7821,4.402,1,0.000,0.534,0.00,0.00,0.00,0.00,0.00,-1,-8.75e-14,0.00,8.057e-01,1.913e-01,5.355e-04,1.467e-04,1.336e-03,-1.000,3.055e-03,4.683,4.594,4.873,4.892,4.160,
0.0038518,-0.60000,9.96614,0.8404729366,2.4320988655,0.839,0.084,3.7851,4.370,1,0.000,0.534,0.00,0.00,0.00,0.00,0.00,-1,-1.05e-13,0.00,8.093e-01,1.877e-01,5.270e-04,1.444e-04,1.316e-03,-1.000,2.986e-03,4.560,4.471,4.745,4.762,4.044,
0.0038518,-0.60000,9.96614,0.8468881845,2.4340841770,0.846,0.114,3.7868,4.351,1,0.000,0.534,0.00,0.00,0.00,0.00,0.00,-1,-1.18e-13,0.00,8.115e-01,1.855e-01,5.219e-04,1.431e-04,1.304e-03,-1.000,2.951e-03,4.486,4.397,4.667,4.685,3.973,
0.0038518,-0.60000,9.96614,0.8515149951,2.4354946613,0.850,0.135,3.7878,4.336,1,0.000,0.534,0.00,0.00,0.00,0.00,0.00,-1,-1.26e-13,0.00,8.135e-01,1.835e-01,5.173e-04,1.418e-04,1.293e-03,-1.000,2.932e-03,4.432,4.343,4.611,4.628,3.922,
0.0038518,-0.60000,9.96614,0.8625197411,2.4387798309,0.861,0.187,3.7900,4.298,1,0.000,0.533,0.00,0.00,0.00,0.00,0.00,-1,-1.47e-13,0.00,8.183e-01,1.788e-01,5.067e-04,1.390e-04,1.267e-03,-1.000,2.876e-03,4.301,4.212,4.476,4.493,3.796,
0.0038518,-0.60000,9.96614,0.8728225231,2.4417693615,0.871,0.238,3.7915,4.258,1,0.000,0.533,0.00,0.00,0.00,0.00,0.00,-1,-1.72e-13,0.00,8.219e-01,1.753e-01,4.987e-04,1.369e-04,1.248e-03,-1.000,2.825e-03,4.175,4.085,4.346,4.363,3.673,
0.0038518,-0.60000,9.96614,0.8819010258,2.4443371296,0.880,0.286,3.7924,4.219,1,0.000,0.533,0.00,0.00,0.00,0.00,0.00,-1,-2e-13,0.00,8.236e-01,1.735e-01,4.951e-04,1.359e-04,1.240e-03,-1.000,2.818e-03,4.056,3.966,4.225,4.241,3.556,
0.0038518,-0.60000,9.96614,0.8839412928,2.4449057579,0.882,0.297,3.7926,4.209,1,0.000,0.533,0.00,0.00,0.00,0.00,0.00,-1,-1.92e-13,0.00,8.239e-01,1.733e-01,4.946e-04,1.358e-04,1.238e-03,-1.000,2.818e-03,4.028,3.938,4.197,4.214,3.529,
0.0038518,-0.60000,9.96614,0.8877723217,2.4459655285,0.886,0.318,3.7927,4.190,1,0.000,0.532,0.00,0.00,0.00,0.00,0.00,-1,-2.11e-13,0.00,8.243e-01,1.728e-01,4.938e-04,1.356e-04,1.236e-03,-1.000,2.818e-03,3.974,3.884,4.143,4.159,3.475,
0.0038518,-0.60000,9.96614,0.8951175213,2.4479682446,0.893,0.362,3.7922,4.148,1,0.000,0.532,0.00,0.00,0.00,0.00,0.00,-1,-2.54e-13,0.00,8.252e-01,1.720e-01,4.922e-04,1.351e-04,1.233e-03,-1.000,2.818e-03,3.865,3.775,4.034,4.050,3.365,
0.0038518,-0.60000,9.96614,0.8967584372,2.4484105110,0.895,0.373,3.7917,4.136,1,0.000,0.532,0.00,0.00,0.00,0.00,0.00,-1,-2.66e-13,0.00,8.254e-01,1.718e-01,4.919e-04,1.351e-04,1.232e-03,-1.000,2.799e-03,3.839,3.748,4.008,4.024,3.338,
0.0038518,-0.60000,9.96614,0.9033519030,2.4501688480,0.902,0.415,3.7900,4.090,1,0.000,0.532,0.00,0.00,0.00,0.00,0.00,-1,-3.08e-13,0.00,8.245e-01,1.728e-01,4.955e-04,1.361e-04,1.242e-03,-1.000,2.750e-03,3.731,3.640,3.903,3.920,3.227,
0.0038518,-0.60000,9.96614,0.9062336683,2.4509282112,0.904,0.435,3.7888,4.066,1,0.000,0.532,0.00,0.00,0.00,0.00,0.00,-1,-3.32e-13,0.00,8.231e-01,1.741e-01,4.996e-04,1.372e-04,1.252e-03,-1.000,2.837e-03,3.682,3.591,3.855,3.872,3.175,
0.0038518,-0.60000,9.96614,0.9109213352,2.4521517754,0.909,0.470,3.7854,4.020,2,0.000,0.532,0.00,0.00,0.00,0.00,0.00,-1,-3.77e-13,0.00,8.187e-01,1.784e-01,5.127e-04,1.408e-04,1.284e-03,-1.000,2.914e-03,3.596,3.505,3.775,3.793,3.082,
0.0038518,-0.60000,9.96614,0.9158869982,2.4534318447,0.914,0.507,3.7789,3.959,2,0.000,0.533,0.00,0.00,0.00,0.00,0.00,-1,-4.39e-13,0.00,8.057e-01,1.912e-01,5.463e-04,1.500e-04,1.368e-03,-1.000,3.101e-03,3.501,3.411,3.693,3.711,2.975,
0.0038518,-0.60000,9.96614,0.9197113514,2.4544069767,0.918,0.533,3.7696,3.898,2,0.000,0.534,0.00,0.00,0.00,0.00,0.00,-1,-5.01e-13,0.00,7.862e-01,2.104e-01,5.913e-04,1.621e-04,1.477e-03,-1.000,3.363e-03,3.436,3.348,3.647,3.667,2.892,
0.0038518,-0.60000,9.96614,0.9220464230,2.4549977779,0.920,0.544,3.7597,3.848,2,0.000,0.535,0.00,0.00,0.00,0.00,0.00,-1,-5.44e-13,0.00,7.726e-01,2.239e-01,6.209e-04,1.700e-04,1.547e-03,-1.000,3.504e-03,3.410,3.325,3.643,3.666,2.849,
0.0038518,-0.60000,9.96614,0.9239714146,2.4554822445,0.922,0.550,3.7479,3.796,2,0.000,0.536,0.00,0.00,0.00,0.00,0.00,-1,-5.86e-13,0.00,7.632e-01,2.331e-01,6.407e-04,1.752e-04,1.594e-03,-1.000,3.633e-03,3.394,3.318,3.659,3.683,2.818,
0.0038518,-0.60000,9.96614,0.9254853129,2.4558618069,0.923,0.563,3.7375,3.742,2,0.000,0.536,0.00,0.00,0.00,0.00,0.00,-1,-6.41e-13,0.00,7.578e-01,2.385e-01,6.519e-04,1.782e-04,1.620e-03,-1.000,3.696e-03,3.361,3.296,3.657,3.683,2.775,
0.0038518,-0.60000,9.96614,0.9267990589,2.4561898708,0.925,0.590,3.7296,3.684,2,0.000,0.537,0.00,0.00,0.00,0.00,0.00,-1,-7.27e-13,0.00,7.540e-01,2.423e-01,6.593e-04,1.802e-04,1.638e-03,-1.000,3.741e-03,3.294,3.239,3.615,3.643,2.701,
0.0038518,-0.60000,9.96614,0.9280164242,2.4564929008,0.926,0.631,3.7240,3.621,2,0.000,0.537,0.00,0.00,0.00,0.00,0.00,-1,-8.55e-13,0.00,7.508e-01,2.454e-01,6.645e-04,1.816e-04,1.650e-03,-1.000,3.740e-03,3.192,3.145,3.533,3.562,2.597,
0.0038518,-0.60000,9.96614,0.9281904101,2.4565360546,0.926,0.638,3.7232,3.612,2,0.000,0.537,0.00,0.00,0.00,0.00,0.00,-1,-8.8e-13,0.00,7.504e-01,2.459e-01,6.652e-04,1.817e-04,1.652e-03,-1.000,3.696e-03,3.176,3.130,3.520,3.549,2.581,
0.0038518,-0.60000,9.96614,0.9288142920,2.4566910267,0.927,0.666,3.7211,3.576,3,0.000,0.537,0.00,0.00,0.00,0.00,0.00,-1,-9.76e-13,0.00,7.488e-01,2.474e-01,6.671e-04,1.823e-04,1.656e-03,-1.000,3.741e-03,3.106,3.064,3.457,3.486,2.510,
0.0038518,-0.60000,9.96614,0.9296092391,2.4568879604,0.927,0.704,3.7188,3.528,3,0.000,0.537,0.00,0.00,0.00,0.00,0.00,-1,-1.13e-12,0.00,7.468e-01,2.495e-01,6.692e-04,1.829e-04,1.662e-03,-1.000,3.779e-03,3.009,2.971,3.368,3.398,2.412,
0.0038518,-0.60000,9.96614,0.9304884076,2.4571053982,0.928,0.752,3.7166,3.472,3,0.000,0.536,0.00,0.00,0.00,0.00,0.00,-1,-1.34e-12,0.00,7.443e-01,2.519e-01,6.705e-04,1.837e-04,1.667e-03,-1.000,3.793e-03,2.889,2.855,3.258,3.287,2.293,
0.0038518,-0.60000,9.96614,0.9313058257,2.4573073387,0.929,0.801,3.7147,3.416,3,0.000,0.534,0.00,0.00,0.00,0.00,0.00,-1,-1.6e-12,0.00,7.417e-01,2.545e-01,6.693e-04,1.851e-04,1.671e-03,-1.000,3.795e-03,2.767,2.736,3.143,3.173,2.170,
0.0038518,-0.60000,9.96614,0.9319158792,2.4574575424,0.930,0.841,3.7134,3.371,3,0.000,0.530,0.00,0.00,0.00,0.00,0.00,-1,-1.84e-12,0.00,7.396e-01,2.566e-01,6.648e-04,1.888e-04,1.674e-03,-1.000,3.794e-03,2.668,2.639,3.048,3.079,2.070,
0.0038518,-0.60000,9.96614,0.9325025678,2.4576017857,0.930,0.882,3.7121,3.325,3,0.000,0.523,0.00,0.00,0.00,0.00,0.00,-1,-2.13e-12,0.00,7.375e-01,2.587e-01,6.571e-04,1.961e-04,1.677e-03,-1.000,3.794e-03,2.566,2.539,2.951,2.982,1.968,
0.0038518,-0.60000,9.96614,0.9331744313,2.4577667713,0.931,0.932,3.7106,3.269,3,0.000,0.512,0.00,0.00,0.00,0.00,0.00,-1,-2.56e-12,0.00,7.352e-01,2.610e-01,6.446e-04,2.097e-04,1.679e-03,-1.000,3.799e-03,2.439,2.416,2.831,2.862,1.841,
0.0038518,-0.60000,9.96614,0.9337805510,2.4579155445,0.931,0.982,3.7090,3.213,3,0.000,0.501,0.00,0.00,0.00,0.00,0.00,-1,-3.06e-12,0.00,7.331e-01,2.631e-01,6.313e-04,2.256e-04,1.680e-03,-1.000,3.820e-03,2.315,2.295,2.713,2.745,1.717,
0.0038518,-0.60000,9.96614,0.9343655109,2.4580588341,0.932,1.034,3.7073,3.155,3,0.000,0.491,0.00,0.00,0.00,0.00,0.00,-1,-3.69e-12,0.00,7.312e-01,2.650e-01,6.188e-04,2.414e-04,1.682e-03,-1.000,3.810e-03,2.185,2.168,2.590,2.622,1.587,
0.0038518,-0.60000,9.96614,0.9348621964,2.4581801891,0.932,1.083,3.7057,3.099,3,0.000,0.484,0.00,0.00,0.00,0.00,0.00,-1,-4.39e-12,0.00,7.298e-01,2.664e-01,6.098e-04,2.530e-04,1.683e-03,-1.000,3.798e-03,2.063,2.050,2.475,2.507,1.466,
0.0038518,-0.60000,9.96614,0.9353304505,2.4582946301,0.933,1.133,3.7039,3.042,3,0.000,0.478,0.00,0.00,0.00,0.00,0.00,-1,-5.27e-12,0.00,7.287e-01,2.675e-01,6.034e-04,2.612e-04,1.683e-03,-1.000,3.800e-03,1.937,1.928,2.357,2.389,1.340,
0.0038518,-0.60000,9.96614,0.9357343316,2.4583930969,0.933,1.181,3.7021,2.987,3,0.000,0.475,0.00,0.00,0.00,0.00,0.00,-1,-6.26e-12,0.00,7.278e-01,2.683e-01,5.988e-04,2.671e-04,1.684e-03,-1.000,3.828e-03,1.818,1.812,2.245,2.277,1.221,
0.0038518,-0.60000,9.96614,0.9361128807,2.4584853649,0.933,1.230,3.7002,2.931,3,0.000,0.472,0.00,0.00,0.00,0.00,0.00,-1,-7.48e-12,0.00,7.272e-01,2.689e-01,5.956e-04,2.712e-04,1.684e-03,-1.000,3.850e-03,1.695,1.693,2.131,2.163,1.098,
0.0038518,-0.60000,9.96614,0.9364626408,2.4585707188,0.933,1.280,3.6981,2.873,3,0.000,0.470,0.00,0.00,0.00,0.00,0.00,-1,-8.96e-12,0.00,7.269e-01,2.694e-01,5.935e-04,2.739e-04,1.685e-03,-1.000,3.795e-03,1.571,1.575,2.017,2.050,0.975,
0.0038518,-0.60000,9.96614,0.9367628098,2.4586436749,0.934,1.326,3.6962,2.819,3,0.000,0.469,0.00,0.00,0.00,0.00,0.00,-1,-1.06e-11,0.00,7.266e-01,2.696e-01,5.923e-04,2.755e-04,1.685e-03,-1.000,3.821e-03,1.455,1.463,1.911,1.944,0.859,
0.0038518,-0.60000,9.96614,0.9370423555,2.4587116241,0.934,1.373,3.6941,2.763,3,0.000,0.469,0.00,0.00,0.00,0.00,0.00,-1,-1.26e-11,0.00,7.265e-01,2.697e-01,5.917e-04,2.762e-04,1.685e-03,-1.000,3.887e-03,1.337,1.350,1.803,1.836,0.742,
0.0038518,-0.60000,9.96614,0.9372813702,2.4587697983,0.934,1.417,3.6921,2.711,3,0.000,0.469,0.00,0.00,0.00,0.00,0.00,-1,-1.48e-11,0.00,7.264e-01,2.697e-01,5.916e-04,2.764e-04,1.685e-03,-1.000,3.887e-03,1.227,1.246,1.703,1.737,0.632,
0.0038518,-0.60000,9.96614,0.9375125170,2.4588258266,0.934,1.463,3.6899,2.656,3,0.000,0.468,0.00,0.00,0.00,0.00,0.00,-1,-1.76e-11,0.00,7.264e-01,2.697e-01,5.915e-04,2.765e-04,1.685e-03,-1.000,3.888e-03,1.111,1.136,1.598,1.633,0.518,
0.0038518,-0.60000,9.96614,0.9377167821,2.4588754177,0.934,1.507,3.6877,2.604,3,0.000,0.468,0.00,0.00,0.00,0.00,0.00,-1,-2.07e-11,0.00,7.264e-01,2.697e-01,5.914e-04,2.766e-04,1.685e-03,-1.000,3.888e-03,1.001,1.032,1.500,1.535,0.410,
0.0038518,-0.60000,9.96614,0.9379071593,2.4589216709,0.934,1.552,3.6855,2.551,3,0.000,0.468,0.00,0.00,0.00,0.00,0.00,-1,-2.43e-11,0.00,7.264e-01,2.697e-01,5.914e-04,2.767e-04,1.685e-03,-1.000,3.888e-03,0.891,0.928,1.401,1.437,0.301,
0.0038518,-0.60000,9.96614,0.9380758405,2.4589626789,0.934,1.594,3.6833,2.500,3,0.000,0.468,0.00,0.00,0.00,0.00,0.00,-1,-2.84e-11,0.00,7.264e-01,2.697e-01,5.913e-04,2.768e-04,1.685e-03,-1.000,3.887e-03,0.785,0.829,1.307,1.343,0.197,
0.0038518,-0.60000,9.96614,0.9382314086,2.4590003490,0.934,1.636,3.6811,2.449,3,0.000,0.468,0.00,0.00,0.00,0.00,0.00,-1,-3.31e-11,0.00,7.264e-01,2.697e-01,5.912e-04,2.769e-04,1.685e-03,-1.000,3.888e-03,0.681,0.731,1.216,1.252,0.094,
0.0038518,-0.60000,9.96614,0.9383799434,2.4590363503,0.934,1.677,3.6789,2.399,3,0.000,0.468,0.00,0.00,0.00,0.00,0.00,-1,-3.87e-11,0.00,7.264e-01,2.697e-01,5.912e-04,2.770e-04,1.685e-03,-1.000,3.887e-03,0.577,0.634,1.125,1.161,-0.009,
0.0038518,-0.60000,9.96614,0.9385187030,2.4590699673,0.934,1.715,3.6768,2.353,3,0.000,0.468,0.00,0.00,0.00,0.00,0.00,-1,-4.45e-11,0.00,7.264e-01,2.697e-01,5.911e-04,2.771e-04,1.685e-03,-1.000,3.887e-03,0.483,0.546,1.043,1.080,-0.102,
0.0038518,-0.60000,9.96614,0.9386759400,2.4591078758,0.934,1.750,3.6749,2.310,3,0.000,0.468,0.00,0.00,0.00,0.00,0.00,-1,-5.07e-11,0.00,7.264e-01,2.697e-01,5.911e-04,2.771e-04,1.685e-03,-1.000,3.887e-03,0.395,0.464,0.966,1.004,-0.189,
0.0038518,-0.60000,9.96614,0.9387691617,2.4591305256,0.934,1.766,3.6741,2.290,3,0.000,0.468,0.00,0.00,0.00,0.00,0.00,-1,-5.39e-11,0.00,7.264e-01,2.698e-01,5.910e-04,2.772e-04,1.685e-03,-1.000,3.887e-03,0.354,0.425,0.930,0.968,-0.229,
0.0038518,-0.60000,9.96614,0.9388435483,2.4591486454,0.934,1.754,3.6750,2.307,3,0.000,0.468,0.00,0.00,0.00,0.00,0.00,-1,-5.19e-11,0.00,7.264e-01,2.698e-01,5.910e-04,2.772e-04,1.686e-03,-1.000,3.888e-03,0.386,0.454,0.956,0.993,-0.198,
0.0038518,-0.60000,9.96614,0.9389486909,2.4591739178,0.934,1.719,3.6775,2.351,3,0.000,0.468,0.00,0.00,0.00,0.00,0.00,-1,-4.59e-11,0.00,7.263e-01,2.698e-01,5.910e-04,2.773e-04,1.686e-03,-1.000,3.887e-03,0.471,0.532,1.027,1.064,-0.114,
0.0038518,-0.60000,9.96614,0.9389622808,2.4591772556,0.934,1.715,3.6778,2.356,3,0.000,0.468,0.00,0.00,0.00,0.00,0.00,-1,-4.5e-11,0.00,7.263e-01,2.698e-01,5.910e-04,2.773e-04,1.686e-03,-1.000,3.887e-03,0.482,0.542,1.036,1.073,-0.104,
0.0038518,-0.60000,9.96614,0.9390706420,2.4592034817,0.934,1.754,3.6755,2.308,3,0.000,0.468,0.00,0.00,0.00,0.00,0.00,-1,-5.13e-11,0.00,7.263e-01,2.698e-01,5.909e-04,2.774e-04,1.686e-03,-1.000,3.887e-03,0.385,0.451,0.952,0.990,-0.200,
0.0038518,-0.60000,9.96614,0.9391896129,2.4592323303,0.933,1.799,3.6729,2.253,3,0.000,0.468,0.00,0.00,0.00,0.00,0.00,-1,-6.06e-11,0.00,7.263e-01,2.698e-01,5.909e-04,2.774e-04,1.686e-03,-1.000,3.887e-03,0.272,0.346,0.855,0.893,-0.311,
0.0038518,-0.60000,9.96614,0.9392954111,2.4592578411,0.933,1.842,3.6704,2.200,3,0.000,0.468,0.00,0.00,0.00,0.00,0.00,-1,-7.1e-11,0.00,7.263e-01,2.698e-01,5.908e-04,2.775e-04,1.686e-03,-1.000,3.887e-03,0.166,0.248,0.764,0.803,-0.415,
0.0038518,-0.60000,9.96614,0.9393968582,2.4592823982,0.933,1.885,3.6678,2.146,3,0.000,0.468,0.00,0.00,0.00,0.00,0.00,-1,-8.36e-11,0.00,7.263e-01,2.698e-01,5.908e-04,2.775e-04,1.686e-03,-1.000,3.887e-03,0.057,0.147,0.672,0.711,-0.523,
0.0038518,-0.60000,9.96614,0.9394891858,2.4593048096,0.933,1.928,3.6651,2.092,3,0.000,0.468,0.00,0.00,0.00,0.00,0.00,-1,-9.81e-11,0.00,7.263e-01,2.698e-01,5.908e-04,2.776e-04,1.686e-03,-1.000,3.887e-03,-0.050,0.049,0.582,0.622,-0.627,
0.0038518,-0.60000,9.96614,0.9395764470,2.4593257904,0.933,1.971,3.6624,2.038,3,0.000,0.468,0.00,0.00,0.00,0.00,0.00,-1,-1.15e-10,0.00,7.263e-01,2.698e-01,5.907e-04,2.776e-04,1.686e-03,-1.000,3.887e-03,-0.158,-0.050,0.491,0.531,-0.733,
0.0038518,-0.60000,9.96614,0.9396546483,2.4593446255,0.932,2.013,3.6597,1.986,3,0.000,0.468,0.00,0.00,0.00,0.00,0.00,-1,-1.35e-10,0.00,7.263e-01,2.698e-01,5.907e-04,2.777e-04,1.686e-03,-1.000,3.887e-03,-0.261,-0.144,0.405,0.446,-0.834,
0.0038518,-0.60000,9.96614,0.9397288561,2.4593625069,0.932,2.055,3.6570,1.932,3,0.000,0.468,0.00,0.00,0.00,0.00,0.00,-1,-1.58e-10,0.00,7.263e-01,2.698e-01,5.907e-04,2.777e-04,1.686e-03,-1.000,3.887e-03,-0.368,-0.241,0.318,0.359,-0.938,
0.0038518,-0.60000,9.96614,0.9397947788,2.4593784809,0.932,2.096,3.6543,1.880,3,0.000,0.468,0.00,0.00,0.00,0.00,0.00,-1,-1.85e-10,0.00,7.263e-01,2.698e-01,5.907e-04,2.777e-04,1.686e-03,-1.000,3.887e-03,-0.470,-0.334,0.235,0.278,-1.038,
0.0038518,-0.60000,9.96614,0.9398569465,2.4593935013,0.931,2.137,3.6515,1.828,3,0.000,0.468,0.00,0.00,0.00,0.00,0.00,-1,-2.16e-10,0.00,7.263e-01,2.698e-01,5.906e-04,2.778e-04,1.686e-03,-1.000,3.887e-03,-0.574,-0.427,0.151,0.194,-1.138,
0.0038518,-0.60000,9.96614,0.9399139881,2.4594073296,0.931,2.179,3.6487,1.775,3,0.000,0.468,0.00,0.00,0.00,0.00,0.00,-1,-2.52e-10,0.00,7.263e-01,2.698e-01,5.906e-04,2.778e-04,1.686e-03,-1.000,3.888e-03,-0.676,-0.519,0.070,0.113,-1.237,
0.0038518,-0.60000,9.96614,0.9399665594,2.4594199657,0.931,2.219,3.6459,1.723,3,0.000,0.468,0.00,0.00,0.00,0.00,0.00,-1,-2.94e-10,0.00,7.263e-01,2.698e-01,5.906e-04,2.778e-04,1.686e-03,-1.000,3.887e-03,-0.778,-0.608,-0.010,0.034,-1.334,
0.0038518,-0.60000,9.96614,0.9400150180,2.4594316483,0.930,2.260,3.6431,1.671,3,0.000,0.468,0.00,0.00,0.00,0.00,0.00,-1,-3.43e-10,0.00,7.263e-01,2.698e-01,5.906e-04,2.778e-04,1.686e-03,-1.000,3.887e-03,-0.879,-0.697,-0.090,-0.045,-1.429,
0.0038518,-0.60000,9.96614,0.9400599003,2.4594426155,0.930,2.300,3.6402,1.619,3,0.000,0.468,0.00,0.00,0.00,0.00,0.00,-1,-3.99e-10,0.00,7.263e-01,2.698e-01,5.906e-04,2.779e-04,1.686e-03,-1.000,3.887e-03,-0.979,-0.785,-0.167,-0.122,-1.524,
0.0038518,-0.60000,9.96614,0.9401027560,2.4594528675,0.929,2.341,3.6374,1.567,3,0.000,0.468,0.00,0.00,0.00,0.00,0.00,-1,-4.66e-10,0.00,7.263e-01,2.698e-01,5.905e-04,2.779e-04,1.686e-03,-1.000,3.887e-03,-1.082,-0.874,-0.246,-0.200,-1.620,
0.0038518,-0.60000,9.96614,0.9401401281,2.4594619274,0.928,2.379,3.6345,1.516,3,0.000,0.468,0.00,0.00,0.00,0.00,0.00,-1,-5.4e-10,0.00,7.263e-01,2.698e-01,5.905e-04,2.779e-04,1.686e-03,-1.000,3.887e-03,-1.179,-0.956,-0.318,-0.271,-1.709,
0.0038518,-0.60000,9.96614,0.9401758313,2.4594705105,0.928,2.419,3.6316,1.464,3,0.000,0.468,0.00,0.00,0.00,0.00,0.00,-1,-6.29e-10,0.00,7.263e-01,2.698e-01,5.905e-04,2.779e-04,1.686e-03,-1.000,3.887e-03,-1.279,-1.040,-0.391,-0.344,-1.802,
0.0038518,-0.60000,9.96614,0.9402083755,2.4594783783,0.927,2.459,3.6287,1.413,3,0.000,0.468,0.00,0.00,0.00,0.00,0.00,-1,-7.3e-10,0.00,7.263e-01,2.698e-01,5.905e-04,2.779e-04,1.686e-03,-1.000,3.887e-03,-1.376,-1.122,-0.462,-0.414,-1.892,
0.0038518,-0.60000,9.96614,0.9402385950,2.4594855309,0.926,2.498,3.6257,1.362,3,0.000,0.468,0.00,0.00,0.00,0.00,0.00,-1,-8.47e-10,0.00,7.263e-01,2.698e-01,5.905e-04,2.780e-04,1.686e-03,-1.000,3.887e-03,-1.474,-1.203,-0.530,-0.482,-1.981,
0.0038518,-0.60000,9.96614,0.9402672052,2.4594924450,0.925,2.537,3.6229,1.311,3,0.000,0.468,10.49,7.81,5.47,4.23,3.43,3,-9.85e-10,0.00,7.263e-01,2.698e-01,5.905e-04,2.780e-04,1.686e-03,-1.000,3.887e-03,-1.573,-1.285,-0.600,-0.551,-2.071,
0.0038518,-0.60000,9.96614,0.9402993321,2.4595003128,0.924,2.584,3.6191,1.248,3,0.000,0.468,11.97,8.74,6.10,4.72,3.83,3,-1.18e-09,0.00,7.263e-01,2.698e-01,5.905e-04,2.780e-04,1.686e-03,-1.000,3.887e-03,-1.691,-1.382,-0.681,-0.632,-2.179,
0.0038518,-0.60000,9.96614,0.9403237104,2.4595060349,0.923,2.624,3.6162,1.197,3,0.000,0.468,13.32,9.59,6.66,5.16,4.19,3,-1.37e-09,0.00,7.263e-01,2.698e-01,5.905e-04,2.780e-04,1.686e-03,-1.000,3.887e-03,-1.789,-1.461,-0.747,-0.698,-2.267,
0.0038518,-0.60000,9.96614,0.9403461218,2.4595115185,0.922,2.662,3.6133,1.146,3,0.000,0.468,14.80,10.50,7.27,5.64,4.57,3,-1.59e-09,0.00,7.263e-01,2.698e-01,5.905e-04,2.780e-04,1.686e-03,-1.000,3.887e-03,-1.884,-1.539,-0.812,-0.762,-2.352,
0.0038518,-0.60000,9.96614,0.9403720498,2.4595177174,0.920,2.709,3.6095,1.083,3,0.000,0.468,16.89,11.77,8.10,6.30,5.11,3,-1.91e-09,0.00,7.263e-01,2.698e-01,5.904e-04,2.780e-04,1.686e-03,-1.000,3.887e-03,-2.003,-1.634,-0.890,-0.840,-2.458,
0.0038518,-0.60000,9.96614,0.9403957129,2.4595234394,0.919,2.756,3.6058,1.020,3,0.000,0.468,19.25,13.17,9.02,7.02,5.70,3,-2.28e-09,0.00,7.263e-01,2.698e-01,5.904e-04,2.780e-04,1.686e-03,-1.000,3.887e-03,-2.120,-1.726,-0.963,-0.913,-2.561,
0.0038518,-0.60000,9.96614,0.9404137731,2.4595279694,0.917,2.794,3.6028,0.969,3,0.000,0.468,21.41,14.43,9.84,7.68,6.23,2,-2.65e-09,0.00,7.263e-01,2.698e-01,5.904e-04,2.781e-04,1.686e-03,-1.000,3.887e-03,-2.216,-1.801,-1.024,-0.973,-2.646,
0.0038518,-0.60000,9.96614,0.9404340982,2.4595327377,0.915,2.840,3.5991,0.907,3,0.000,0.468,24.37,16.14,10.95,8.55,6.95,2,-3.16e-09,0.00,7.263e-01,2.698e-01,5.904e-04,2.781e-04,1.686e-03,-1.000,3.887e-03,-2.331,-1.889,-1.092,-1.041,-2.746,
0.0038518,-0.60000,9.96614,0.9404529333,2.4595372677,0.913,2.886,3.5953,0.845,3,0.000,0.468,27.74,18.04,12.18,9.53,7.74,2,-3.78e-09,0.00,7.263e-01,2.698e-01,5.904e-04,2.781e-04,1.686e-03,-1.000,3.887e-03,-2.445,-1.975,-1.156,-1.104,-2.844,
0.0038518,-0.60000,9.96614,0.9404705763,2.4595415592,0.910,2.932,3.5915,0.783,3,0.000,0.467,31.62,20.19,13.56,10.63,8.64,2,-4.52e-09,0.00,7.263e-01,2.698e-01,5.904e-04,2.781e-04,1.686e-03,-1.000,3.887e-03,-2.561,-2.062,-1.221,-1.170,-2.944,
0.0038518,-0.60000,9.96614,0.9404868484,2.4595453739,0.908,2.978,3.5877,0.721,3,0.000,0.467,36.00,22.57,15.09,11.85,9.63,2,-5.41e-09,0.00,7.263e-01,2.698e-01,5.904e-04,2.781e-04,1.686e-03,-1.000,3.887e-03,-2.676,-2.146,-1.282,-1.231,-3.041,
0.0038518,-0.60000,9.96614,0.9405014515,2.4595489502,0.905,3.022,3.5839,0.660,3,0.000,0.467,40.87,25.17,16.74,13.17,10.70,2,-6.43e-09,0.00,7.263e-01,2.698e-01,5.904e-04,2.781e-04,1.686e-03,-1.000,3.887e-03,-2.785,-2.223,-1.335,-1.284,-3.132,
0.0038518,-0.60000,9.96614,0.9405154586,2.4595522881,0.901,3.067,3.5800,0.598,3,0.000,0.467,46.49,28.12,18.60,14.66,11.92,1,-7.67e-09,0.00,7.263e-01,2.698e-01,5.904e-04,2.781e-04,1.686e-03,-1.000,3.887e-03,-2.897,-2.303,-1.390,-1.338,-3.226,
0.0038518,-0.60000,9.96614,0.9405283332,2.4595553875,0.897,3.111,3.5761,0.537,3,0.000,0.467,52.82,31.38,20.66,16.31,13.26,1,-9.13e-09,0.00,7.263e-01,2.698e-01,5.904e-04,2.781e-04,1.686e-03,-1.000,3.887e-03,-3.007,-2.376,-1.434,-1.382,-3.314,
0.0038518,-0.60000,9.96614,0.9405401349,2.4595582485,0.893,3.154,3.5722,0.476,3,0.000,0.467,59.95,34.98,22.91,18.12,14.74,1,-1.08e-08,0.00,7.263e-01,2.698e-01,5.904e-04,2.781e-04,1.686e-03,-1.000,3.887e-03,-3.115,-2.445,-1.472,-1.420,-3.399,
0.0038518,-0.60000,9.96614,0.9405510426,2.4595608711,0.889,3.196,3.5682,0.416,3,0.000,0.467,68.00,38.96,25.40,20.12,16.37,1,-1.28e-08,0.00,7.263e-01,2.698e-01,5.904e-04,2.781e-04,1.686e-03,-1.000,3.887e-03,-3.220,-2.509,-1.499,-1.447,-3.481,
0.0038518,-0.60000,9.96614,0.9405612350,2.4595634937,0.884,3.238,3.5642,0.355,3,0.000,0.467,77.12,43.39,28.14,22.34,18.18,1,-1.52e-08,0.00,7.263e-01,2.698e-01,5.904e-04,2.781e-04,1.686e-03,-1.000,3.887e-03,-3.325,-2.568,-1.516,-1.464,-3.558,
0.0038518,-0.60000,9.96614,0.9405706525,2.4595656395,0.879,3.278,3.5601,0.296,3,0.000,0.467,87.29,48.24,31.13,24.76,20.15,1,-1.79e-08,0.00,7.263e-01,2.698e-01,5.904e-04,2.781e-04,1.686e-03,-1.000,3.887e-03,-3.426,-2.623,-1.529,-1.477,-3.632,
0.0038518,-0.60000,9.96614,0.9405794740,2.4595677853,0.873,3.318,3.5561,0.237,3,0.000,0.467,98.70,53.57,34.41,27.41,22.31,1,-2.11e-08,0.00,7.263e-01,2.698e-01,5.904e-04,2.781e-04,1.686e-03,-1.000,3.887e-03,-3.526,-2.670,-1.524,-1.472,-3.701,
0.0038518,-0.60000,9.96614,0.9405881166,2.4595699310,0.866,3.357,3.5522,0.179,3,0.000,0.467,111.38,59.38,37.95,30.29,24.66,1,-2.48e-08,0.00,7.263e-01,2.698e-01,5.904e-04,2.781e-04,1.686e-03,-1.000,3.887e-03,-3.624,-2.716,-1.518,-1.466,-3.768,
0.0038518,-0.60000,9.96614,0.9405907989,2.4595706463,0.863,3.368,3.5511,0.163,3,0.000,0.467,115.21,61.11,39.01,31.15,25.36,1,-2.61e-08,0.00,7.263e-01,2.698e-01,5.904e-04,2.781e-04,1.686e-03,-1.000,3.887e-03,-3.650,-2.728,-1.514,-1.463,-3.786,
0.0038518,-0.60000,9.96614,0.9405907989,2.4595706463,0.863,1.738,3.7047,2.407,4,0.000,0.493,0.00,0.00,0.00,0.00,0.00,-1,-1e-30,0.00,7.295e-01,2.666e-01,6.218e-04,2.378e-04,1.680e-03,-1.000,3.891e-03,0.426,0.416,0.844,0.876,-0.171,
0.0038518,-0.60000,9.96614,0.9406753778,2.4595909119,0.863,1.750,3.7037,2.391,4,0.000,0.493,0.00,0.00,0.00,0.00,0.00,-1,-1e-30,0.00,7.295e-01,2.666e-01,6.218e-04,2.378e-04,1.680e-03,-1.000,3.891e-03,0.396,0.387,0.818,0.850,-0.201,
0.0038518,-0.60000,9.96614,0.9407536387,2.4596097469,0.863,1.753,3.7035,2.387,4,0.000,0.493,0.00,0.00,0.00,0.00,0.00,-1,-1e-30,0.00,7.295e-01,2.666e-01,6.218e-04,2.378e-04,1.680e-03,-1.000,3.891e-03,0.387,0.379,0.810,0.843,-0.210,
0.0038518,-0.60000,9.96614,0.9408316612,2.4596285820,0.863,1.755,3.7037,2.386,4,0.000,0.493,0.00,0.00,0.00,0.00,0.00,-1,-1e-30,0.00,7.295e-01,2.666e-01,6.218e-04,2.378e-04,1.680e-03,-1.000,3.891e-03,0.384,0.375,0.806,0.839,-0.214,
0.0038518,-0.60000,9.96614,0.9409113526,2.4596476555,0.863,1.754,3.7040,2.388,4,0.000,0.493,0.00,0.00,0.00,0.00,0.00,-1,-1e-30,0.00,7.295e-01,2.666e-01,6.218e-04,2.378e-04,1.680e-03,-1.000,3.891e-03,0.384,0.375,0.805,0.837,-0.213,
0.0038518,-0.60000,9.96614,0.9409907460,2.4596669674,0.863,1.753,3.7045,2.391,4,0.000,0.493,0.00,0.00,0.00,0.00,0.00,-1,-1e-30,0.00,7.295e-01,2.666e-01,6.218e-04,2.379e-04,1.680e-03,-1.000,3.891e-03,0.387,0.377,0.806,0.838,-0.211,
0.0038518,-0.60000,9.96614,0.9410711527,2.4596862793,0.863,1.752,3.7051,2.395,4,0.000,0.493,0.00,0.00,0.00,0.00,0.00,-1,-1e-30,0.00,7.295e-01,2.666e-01,6.218e-04,2.379e-04,1.680e-03,-1.000,3.891e-03,0.390,0.379,0.807,0.839,-0.207,
0.0038518,-0.60000,9.96614,0.9411519170,2.4597055912,0.863,1.750,3.7057,2.399,4,0.000,0.493,0.00,0.00,0.00,0.00,0.00,-1,-1e-30,0.00,7.295e-01,2.666e-01,6.217e-04,2.379e-04,1.680e-03,-1.000,3.891e-03,0.394,0.382,0.808,0.840,-0.203,
0.0038518,-0.60000,9.96614,0.9412332177,2.4597251415,0.863,1.749,3.7062,2.403,4,0.000,0.493,0.00,0.00,0.00,0.00,0.00,-1,-1e-30,0.00,7.295e-01,2.667e-01,6.217e-04,2.379e-04,1.680e-03,-1.000,3.891e-03,0.399,0.385,0.810,0.842,-0.198,
0.0038518,-0.60000,9.96614,0.9413169026,2.4597454071,0.864,1.747,3.7068,2.406,4,0.000,0.493,0.00,0.00,0.00,0.00,0.00,-1,-1e-30,0.00,7.295e-01,2.667e-01,6.217e-04,2.379e-04,1.680e-03,-1.000,3.891e-03,0.402,0.387,0.811,0.843,-0.195,
0.0038518,-0.60000,9.96614,0.9414038658,2.4597663879,0.864,1.746,3.7073,2.410,4,0.000,0.493,0.00,0.00,0.00,0.00,0.00,-1,-1e-30,0.00,7.295e-01,2.667e-01,6.217e-04,2.380e-04,1.680e-03,-1.000,3.891e-03,0.405,0.389,0.812,0.843,-0.192,
0.0038518,-0.60000,9.96614,0.9414895773,2.4597868919,0.864,1.745,3.7078,2.412,4,0.000,0.493,0.00,0.00,0.00,0.00,0.00,-1,-1e-30,0.00,7.294e-01,2.667e-01,6.217e-04,2.380e-04,1.680e-03,-1.000,3.891e-03,0.407,0.391,0.812,0.843,-0.189,
0.0038518,-0.60000,9.96614,0.9415735006,2.4598071575,0.864,1.744,3.7082,2.415,4,0.000,0.493,0.00,0.00,0.00,0.00,0.00,-1,-1e-30,0.00,7.294e-01,2.667e-01,6.217e-04,2.380e-04,1.680e-03,-1.000,3.891e-03,0.409,0.392,0.812,0.843,-0.187,
0.0038518,-0.60000,9.96614,0.9416606426,2.4598281384,0.864,1.744,3.7086,2.417,4,0.000,0.493,0.00,0.00,0.00,0.00,0.00,-1,-1e-30,0.00,7.294e-01,2.667e-01,6.217e-04,2.380e-04,1.680e-03,-1.000,3.891e-03,0.411,0.393,0.812,0.843,-0.186,
0.0038518,-0.60000,9.96614,0.9417113066,2.4598402977,0.864,1.743,3.7088,2.418,4,0.000,0.493,0.00,0.00,0.00,0.00,0.00,-1,-1e-30,0.00,7.294e-01,2.667e-01,6.217e-04,2.380e-04,1.680e-03,-1.000,3.891e-03,0.412,0.393,0.812,0.843,-0.185,
0.0038518,-0.60000,9.96614,0.9417386055,2.4598467350,0.864,1.743,3.7089,2.419,4,0.000,0.493,0.00,0.00,0.00,0.00,0.00,-1,-1e-30,0.00,7.294e-01,2.667e-01,6.217e-04,2.381e-04,1.680e-03,-1.000,3.891e-03,0.412,0.393,0.811,0.843,-0.185,
0.0038518,-0.60000,9.96614,0.9418194294,2.4598662853,0.864,1.743,3.7092,2.420,4,0.000,0.493,0.00,0.00,0.00,0.00,0.00,-1,-1e-30,0.00,7.294e-01,2.667e-01,6.216e-04,2.381e-04,1.680e-03,-1.000,3.891e-03,0.412,0.393,0.811,0.842,-0.184,
0.0038518,-0.60000,9.96614,0.9418971539,2.4598848820,0.864,1.743,3.7094,2.421,4,0.000,0.493,0.00,0.00,0.00,0.00,0.00,-1,-1e-30,0.00,7.294e-01,2.667e-01,6.216e-04,2.381e-04,1.680e-03,-1.000,3.891e-03,0.412,0.392,0.809,0.841,-0.184,
0.0038518,-0.60000,9.96614,0.9419817328,2.4599051476,0.864,1.743,3.7096,2.421,4,0.000,0.493,0.00,0.00,0.00,0.00,0.00,-1,-1e-30,0.00,7.294e-01,2.667e-01,6.216e-04,2.381e-04,1.680e-03,-1.000,3.891e-03,0.411,0.391,0.808,0.839,-0.185,
0.0038518,-0.60000,9.96614,0.9420590997,2.4599237442,0.864,1.744,3.7097,2.421,4,0.000,0.493,0.00,0.00,0.00,0.00,0.00,-1,-1e-30,0.00,7.294e-01,2.667e-01,6.216e-04,2.381e-04,1.680e-03,-1.000,3.891e-03,0.410,0.389,0.806,0.837,-0.187,
0.0038518,-0.60000,9.96614,0.9421380758,2.4599428177,0.864,1.745,3.7097,2.421,4,0.000,0.493,0.00,0.00,0.00,0.00,0.00,-1,-1e-30,0.00,7.294e-01,2.667e-01,6.216e-04,2.382e-04,1.680e-03,-1.000,3.891e-03,0.408,0.387,0.804,0.835,-0.189,
0.0038518,-0.60000,9.96614,0.9422215223,2.4599628448,0.865,1.746,3.7097,2.419,4,0.000,0.493,0.00,0.00,0.00,0.00,0.00,-1,-1e-30,0.00,7.294e-01,2.667e-01,6.216e-04,2.382e-04,1.680e-03,-1.000,3.891e-03,0.404,0.384,0.801,0.832,-0.192,
0.0038518,-0.60000,9.96614,0.9422938824,2.4599800110,0.865,1.748,3.7096,2.418,4,0.000,0.493,0.00,0.00,0.00,0.00,0.00,-1,-1e-30,0.00,7.294e-01,2.667e-01,6.216e-04,2.382e-04,1.680e-03,-1.000,3.891e-03,0.401,0.380,0.797,0.828,-0.196,
0.0038518,-0.60000,9.96614,0.9422994852,2.4599814415,0.865,1.748,3.7096,2.417,4,0.000,0.493,0.00,0.00,0.00,0.00,0.00,-1,-1e-30,0.00,7.294e-01,2.667e-01,6.216e-04,2.382e-04,1.680e-03,-1.000,3.891e-03,0.401,0.380,0.797,0.828,-0.196,
0.0038518,-0.60000,9.96614,0.9423817992,2.4600012302,0.865,1.750,3.7094,2.414,4,0.000,0.493,0.00,0.00,0.00,0.00,0.00,-1,-1e-30,0.00,7.294e-01,2.667e-01,6.216e-04,2.382e-04,1.680e-03,-1.000,3.891e-03,0.395,0.375,0.792,0.824,-0.202,
0.0038518,-0.60000,9.96614,0.9424649477,2.4600212574,0.865,1.753,3.7090,2.410,4,0.000,0.493,0.00,0.00,0.00,0.00,0.00,-1,-1e-30,0.00,7.294e-01,2.667e-01,6.215e-04,2.382e-04,1.680e-03,-1.000,3.891e-03,0.388,0.369,0.787,0.818,-0.209,
0.0038518,-0.60000,9.96614,0.9425443411,2.4600403309,0.865,1.756,3.7087,2.406,4,0.000,0.493,0.00,0.00,0.00,0.00,0.00,-1,-1e-30,0.00,7.294e-01,2.667e-01,6.215e-04,2.383e-04,1.680e-03,-1.000,3.891e-03,0.380,0.361,0.780,0.812,-0.217,
0.0038518,-0.60000,9.96614,0.9426259398,2.4600598812,0.865,1.760,3.7082,2.400,4,0.000,0.493,0.00,0.00,0.00,0.00,0.00,-1,-1e-30,0.00,7.294e-01,2.667e-01,6.215e-04,2.383e-04,1.680e-03,-1.000,3.891e-03,0.370,0.352,0.773,0.804,-0.227,
0.0038518,-0.60000,9.96614,0.9427047372,2.4600787163,0.865,1.764,3.7077,2.394,4,0.000,0.493,0.00,0.00,0.00,0.00,0.00,-1,-1e-30,0.00,7.294e-01,2.667e-01,6.215e-04,2.383e-04,1.680e-03,-1.000,3.891e-03,0.360,0.343,0.765,0.796,-0.237,
0.0038518,-0.60000,9.96614,0.9427834749,2.4600975513,0.865,1.769,3.7071,2.387,4,0.000,0.493,0.00,0.00,0.00,0.00,0.00,-1,-1e-30,0.00,7.294e-01,2.667e-01,6.215e-04,2.383e-04,1.680e-03,-1.000,3.891e-03,0.348,0.333,0.755,0.787,-0.249,
0.0038518,-0.60000,9.96614,0.9428631067,2.4601166248,0.865,1.774,3.7064,2.379,4,0.000,0.493,0.00,0.00,0.00,0.00,0.00,-1,-1e-30,0.00,7.294e-01,2.667e-01,6.215e-04,2.383e-04,1.680e-03,-1.000,3.891e-03,0.334,0.320,0.745,0.776,-0.263,
0.0038518,-0.60000,9.96614,0.9429423213,2.4601356983,0.865,1.780,3.7057,2.370,4,0.000,0.493,0.00,0.00,0.00,0.00,0.00,-1,-1e-30,0.00,7.294e-01,2.667e-01,6.215e-04,2.384e-04,1.680e-03,-1.000,3.891e-03,0.319,0.306,0.733,0.765,-0.279,
0.0038518,-0.60000,9.96614,0.9430220723,2.4601547718,0.865,1.788,3.7049,2.359,4,0.000,0.492,0.00,0.00,0.00,0.00,0.00,-1,-1e-30,0.00,7.294e-01,2.667e-01,6.215e-04,2.384e-04,1.680e-03,-1.000,3.891e-03,0.301,0.290,0.718,0.750,-0.297,
0.0038518,-0.60000,9.96614,0.9431082606,2.4601752758,0.866,1.797,3.7037,2.345,4,0.000,0.492,0.00,0.00,0.00,0.00,0.00,-1,-1e-30,0.00,7.294e-01,2.667e-01,6.215e-04,2.384e-04,1.680e-03,-1.000,3.891e-03,0.277,0.268,0.700,0.732,-0.321,
0.0038518,-0.60000,9.96614,0.9431902170,2.4601950645,0.866,1.818,3.7012,2.314,4,0.000,0.492,0.00,0.00,0.00,0.00,0.00,-1,-1e-30,0.00,7.294e-01,2.667e-01,6.214e-04,2.384e-04,1.680e-03,-1.000,3.891e-03,0.224,0.221,0.658,0.691,-0.374,
0.0038518,-0.60000,9.96614,0.9432629943,2.4602124691,0.866,1.857,3.6968,2.258,4,0.000,0.492,0.00,0.00,0.00,0.00,0.00,-1,-1e-30,0.00,7.294e-01,2.667e-01,6.214e-04,2.384e-04,1.680e-03,-1.000,3.891e-03,0.128,0.134,0.583,0.616,-0.471,
0.0038518,-0.60000,9.96614,0.9432972670,2.4602205753,0.866,1.896,3.6925,2.201,4,0.000,0.492,0.00,0.00,0.00,0.00,0.00,-1,-1e-30,0.00,7.294e-01,2.667e-01,6.214e-04,2.384e-04,1.680e-03,-1.000,3.891e-03,0.030,0.046,0.506,0.541,-0.568,
0.0038518,-0.60000,9.96614,0.9433136582,2.4602246284,0.866,1.937,3.6881,2.143,4,0.000,0.492,0.00,0.00,0.00,0.00,0.00,-1,-1e-30,0.00,7.294e-01,2.667e-01,6.214e-04,2.384e-04,1.680e-03,-1.000,3.891e-03,-0.072,-0.045,0.426,0.462,-0.669,
0.0038518,-0.60000,9.96614,0.9433204532,2.4602262974,0.866,1.973,3.6843,2.091,4,0.000,0.492,0.00,0.00,0.00,0.00,0.00,-1,-1e-30,0.00,7.294e-01,2.667e-01,6.214e-04,2.385e-04,1.680e-03,-1.000,3.891e-03,-0.163,-0.125,0.356,0.393,-0.758,
0.0038518,-0.60000,9.96614,0.9433239698,2.4602270126,0.866,2.009,3.6806,2.041,4,0.000,0.492,0.00,0.00,0.00,0.00,0.00,-1,-1e-30,0.00,7.294e-01,2.667e-01,6.214e-04,2.385e-04,1.680e-03,-1.000,3.891e-03,-0.253,-0.204,0.286,0.323,-0.845,
0.0038518,-0.60000,9.96614,0.9433260560,2.4602274895,0.866,2.045,3.6771,1.991,4,0.000,0.492,0.00,0.00,0.00,0.00,0.00,-1,-1e-30,0.00,7.294e-01,2.667e-01,6.214e-04,2.385e-04,1.680e-03,-1.000,3.891e-03,-0.342,-0.283,0.218,0.256,-0.933,
0.0038518,-0.60000,9.96614,0.9433271289,2.4602277279,0.866,2.069,3.6747,1.957,7,0.000,0.492,0.00,0.00,0.00,0.00,0.00,-1,-7.78e-10,0.00,7.294e-01,2.653e-01,6.214e-04,2.385e-04,1.680e-03,-1.000,5.346e-03,-0.404,-0.338,0.170,0.208,-0.994,
0.0038518,-0.60000,9.96614,0.9433278441,2.4602279663,0.866,2.091,3.6727,1.927,7,0.000,0.492,0.00,0.00,0.00,0.00,0.00,-1,-8.8e-10,0.00,7.294e-01,2.653e-01,6.214e-04,2.385e-04,1.680e-03,-1.000,5.346e-03,-0.458,-0.387,0.127,0.167,-1.048,
0.0038518,-0.60000,9.96614,0.9433293343,2.4602282047,0.866,2.137,3.6684,1.864,7,0.000,0.492,0.00,0.00,0.00,0.00,0.00,-1,-1.13e-09,0.00,7.294e-01,2.653e-01,6.214e-04,2.385e-04,1.680e-03,-1.000,5.346e-03,-0.573,-0.491,0.038,0.078,-1.162,
0.0038518,-0.60000,9.96614,0.9433308840,2.4602286816,0.866,2.180,3.6644,1.804,7,0.000,0.492,0.00,0.00,0.00,0.00,0.00,-1,-1.43e-09,0.00,7.294e-01,2.653e-01,6.214e-04,2.385e-04,1.680e-03,-1.000,5.346e-03,-0.681,-0.586,-0.045,-0.003,-1.268,
0.0038518,-0.60000,9.96614,0.9433349371,2.4602296352,0.865,2.209,3.6618,1.766,7,0.000,0.492,0.00,0.00,0.00,0.00,0.00,-1,-1.66e-09,0.00,7.294e-01,2.653e-01,6.214e-04,2.385e-04,1.680e-03,-1.000,5.346e-03,-0.752,-0.649,-0.099,-0.057,-1.337,
0.0038518,-0.60000,9.96614,0.9433418512,2.4602313042,0.865,2.171,3.6653,1.818,7,0.000,0.492,0.00,0.00,0.00,0.00,0.00,-1,-1.35e-09,0.00,7.294e-01,2.653e-01,6.214e-04,2.385e-04,1.680e-03,-1.000,5.346e-03,-0.656,-0.565,-0.026,0.015,-1.244,
0.0038518,-0.60000,9.96614,0.9433950186,2.4602439404,0.863,2.171,3.6652,1.815,7,0.000,0.492,0.00,0.00,0.00,0.00,0.00,-1,-1.38e-09,0.00,7.294e-01,2.653e-01,6.214e-04,2.385e-04,1.680e-03,-1.000,5.346e-03,-0.658,-0.566,-0.027,0.014,-1.246,
0.0038518,-0.60000,9.96614,0.9434264898,2.4602515697,0.861,2.210,3.6615,1.761,7,0.000,0.492,0.00,0.00,0.00,0.00,0.00,-1,-1.71e-09,0.00,7.294e-01,2.653e-01,6.214e-04,2.385e-04,1.680e-03,-1.000,5.346e-03,-0.756,-0.652,-0.101,-0.059,-1.340,
0.0038518,-0.60000,9.96614,0.9434458613,2.4602560997,0.860,2.242,3.6586,1.717,7,0.000,0.492,0.00,0.00,0.00,0.00,0.00,-1,-2.03e-09,0.00,7.294e-01,2.653e-01,6.214e-04,2.385e-04,1.680e-03,-1.000,5.346e-03,-0.834,-0.720,-0.159,-0.117,-1.415,
0.0038518,-0.60000,9.96614,0.9434654713,2.4602608681,0.859,2.274,3.6556,1.672,7,0.000,0.492,0.00,0.00,0.00,0.00,0.00,-1,-2.44e-09,0.00,7.294e-01,2.653e-01,6.214e-04,2.385e-04,1.680e-03,-1.000,5.346e-03,-0.916,-0.790,-0.220,-0.176,-1.493,
0.0038518,-0.60000,9.96614,0.9434866905,2.4602658749,0.857,2.312,3.6522,1.620,7,0.000,0.492,0.00,0.00,0.00,0.00,0.00,-1,-3e-09,0.00,7.294e-01,2.653e-01,6.214e-04,2.385e-04,1.680e-03,-1.000,5.346e-03,-1.010,-0.871,-0.290,-0.245,-1.582,
0.0038518,-0.60000,9.96614,0.9435058236,2.4602706432,0.855,2.350,3.6488,1.567,7,0.000,0.492,0.00,0.00,0.00,0.00,0.00,-1,-3.7e-09,0.00,7.294e-01,2.653e-01,6.214e-04,2.385e-04,1.680e-03,-1.000,5.346e-03,-1.105,-0.952,-0.359,-0.314,-1.672,
0.0038518,-0.60000,9.96614,0.9435232282,2.4602746964,0.852,2.389,3.6453,1.513,7,0.000,0.492,0.00,0.00,0.00,0.00,0.00,-1,-4.59e-09,0.00,7.294e-01,2.653e-01,6.214e-04,2.385e-04,1.680e-03,-1.000,5.346e-03,-1.202,-1.033,-0.428,-0.383,-1.761,
0.0038518,-0.60000,9.96614,0.9435389638,2.4602785110,0.850,2.428,3.6417,1.458,7,0.000,0.492,0.00,0.00,0.00,0.00,0.00,-1,-5.7e-09,0.00,7.294e-01,2.653e-01,6.214e-04,2.385e-04,1.680e-03,-1.000,5.346e-03,-1.300,-1.115,-0.498,-0.451,-1.852,
0.0038518,-0.60000,9.96614,0.9435533285,2.4602818489,0.847,2.468,3.6382,1.402,7,0.000,0.492,0.00,0.00,0.00,0.00,0.00,-1,-7.05e-09,0.00,7.294e-01,2.653e-01,6.213e-04,2.385e-04,1.680e-03,-1.000,5.346e-03,-1.400,-1.197,-0.566,-0.519,-1.944,
0.0038518,-0.60000,9.96614,0.9435660839,2.4602849483,0.843,2.508,3.6346,1.346,7,0.000,0.492,9.44,7.14,5.02,3.89,3.15,3,-8.75e-09,0.00,7.294e-01,2.653e-01,6.211e-04,2.386e-04,1.680e-03,-1.000,5.346e-03,-1.499,-1.276,-0.632,-0.585,-2.033,
0.0038518,-0.60000,9.96614,0.9435777664,2.4602878094,0.839,2.547,3.6309,1.290,7,0.000,0.492,10.61,7.90,5.52,4.28,3.47,3,-1.09e-08,0.00,7.294e-01,2.653e-01,6.205e-04,2.388e-04,1.680e-03,-1.000,5.345e-03,-1.598,-1.355,-0.697,-0.649,-2.122,
0.0038518,-0.60000,9.96614,0.9435882568,2.4602901936,0.835,2.585,3.6251,1.227,7,0.000,0.491,12.11,8.85,6.15,4.78,3.87,3,-1.35e-08,0.00,7.294e-01,2.653e-01,6.192e-04,2.398e-04,1.680e-03,-1.000,5.302e-03,-1.693,-1.418,-0.737,-0.689,-2.201,
0.0038518,-0.60000,9.96614,0.9435981512,2.4602925777,0.830,2.624,3.6191,1.162,7,0.000,0.488,13.87,9.94,6.88,5.35,4.34,3,-1.67e-08,0.00,7.294e-01,2.654e-01,6.162e-04,2.426e-04,1.680e-03,-1.000,5.255e-03,-1.790,-1.480,-0.775,-0.726,-2.279,
0.0038518,-0.60000,9.96614,0.9436076880,2.4602949619,0.824,2.663,3.6150,1.103,7,0.000,0.485,15.66,11.02,7.59,5.92,4.80,3,-2.07e-08,0.00,7.294e-01,2.654e-01,6.121e-04,2.471e-04,1.680e-03,-1.000,5.247e-03,-1.887,-1.552,-0.829,-0.780,-2.362,
0.0038518,-0.60000,9.96614,0.9436167479,2.4602971077,0.817,2.702,3.6113,1.046,7,0.000,0.481,17.63,12.20,8.36,6.53,5.30,2,-2.55e-08,0.00,7.294e-01,2.654e-01,6.074e-04,2.527e-04,1.680e-03,-1.000,5.246e-03,-1.984,-1.625,-0.887,-0.837,-2.446,
0.0038518,-0.60000,9.96614,0.9436252117,2.4602990150,0.809,2.739,3.6078,0.990,7,0.000,0.478,19.79,13.46,9.19,7.19,5.83,2,-3.16e-08,0.00,7.294e-01,2.654e-01,6.031e-04,2.580e-04,1.680e-03,-1.000,5.245e-03,-2.078,-1.696,-0.941,-0.891,-2.528,
0.0038518,-0.60000,9.96614,0.9436335564,2.4603011608,0.799,2.778,3.6041,0.931,7,0.000,0.475,22.35,14.93,10.14,7.95,6.45,2,-3.98e-08,0.00,7.294e-01,2.654e-01,5.990e-04,2.630e-04,1.680e-03,-1.000,5.226e-03,-2.175,-1.768,-0.993,-0.943,-2.611,
0.0038518,-0.60000,9.96614,0.9436418414,2.4603030682,0.786,2.819,3.6002,0.868,7,0.000,0.472,25.46,16.68,11.26,8.85,7.18,2,-5.09e-08,0.00,7.294e-01,2.655e-01,5.953e-04,2.676e-04,1.680e-03,-1.000,5.177e-03,-2.277,-1.842,-1.048,-0.996,-2.698,
0.0038518,-0.60000,9.96614,0.9436495304,2.4603049755,0.771,2.862,3.5959,0.799,7,0.000,0.469,29.33,18.80,12.62,9.94,8.07,2,-6.65e-08,0.00,7.293e-01,2.655e-01,5.920e-04,2.717e-04,1.680e-03,-1.000,5.151e-03,-2.386,-1.919,-1.100,-1.048,-2.788,
0.0038518,-0.60000,9.96614,0.9436554313,2.4603064060,0.757,2.906,3.5916,0.729,7,0.000,0.467,33.83,21.21,14.15,11.18,9.07,1,-8.62e-08,0.00,7.293e-01,2.655e-01,5.891e-04,2.752e-04,1.680e-03,-1.000,5.166e-03,-2.495,-1.994,-1.151,-1.099,-2.879,
0.0038518,-0.60000,9.96614,0.9436596036,2.4603073597,0.743,2.947,3.5875,0.665,7,0.000,0.465,38.65,23.72,15.75,12.47,10.12,1,-1.1e-07,0.00,7.292e-01,2.656e-01,5.868e-04,2.781e-04,1.680e-03,-1.000,5.178e-03,-2.596,-2.063,-1.195,-1.143,-2.961,
0.0038518,-0.60000,9.96614,0.9436632991,2.4603083134,0.728,2.988,3.5832,0.597,7,0.000,0.463,44.48,26.68,17.61,13.98,11.34,1,-1.42e-07,0.00,7.292e-01,2.656e-01,5.847e-04,2.806e-04,1.680e-03,-1.000,5.181e-03,-2.701,-2.132,-1.236,-1.184,-3.045,
0.0038518,-0.60000,9.96614,0.9436668158,2.4603090286,0.709,3.031,3.5787,0.524,7,0.000,0.462,51.69,30.24,19.83,15.79,12.81,1,-1.88e-07,0.00,7.292e-01,2.656e-01,5.830e-04,2.828e-04,1.680e-03,-1.000,5.179e-03,-2.808,-2.199,-1.273,-1.221,-3.129,
0.0038518,-0.60000,9.96614,0.9436700940,2.4603097439,0.684,3.077,3.5740,0.444,7,0.000,0.461,60.83,34.59,22.53,17.99,14.60,1,-2.57e-07,0.00,7.292e-01,2.657e-01,5.817e-04,2.844e-04,1.680e-03,-1.000,5.181e-03,-2.922,-2.267,-1.301,-1.249,-3.216,
0.0038518,-0.60000,9.96614,0.9436731935,2.4603106976,0.651,3.120,3.5707,0.366,7,0.000,0.460,71.31,39.33,25.45,20.40,16.55,1,-3.67e-07,0.00,7.292e-01,2.657e-01,5.809e-04,2.854e-04,1.680e-03,-1.000,5.150e-03,-3.030,-2.340,-1.343,-1.291,-3.304,
0.0038518,-0.60000,9.96614,0.9436742663,2.4603109360,0.637,3.130,3.5705,0.346,7,0.000,0.460,74.16,40.54,26.18,21.01,17.05,1,-4.1e-07,0.00,7.292e-01,2.657e-01,5.807e-04,2.856e-04,1.680e-03,-1.000,5.147e-03,-3.055,-2.361,-1.361,-1.309,-3.327,
0.0038518,-0.60000,9.96614,0.9436749816,2.4603109360,0.627,3.149,3.5691,0.315,7,0.000,0.460,79.13,42.74,27.52,22.12,17.95,1,-4.65e-07,0.00,7.292e-01,2.657e-01,5.806e-04,2.858e-04,1.680e-03,-1.000,5.151e-03,-3.103,-2.393,-1.377,-1.325,-3.365,
0.0038518,-0.60000,9.96614,0.9436751008,2.4603109360,0.625,3.150,3.5694,0.313,7,0.000,0.460,79.37,42.82,27.58,22.16,17.99,1,-4.73e-07,0.00,7.292e-01,2.657e-01,5.805e-04,2.859e-04,1.680e-03,-1.000,5.151e-03,-3.105,-2.398,-1.385,-1.332,-3.369,
0.0038518,-0.60000,9.96614,0.9436751604,2.4603111744,0.624,3.150,3.5695,0.313,7,0.000,0.460,79.46,42.86,27.60,22.18,18.00,1,-4.77e-07,0.00,7.292e-01,2.657e-01,5.805e-04,2.859e-04,1.680e-03,-1.000,5.151e-03,-3.106,-2.400,-1.388,-1.335,-3.371,
0.0038518,-0.60000,9.96614,0.9436752200,2.4603111744,0.623,3.151,3.5696,0.312,7,0.000,0.460,79.56,42.89,27.62,22.20,18.01,1,-4.8e-07,0.00,7.292e-01,2.657e-01,5.805e-04,2.859e-04,1.680e-03,-1.000,5.151e-03,-3.107,-2.402,-1.390,-1.338,-3.373,
0.0038518,-0.60000,9.96614,0.9436754584,2.4603111744,0.619,3.153,3.5702,0.310,7,0.000,0.460,79.87,43.00,27.68,22.25,18.06,1,-4.94e-07,0.00,7.292e-01,2.657e-01,5.804e-04,2.860e-04,1.680e-03,-1.000,5.151e-03,-3.112,-2.412,-1.404,-1.352,-3.380,
0.0038518,-0.60000,9.96614,0.9436756372,2.4603111744,0.616,3.154,3.5706,0.308,7,0.000,0.460,80.10,43.07,27.72,22.29,18.09,1,-5.05e-07,0.00,7.292e-01,2.657e-01,5.803e-04,2.861e-04,1.680e-03,-1.000,5.150e-03,-3.115,-2.419,-1.414,-1.361,-3.386,
0.0038518,-0.60000,9.96614,0.9436758757,2.4603111744,0.612,3.157,3.5711,0.304,7,0.000,0.459,80.74,43.32,27.87,22.42,18.19,1,-5.21e-07,0.00,7.291e-01,2.657e-01,5.795e-04,2.871e-04,1.680e-03,-1.000,5.150e-03,-3.122,-2.430,-1.427,-1.374,-3.396,
0.0038518,-0.60000,9.96614,0.9436761141,2.4603111744,0.608,3.128,3.5753,0.347,7,0.000,0.459,73.51,40.01,25.82,20.76,16.84,1,-4.71e-07,0.00,7.291e-01,2.657e-01,5.788e-04,2.881e-04,1.680e-03,-1.000,5.150e-03,-3.049,-2.399,-1.429,-1.377,-3.348,
0.0038518,-0.60000,9.96614,0.9436762929,2.4603114128,0.604,3.135,3.5754,0.337,7,0.000,0.459,74.99,40.65,26.22,21.08,17.10,1,-4.95e-07,0.00,7.291e-01,2.657e-01,5.788e-04,2.881e-04,1.680e-03,-1.000,5.150e-03,-3.068,-2.417,-1.447,-1.395,-3.367,
0.0038518,-0.60000,9.96614,0.9436765909,2.4603114128,0.598,3.158,3.5743,0.307,7,0.000,0.459,80.01,42.87,27.58,22.20,18.01,1,-5.63e-07,0.00,7.291e-01,2.657e-01,5.788e-04,2.881e-04,1.680e-03,-1.000,5.150e-03,-3.124,-2.461,-1.480,-1.427,-3.416,
0.0038518,-0.60000,9.96614,0.9436769485,2.4603114128,0.592,3.179,3.5734,0.277,7,0.000,0.459,85.24,45.14,28.96,23.34,18.94,1,-6.43e-07,0.00,7.291e-01,2.657e-01,5.788e-04,2.881e-04,1.680e-03,-1.000,5.150e-03,-3.178,-2.503,-1.513,-1.459,-3.463,
0.0038518,-0.60000,9.96614,0.9436776042,2.4603116512,0.578,3.196,3.5786,0.270,7,0.000,0.459,86.15,45.38,29.10,23.47,19.04,0,-7.43e-07,0.00,7.291e-01,2.657e-01,5.787e-04,2.881e-04,1.680e-03,-1.000,5.151e-03,-3.220,-2.591,-1.634,-1.581,-3.534,
0.0038518,-0.60000,9.96614,0.9436781406,2.4603118896,0.561,3.226,3.5966,0.299,7,0.000,0.459,80.57,42.74,27.46,22.15,17.96,0,-9.06e-07,0.01,7.291e-01,2.657e-01,5.787e-04,2.882e-04,1.680e-03,-1.000,5.150e-03,-3.296,-2.805,-1.943,-1.891,-3.697,
0.0038518,-0.60000,9.96614,1.0222830772,2.4774634838,0.532,-9.999,3.8143,7.919,9,0.532,0.000,0.00,0.00,0.00,0.00,0.00,-1,-1e-30,0.00,7.211e-01,2.750e-01,5.848e-04,3.324e-04,1.710e-03,-1.000,3.947e-03,29.767,31.687,31.568,31.526,31.888,
