Zini,MH,logAge,Mini,int_IMF,Mass,logL,logTe,logg,label,McoreTP,C_O,period0,period1,period2,period3,period4,pmode,Mloss,tau1m,X,Y,Xc,Xn,Xo,Cexcess,Z,,mbolmag,Umag,Bmag,Vmag,Rmag,Imag,Jmag,Hmag,Kmag
0.0094713,-0.20000,9.84510,0.0900000036,1.0816895962,0.090,-3.383,3.3805,5.250,1,0.000,0.545,0.00,0.00,0.00,0.00,0.00,-1,-4.12e-17,0.00,7.236e-01,2.669e-01,1.711e-03,4.615e-04,4.186e-03,-1.000,9.513e-03,13.228,22.583,19.872,17.977,15.757,13.487,11.122,10.553,10.288,
0.0094713,-0.20000,9.84510,0.1000000015,1.1711064577,0.100,-3.187,3.4089,5.213,1,0.000,0.545,0.00,0.00,0.00,0.00,0.00,-1,-6.39e-17,0.00,7.232e-01,2.673e-01,1.711e-03,4.615e-04,4.186e-03,-1.000,9.513e-03,12.738,22.026,19.353,17.467,15.261,12.998,10.634,10.066,9.795,
0.0094713,-0.20000,9.84510,0.1200000048,1.3193155527,0.120,-2.921,3.4427,5.161,1,0.000,0.545,0.00,0.00,0.00,0.00,0.00,-1,-1.14e-16,0.00,7.225e-01,2.680e-01,1.711e-03,4.615e-04,4.186e-03,-1.000,9.513e-03,12.073,19.965,17.730,15.953,14.078,12.041,10.035,9.452,9.169,
0.0094713,-0.20000,9.84510,0.1400000006,1.4384527206,0.140,-2.739,3.4617,5.122,1,0.000,0.545,0.00,0.00,0.00,0.00,0.00,-1,-1.68e-16,0.00,7.219e-01,2.685e-01,1.711e-03,4.615e-04,4.186e-03,-1.000,9.513e-03,11.619,18.604,16.630,14.920,13.266,11.406,9.631,9.039,8.756,
0.0094713,-0.20000,9.84510,0.1512826681,1.4963058233,0.151,-2.657,3.4696,5.105,1,0.000,0.545,0.00,0.00,0.00,0.00,0.00,-1,-2e-16,0.00,7.216e-01,2.689e-01,1.711e-03,4.615e-04,4.186e-03,-1.000,9.513e-03,11.412,18.056,16.177,14.493,12.922,11.136,9.444,8.850,8.568,
0.0094713,-0.20000,9.84510,0.1599999964,1.5372931957,0.160,-2.597,3.4753,5.092,1,0.000,0.545,0.00,0.00,0.00,0.00,0.00,-1,-2.26e-16,0.00,7.214e-01,2.691e-01,1.711e-03,4.615e-04,4.186e-03,-1.000,9.513e-03,11.262,17.672,15.857,14.191,12.675,10.944,9.309,8.713,8.433,
0.0094713,-0.20000,9.84510,0.2000000030,1.6938791275,0.200,-2.378,3.4939,5.045,1,0.000,0.545,0.00,0.00,0.00,0.00,0.00,-1,-3.54e-16,0.00,7.204e-01,2.700e-01,1.711e-03,4.615e-04,4.186e-03,-1.000,9.513e-03,10.715,16.415,14.789,13.171,11.821,10.277,8.812,8.211,7.940,
0.0094713,-0.20000,9.84510,0.2416289598,1.8186032772,0.242,-2.204,3.5063,5.002,1,0.000,0.545,0.00,0.00,0.00,0.00,0.00,-1,-5.04e-16,0.00,7.198e-01,2.707e-01,1.711e-03,4.615e-04,4.186e-03,-1.000,9.513e-03,10.279,15.583,14.058,12.479,11.217,9.782,8.408,7.803,7.540,
0.0094713,-0.20000,9.84510,0.2500000000,1.8403258324,0.250,-2.172,3.5085,4.994,1,0.000,0.545,0.00,0.00,0.00,0.00,0.00,-1,-5.38e-16,0.00,7.197e-01,2.708e-01,1.711e-03,4.615e-04,4.186e-03,-1.000,9.513e-03,10.200,15.439,13.929,12.357,11.110,9.693,8.334,7.730,7.467,
0.0094713,-0.20000,9.84510,0.3000000119,1.9529139996,0.300,-2.007,3.5190,4.950,1,0.000,0.545,0.00,0.00,0.00,0.00,0.00,-1,-7.55e-16,0.00,7.193e-01,2.712e-01,1.710e-03,4.615e-04,4.186e-03,-1.000,9.513e-03,9.788,14.744,13.300,11.759,10.572,9.240,7.948,7.339,7.084,
0.0094713,-0.20000,9.84510,0.3129447997,1.9781339169,0.313,-1.966,3.5214,4.937,1,0.000,0.545,0.00,0.00,0.00,0.00,0.00,-1,-8.24e-16,0.00,7.208e-01,2.696e-01,1.710e-03,4.615e-04,4.186e-03,-1.000,9.513e-03,9.686,14.583,13.153,11.619,10.444,9.130,7.852,7.242,6.989,
0.0094713,-0.20000,9.84510,0.3500000238,2.0434176922,0.350,-1.857,3.5277,4.902,1,0.000,0.545,0.00,0.00,0.00,0.00,0.00,-1,-1.05e-15,0.00,7.243e-01,2.662e-01,1.711e-03,4.615e-04,4.186e-03,-1.000,9.513e-03,9.412,14.166,12.765,11.252,10.107,8.838,7.595,6.980,6.732,
0.0094713,-0.20000,9.84510,0.4000000358,2.1185026169,0.400,-1.709,3.5387,4.855,1,0.000,0.545,0.00,0.00,0.00,0.00,0.00,-1,-1.45e-15,0.00,7.244e-01,2.661e-01,1.711e-03,4.615e-04,4.186e-03,-1.000,9.513e-03,9.041,13.575,12.211,10.730,9.631,8.438,7.252,6.630,6.390,
0.0094713,-0.20000,9.84510,0.4281883836,2.1556518078,0.428,-1.617,3.5464,4.825,1,0.000,0.545,0.00,0.00,0.00,0.00,0.00,-1,-1.79e-15,0.00,7.244e-01,2.661e-01,1.711e-03,4.615e-04,4.186e-03,-1.000,9.513e-03,8.814,13.215,11.868,10.406,9.336,8.193,7.045,6.417,6.182,
0.0094713,-0.20000,9.84510,0.4500000179,2.1822810173,0.450,-1.551,3.5521,4.802,1,0.000,0.545,0.00,0.00,0.00,0.00,0.00,-1,-2.09e-15,0.00,7.244e-01,2.661e-01,1.711e-03,4.615e-04,4.186e-03,-1.000,9.513e-03,8.647,12.958,11.621,10.172,9.121,8.015,6.893,6.261,6.030,
0.0094713,-0.20000,9.84510,0.5000000000,2.2374541759,0.500,-1.383,3.5693,4.750,1,0.000,0.545,0.00,0.00,0.00,0.00,0.00,-1,-3.1e-15,0.00,7.244e-01,2.661e-01,1.711e-03,4.615e-04,4.186e-03,-1.000,9.513e-03,8.228,12.294,10.972,9.554,8.554,7.568,6.523,5.878,5.660,
0.0094713,-0.20000,9.84510,0.5500000119,2.2836582661,0.550,-1.201,3.5915,4.697,1,0.000,0.545,0.00,0.00,0.00,0.00,0.00,-1,-4.78e-15,0.00,7.417e-01,2.494e-01,1.611e-03,4.347e-04,3.944e-03,-1.000,8.971e-03,7.773,11.563,10.252,8.880,7.937,7.090,6.129,5.465,5.274,
0.0094713,-0.20000,9.84510,0.6000000238,2.3211214542,0.600,-1.023,3.6186,4.665,1,0.000,0.544,0.00,0.00,0.00,0.00,0.00,-1,-7.15e-15,0.00,7.443e-01,2.468e-01,1.597e-03,4.309e-04,3.910e-03,-1.000,8.871e-03,7.328,10.809,9.500,8.217,7.342,6.628,5.747,5.065,4.919,
0.0094713,-0.20000,9.84510,0.6301726103,2.3404510021,0.630,-0.914,3.6379,4.655,1,0.000,0.544,0.00,0.00,0.00,0.00,0.00,-1,-9.08e-15,0.00,7.457e-01,2.454e-01,1.589e-03,4.289e-04,3.891e-03,-1.000,8.841e-03,7.054,10.262,8.981,7.786,6.971,6.346,5.520,4.848,4.732,
0.0094713,-0.20000,9.84510,0.6499999762,2.3520355225,0.650,-0.844,3.6502,4.648,1,0.000,0.544,0.00,0.00,0.00,0.00,0.00,-1,-1.06e-14,0.00,7.467e-01,2.445e-01,1.584e-03,4.275e-04,3.879e-03,-1.000,8.817e-03,6.881,9.855,8.641,7.509,6.739,6.167,5.380,4.728,4.627,
0.0094713,-0.20000,9.84510,0.6705737710,2.3632271290,0.671,-0.773,3.6627,4.641,1,0.000,0.544,0.00,0.00,0.00,0.00,0.00,-1,-1.24e-14,0.00,7.477e-01,2.435e-01,1.578e-03,4.260e-04,3.866e-03,-1.000,8.773e-03,6.703,9.390,8.294,7.230,6.511,5.983,5.239,4.621,4.530,
0.0094713,-0.20000,9.84510,0.7000000477,2.3779268265,0.700,-0.674,3.6801,4.630,1,0.000,0.544,0.00,0.00,0.00,0.00,0.00,-1,-1.54e-14,0.00,7.492e-01,2.420e-01,1.570e-03,4.239e-04,3.847e-03,-1.000,8.716e-03,6.455,8.746,7.835,6.857,6.209,5.727,5.045,4.482,4.402,
0.0094713,-0.20000,9.84510,0.7147330642,2.3847658634,0.715,-0.626,3.6882,4.622,1,0.000,0.542,0.00,0.00,0.00,0.00,0.00,-1,-1.72e-14,0.00,7.502e-01,2.411e-01,1.559e-03,4.224e-04,3.835e-03,-1.000,8.711e-03,6.334,8.463,7.630,6.687,6.068,5.604,4.950,4.411,4.335,
0.0094713,-0.20000,9.84510,0.7381045222,2.3949735165,0.738,-0.549,3.7007,4.610,1,0.000,0.538,0.00,0.00,0.00,0.00,0.00,-1,-2.04e-14,0.00,7.516e-01,2.397e-01,1.541e-03,4.200e-04,3.817e-03,-1.000,8.701e-03,6.144,8.018,7.317,6.426,5.853,5.415,4.802,4.301,4.231,
0.0094713,-0.20000,9.84510,0.7500000000,2.3998889923,0.750,-0.511,3.7069,4.604,1,0.000,0.537,0.00,0.00,0.00,0.00,0.00,-1,-2.23e-14,0.00,7.523e-01,2.390e-01,1.533e-03,4.189e-04,3.808e-03,-1.000,8.677e-03,6.048,7.806,7.166,6.300,5.748,5.321,4.729,4.246,4.178,
0.0094713,-0.20000,9.84510,0.7644591928,2.4056274891,0.764,-0.465,3.7136,4.593,1,0.000,0.537,0.00,0.00,0.00,0.00,0.00,-1,-2.48e-14,0.00,7.535e-01,2.379e-01,1.526e-03,4.172e-04,3.793e-03,-1.000,8.613e-03,5.933,7.567,6.994,6.155,5.624,5.210,4.639,4.174,4.110,
0.0094713,-0.20000,9.84510,0.7876328230,2.4143211842,0.787,-0.392,3.7241,4.575,1,0.000,0.536,0.00,0.00,0.00,0.00,0.00,-1,-2.96e-14,0.00,7.554e-01,2.360e-01,1.516e-03,4.145e-04,3.769e-03,-1.000,8.554e-03,5.750,7.201,6.729,5.929,5.430,5.034,4.496,4.060,3.999,
0.0094713,-0.20000,9.84510,0.7994467616,2.4185309410,0.799,-0.355,3.7293,4.565,1,0.000,0.536,0.00,0.00,0.00,0.00,0.00,-1,-3.23e-14,0.00,7.564e-01,2.351e-01,1.511e-03,4.131e-04,3.756e-03,-1.000,8.532e-03,5.657,7.021,6.598,5.818,5.333,4.945,4.423,4.001,3.942,
0.0094713,-0.20000,9.84510,0.8107776046,2.4224362373,0.810,-0.319,3.7340,4.554,1,0.000,0.536,0.00,0.00,0.00,0.00,0.00,-1,-3.53e-14,0.00,7.575e-01,2.340e-01,1.505e-03,4.115e-04,3.742e-03,-1.000,8.506e-03,5.568,6.857,6.475,5.713,5.241,4.860,4.353,3.943,3.886,
0.0094713,-0.20000,9.84510,0.8293714523,2.4285795689,0.829,-0.261,3.7415,4.535,1,0.000,0.536,0.00,0.00,0.00,0.00,0.00,-1,-4.08e-14,0.00,7.594e-01,2.322e-01,1.495e-03,4.088e-04,3.717e-03,-1.000,8.469e-03,5.422,6.592,6.277,5.544,5.091,4.724,4.238,3.847,3.793,
0.0094713,-0.20000,9.84510,0.8464157581,2.4339392185,0.846,-0.207,3.7481,4.517,1,0.000,0.536,0.00,0.00,0.00,0.00,0.00,-1,-4.66e-14,0.00,7.611e-01,2.304e-01,1.486e-03,4.063e-04,3.695e-03,-1.000,8.427e-03,5.288,6.351,6.100,5.392,4.958,4.601,4.134,3.758,3.708,
0.0094713,-0.20000,9.84510,0.8488935828,2.4346976280,0.848,-0.200,3.7490,4.514,1,0.000,0.536,0.00,0.00,0.00,0.00,0.00,-1,-4.75e-14,0.00,7.614e-01,2.302e-01,1.484e-03,4.059e-04,3.692e-03,-1.000,8.423e-03,5.269,6.316,6.074,5.370,4.939,4.583,4.119,3.745,3.695,
0.0094713,-0.20000,9.84510,0.8578738570,2.4374048710,0.857,-0.171,3.7522,4.503,1,0.000,0.536,0.00,0.00,0.00,0.00,0.00,-1,-5.11e-14,0.00,7.626e-01,2.291e-01,1.478e-03,4.042e-04,3.676e-03,-1.000,8.380e-03,5.198,6.199,5.984,5.292,4.869,4.518,4.062,3.696,3.647,
0.0094713,-0.20000,9.84510,0.8766965866,2.4428725243,0.876,-0.112,3.7585,4.478,1,0.000,0.536,0.00,0.00,0.00,0.00,0.00,-1,-5.96e-14,0.00,7.651e-01,2.266e-01,1.464e-03,4.006e-04,3.644e-03,-1.000,8.285e-03,5.049,5.960,5.796,5.129,4.722,4.380,3.942,3.590,3.544,
0.0094713,-0.20000,9.84510,0.8938418627,2.4476232529,0.893,-0.057,3.7641,4.454,1,0.000,0.536,0.00,0.00,0.00,0.00,0.00,-1,-6.89e-14,0.00,7.675e-01,2.243e-01,1.451e-03,3.971e-04,3.613e-03,-1.000,8.236e-03,4.912,5.751,5.627,4.982,4.588,4.255,3.831,3.491,3.448,
0.0094713,-0.20000,9.84510,0.8983402848,2.4488351345,0.897,-0.042,3.7655,4.447,1,0.000,0.536,0.00,0.00,0.00,0.00,0.00,-1,-7.16e-14,0.00,7.682e-01,2.236e-01,1.448e-03,3.962e-04,3.605e-03,-1.000,8.201e-03,4.876,5.697,5.582,4.943,4.553,4.222,3.801,3.464,3.422,
0.0094713,-0.20000,9.84510,0.9033265710,2.4501621723,0.902,-0.026,3.7669,4.439,1,0.000,0.536,0.00,0.00,0.00,0.00,0.00,-1,-7.48e-14,0.00,7.691e-01,2.227e-01,1.443e-03,3.949e-04,3.593e-03,-1.000,8.157e-03,4.835,5.638,5.533,4.900,4.513,4.185,3.768,3.434,3.392,
0.0094713,-0.20000,9.84510,0.9143797755,2.4530448914,0.913,0.010,3.7700,4.420,1,0.000,0.536,0.00,0.00,0.00,0.00,0.00,-1,-8.26e-14,0.00,7.712e-01,2.207e-01,1.432e-03,3.918e-04,3.565e-03,-1.000,8.083e-03,4.745,5.509,5.424,4.804,4.424,4.101,3.692,3.365,3.325,
0.0094713,-0.20000,9.84510,0.9251225591,2.4557709694,0.924,0.046,3.7729,4.401,1,0.000,0.535,0.00,0.00,0.00,0.00,0.00,-1,-9.11e-14,0.00,7.733e-01,2.187e-01,1.421e-03,3.888e-04,3.538e-03,-1.000,8.020e-03,4.656,5.386,5.318,4.711,4.338,4.019,3.618,3.297,3.258,
0.0094713,-0.20000,9.84510,0.9444104433,2.4604868889,0.943,0.111,3.7776,4.364,1,0.000,0.535,0.00,0.00,0.00,0.00,0.00,-1,-1.09e-13,0.00,7.773e-01,2.148e-01,1.399e-03,3.831e-04,3.487e-03,-1.000,7.957e-03,4.493,5.168,5.127,4.541,4.179,3.868,3.480,3.169,3.133,
0.0094713,-0.20000,9.84510,0.9477871060,2.4612896442,0.947,0.123,3.7784,4.357,1,0.000,0.535,0.00,0.00,0.00,0.00,0.00,-1,-1.13e-13,0.00,7.780e-01,2.141e-01,1.395e-03,3.821e-04,3.478e-03,-1.000,7.940e-03,4.463,5.130,5.093,4.510,4.151,3.841,3.454,3.145,3.109,
0.0094713,-0.20000,9.84510,0.9620222449,2.4646034241,0.961,0.172,3.7813,4.326,1,0.000,0.535,0.00,0.00,0.00,0.00,0.00,-1,-1.3e-13,0.00,7.820e-01,2.102e-01,1.374e-03,3.762e-04,3.425e-03,-1.000,7.810e-03,4.340,4.977,4.954,4.383,4.030,3.726,3.346,3.043,3.008,
0.0094713,-0.20000,9.84510,0.9785877466,2.4683203697,0.978,0.228,3.7838,4.287,1,0.000,0.534,0.00,0.00,0.00,0.00,0.00,-1,-1.53e-13,0.00,7.869e-01,2.055e-01,1.347e-03,3.692e-04,3.363e-03,-1.000,7.678e-03,4.200,4.812,4.799,4.240,3.893,3.592,3.219,2.921,2.888,
0.0094713,-0.20000,9.84510,0.9923805594,2.4713065624,0.992,0.276,3.7854,4.252,1,0.000,0.534,0.00,0.00,0.00,0.00,0.00,-1,-1.78e-13,0.00,7.907e-01,2.018e-01,1.328e-03,3.639e-04,3.314e-03,-1.000,7.502e-03,4.080,4.678,4.669,4.117,3.774,3.476,3.107,2.813,2.780,
0.0094713,-0.20000,9.84510,0.9972338676,2.4723346233,0.997,0.294,3.7859,4.238,1,0.000,0.534,0.00,0.00,0.00,0.00,0.00,-1,-1.88e-13,0.00,7.911e-01,2.014e-01,1.326e-03,3.633e-04,3.309e-03,-1.000,7.514e-03,4.034,4.628,4.621,4.071,3.729,3.432,3.064,2.771,2.738,
0.0094713,-0.20000,9.84510,1.0028582811,2.4735119343,1.002,0.316,3.7865,4.221,1,0.000,0.534,0.00,0.00,0.00,0.00,0.00,-1,-1.99e-13,0.00,7.915e-01,2.010e-01,1.324e-03,3.630e-04,3.307e-03,-1.000,7.536e-03,3.981,4.569,4.564,4.017,3.676,3.380,3.013,2.722,2.689,
0.0094713,-0.20000,9.84510,1.0066540241,2.4742977619,1.006,0.331,3.7868,4.209,1,0.000,0.534,0.00,0.00,0.00,0.00,0.00,-1,-2.08e-13,0.00,7.917e-01,2.008e-01,1.324e-03,3.628e-04,3.305e-03,-1.000,7.527e-03,3.944,4.530,4.525,3.980,3.640,3.344,2.978,2.687,2.655,
0.0094713,-0.20000,9.84510,1.0164781809,2.4763007164,1.015,0.370,3.7871,4.175,1,0.000,0.534,0.00,0.00,0.00,0.00,0.00,-1,-2.32e-13,0.00,7.920e-01,2.004e-01,1.324e-03,3.628e-04,3.306e-03,-1.000,7.517e-03,3.845,4.428,4.423,3.880,3.541,3.246,2.881,2.591,2.558,
0.0094713,-0.20000,9.84510,1.0242395401,2.4778518677,1.023,0.403,3.7869,4.145,1,0.000,0.534,0.00,0.00,0.00,0.00,0.00,-1,-2.54e-13,0.00,7.921e-01,2.004e-01,1.325e-03,3.631e-04,3.309e-03,-1.000,7.500e-03,3.763,4.349,4.342,3.798,3.460,3.164,2.798,2.508,2.476,
0.0094713,-0.20000,9.84510,1.0343301296,2.4798285961,1.033,0.446,3.7858,4.101,1,0.000,0.533,0.00,0.00,0.00,0.00,0.00,-1,-2.9e-13,0.00,7.917e-01,2.008e-01,1.329e-03,3.645e-04,3.322e-03,-1.000,7.551e-03,3.654,4.249,4.236,3.690,3.349,3.053,2.684,2.392,2.359,
0.0094713,-0.20000,9.84510,1.0414748192,2.4812014103,1.040,0.479,3.7842,4.065,1,0.000,0.534,0.00,0.00,0.00,0.00,0.00,-1,-3.23e-13,0.00,7.898e-01,2.025e-01,1.343e-03,3.682e-04,3.356e-03,-1.000,7.686e-03,3.573,4.183,4.163,3.610,3.267,2.968,2.595,2.300,2.266,
0.0094713,-0.20000,9.84510,1.0435626507,2.4815986156,1.042,0.488,3.7836,4.054,2,0.000,0.533,0.00,0.00,0.00,0.00,0.00,-1,-3.34e-13,0.00,7.886e-01,2.037e-01,1.351e-03,3.704e-04,3.376e-03,-1.000,7.686e-03,3.549,4.164,4.142,3.587,3.242,2.942,2.567,2.271,2.237,
0.0094713,-0.20000,9.84510,1.0466805696,2.4821882248,1.045,0.503,3.7820,4.034,2,0.000,0.533,0.00,0.00,0.00,0.00,0.00,-1,-3.51e-13,0.00,7.856e-01,2.066e-01,1.369e-03,3.754e-04,3.421e-03,-1.000,7.784e-03,3.512,4.142,4.113,3.552,3.204,2.902,2.523,2.223,2.188,
0.0094713,-0.20000,9.84510,1.0519797802,2.4831812382,1.050,0.528,3.7792,4.000,2,0.000,0.534,0.00,0.00,0.00,0.00,0.00,-1,-3.8e-13,0.00,7.801e-01,2.120e-01,1.402e-03,3.845e-04,3.504e-03,-1.000,7.967e-03,3.450,4.105,4.064,3.493,3.140,2.833,2.447,2.141,2.105,
0.0094713,-0.20000,9.84510,1.0595358610,2.4845774174,1.058,0.560,3.7710,3.939,2,0.000,0.535,0.00,0.00,0.00,0.00,0.00,-1,-4.32e-13,0.00,7.664e-01,2.252e-01,1.477e-03,4.045e-04,3.684e-03,-1.000,8.423e-03,3.371,4.112,4.030,3.426,3.055,2.736,2.327,2.003,1.963,
0.0094713,-0.20000,9.84510,1.0641363859,2.4854164124,1.062,0.570,3.7612,3.891,2,0.000,0.535,0.00,0.00,0.00,0.00,0.00,-1,-4.65e-13,0.00,7.549e-01,2.363e-01,1.535e-03,4.203e-04,3.824e-03,-1.000,8.728e-03,3.346,4.193,4.061,3.417,3.026,2.690,2.256,1.910,1.866,
0.0094713,-0.20000,9.84510,1.0668395758,2.4859054089,1.065,0.566,3.7516,3.858,2,0.000,0.536,0.00,0.00,0.00,0.00,0.00,-1,-4.78e-13,0.00,7.474e-01,2.437e-01,1.573e-03,4.304e-04,3.914e-03,-1.000,8.916e-03,3.355,4.318,4.129,3.447,3.034,2.683,2.222,1.853,1.805,
0.0094713,-0.20000,9.84510,1.0686638355,2.4862337112,1.067,0.558,3.7427,3.831,2,0.000,0.536,0.00,0.00,0.00,0.00,0.00,-1,-4.82e-13,0.00,7.427e-01,2.483e-01,1.597e-03,4.366e-04,3.970e-03,-1.000,9.021e-03,3.375,4.453,4.203,3.489,3.056,2.691,2.204,1.814,1.763,
0.0094713,-0.20000,9.84510,1.0703377724,2.4865338802,1.068,0.550,3.7332,3.801,2,0.000,0.537,0.00,0.00,0.00,0.00,0.00,-1,-4.88e-13,0.00,7.390e-01,2.519e-01,1.615e-03,4.413e-04,4.012e-03,-1.000,9.113e-03,3.394,4.599,4.284,3.535,3.080,2.699,2.185,1.770,1.715,
0.0094713,-0.20000,9.84510,1.0719969273,2.4868304729,1.070,0.553,3.7241,3.763,2,0.000,0.537,0.00,0.00,0.00,0.00,0.00,-1,-5.1e-13,0.00,7.360e-01,2.548e-01,1.628e-03,4.450e-04,4.044e-03,-1.000,9.174e-03,3.388,4.724,4.342,3.559,3.082,2.687,2.143,1.704,1.646,
0.0094713,-0.20000,9.84510,1.0739679337,2.4871814251,1.072,0.574,3.7150,3.706,2,0.000,0.537,0.00,0.00,0.00,0.00,0.00,-1,-5.68e-13,0.00,7.329e-01,2.578e-01,1.641e-03,4.483e-04,4.074e-03,-1.000,9.240e-03,3.334,4.805,4.354,3.537,3.039,2.628,2.055,1.590,1.529,
0.0094713,-0.20000,9.84510,1.0755610466,2.4874639511,1.074,0.608,3.7097,3.651,2,0.000,0.537,0.00,0.00,0.00,0.00,0.00,-1,-6.53e-13,0.00,7.304e-01,2.603e-01,1.649e-03,4.504e-04,4.093e-03,-1.000,9.332e-03,3.249,4.799,4.308,3.472,2.961,2.541,1.951,1.470,1.407,
0.0094713,-0.20000,9.84510,1.0762493610,2.4875857830,1.074,0.629,3.7082,3.625,2,0.000,0.537,0.00,0.00,0.00,0.00,0.00,-1,-7.04e-13,0.00,7.293e-01,2.614e-01,1.650e-03,4.513e-04,4.099e-03,-1.000,9.349e-03,3.198,4.771,4.269,3.428,2.913,2.489,1.894,1.409,1.345,
0.0094713,-0.20000,9.84510,1.0776436329,2.4878318310,1.076,0.674,3.7053,3.569,3,0.000,0.535,0.00,0.00,0.00,0.00,0.00,-1,-8.27e-13,0.00,7.267e-01,2.640e-01,1.651e-03,4.541e-04,4.111e-03,-1.000,9.379e-03,3.086,4.701,4.179,3.327,2.806,2.377,1.772,1.279,1.214,
0.0094713,-0.20000,9.84510,1.0789453983,2.4880609512,1.077,0.721,3.7032,3.514,3,0.000,0.529,0.00,0.00,0.00,0.00,0.00,-1,-9.8e-13,0.00,7.238e-01,2.668e-01,1.634e-03,4.673e-04,4.120e-03,-1.000,9.387e-03,2.966,4.610,4.076,3.217,2.691,2.258,1.646,1.146,1.081,
0.0094713,-0.20000,9.84510,1.0800195932,2.4882495403,1.078,0.764,3.7016,3.465,3,0.000,0.518,0.00,0.00,0.00,0.00,0.00,-1,-1.14e-12,0.00,7.211e-01,2.695e-01,1.603e-03,4.966e-04,4.126e-03,-1.000,9.390e-03,2.859,4.525,3.982,3.115,2.586,2.150,1.532,1.029,0.963,
0.0094713,-0.20000,9.84510,1.0809398890,2.4884107113,1.079,0.804,3.7003,3.420,3,0.000,0.503,0.00,0.00,0.00,0.00,0.00,-1,-1.32e-12,0.00,7.187e-01,2.719e-01,1.558e-03,5.452e-04,4.131e-03,-1.000,9.395e-03,2.759,4.446,3.893,3.021,2.489,2.050,1.428,0.921,0.854,
0.0094713,-0.20000,9.84510,1.0818173885,2.4885642529,1.080,0.845,3.6990,3.374,3,0.000,0.486,0.00,0.00,0.00,0.00,0.00,-1,-1.52e-12,0.00,7.163e-01,2.743e-01,1.508e-03,6.069e-04,4.135e-03,-1.000,9.410e-03,2.657,4.364,3.802,2.924,2.389,1.948,1.321,0.810,0.743,
0.0094713,-0.20000,9.84510,1.0828133821,2.4887380600,1.081,0.896,3.6975,3.318,3,0.000,0.469,0.00,0.00,0.00,0.00,0.00,-1,-1.82e-12,0.00,7.134e-01,2.772e-01,1.456e-03,6.721e-04,4.139e-03,-1.000,9.475e-03,2.531,4.264,3.689,2.804,2.266,1.822,1.190,0.674,0.607,
0.0094713,-0.20000,9.84510,1.0835790634,2.4888713360,1.081,0.938,3.6962,3.270,3,0.000,0.460,0.00,0.00,0.00,0.00,0.00,-1,-2.12e-12,0.00,7.116e-01,2.790e-01,1.429e-03,7.074e-04,4.141e-03,-1.000,9.456e-03,2.424,4.181,3.595,2.704,2.162,1.716,1.079,0.559,0.491,
0.0094713,-0.20000,9.84510,1.0844662189,2.4890255928,1.082,0.992,3.6944,3.210,3,0.000,0.451,0.00,0.00,0.00,0.00,0.00,-1,-2.56e-12,0.00,7.096e-01,2.810e-01,1.402e-03,7.421e-04,4.144e-03,-1.000,9.419e-03,2.291,4.078,3.478,2.579,2.033,1.583,0.939,0.414,0.346,
0.0094713,-0.20000,9.84510,1.0850738287,2.4891309738,1.083,1.032,3.6931,3.165,3,0.000,0.446,0.00,0.00,0.00,0.00,0.00,-1,-2.96e-12,0.00,7.084e-01,2.822e-01,1.387e-03,7.605e-04,4.145e-03,-1.000,9.434e-03,2.191,4.002,3.391,2.485,1.935,1.483,0.834,0.305,0.236,
0.0094713,-0.20000,9.84510,1.0858092308,2.4892585278,1.083,1.084,3.6911,3.105,3,0.000,0.442,0.00,0.00,0.00,0.00,0.00,-1,-3.57e-12,0.00,7.072e-01,2.834e-01,1.374e-03,7.778e-04,4.146e-03,-1.000,9.433e-03,2.060,3.905,3.277,2.362,1.808,1.351,0.696,0.161,0.091,
0.0094713,-0.20000,9.84510,1.0864387751,2.4893674850,1.084,1.134,3.6893,3.048,3,0.000,0.439,0.00,0.00,0.00,0.00,0.00,-1,-4.26e-12,0.00,7.064e-01,2.841e-01,1.365e-03,7.888e-04,4.147e-03,-1.000,9.465e-03,1.936,3.815,3.171,2.247,1.688,1.228,0.565,0.025,-0.046,
0.0094713,-0.20000,9.84510,1.0870337486,2.4894704819,1.084,1.185,3.6872,2.989,3,0.000,0.437,0.00,0.00,0.00,0.00,0.00,-1,-5.14e-12,0.00,7.058e-01,2.847e-01,1.359e-03,7.967e-04,4.148e-03,-1.000,9.471e-03,1.807,3.725,3.063,2.129,1.564,1.100,0.430,-0.117,-0.188,
0.0094713,-0.20000,9.84510,1.0875595808,2.4895613194,1.085,1.235,3.6850,2.930,3,0.000,0.436,0.00,0.00,0.00,0.00,0.00,-1,-6.16e-12,0.00,7.055e-01,2.851e-01,1.355e-03,8.016e-04,4.148e-03,-1.000,9.478e-03,1.682,3.638,2.958,2.014,1.444,0.975,0.298,-0.256,-0.328,
0.0094713,-0.20000,9.84510,1.0880270004,2.4896419048,1.085,1.284,3.6829,2.873,3,0.000,0.435,0.00,0.00,0.00,0.00,0.00,-1,-7.36e-12,0.00,7.053e-01,2.852e-01,1.353e-03,8.042e-04,4.148e-03,-1.000,9.492e-03,1.559,3.555,2.856,1.902,1.327,0.853,0.168,-0.392,-0.465,
0.0094713,-0.20000,9.84510,1.0884600878,2.4897165298,1.086,1.335,3.6805,2.813,3,0.000,0.435,0.00,0.00,0.00,0.00,0.00,-1,-8.85e-12,0.00,7.052e-01,2.853e-01,1.353e-03,8.050e-04,4.149e-03,-1.000,9.492e-03,1.434,3.472,2.752,1.788,1.207,0.729,0.035,-0.532,-0.606,
0.0094713,-0.20000,9.84510,1.0888391733,2.4897816181,1.086,1.383,3.6782,2.756,3,0.000,0.435,0.00,0.00,0.00,0.00,0.00,-1,-1.06e-11,0.00,7.052e-01,2.853e-01,1.352e-03,8.054e-04,4.149e-03,-1.000,9.492e-03,1.313,3.395,2.655,1.681,1.093,0.610,-0.092,-0.666,-0.742,
0.0094713,-0.20000,9.84510,1.0891835690,2.4898409843,1.086,1.430,3.6759,2.699,3,0.000,0.435,0.00,0.00,0.00,0.00,0.00,-1,-1.26e-11,0.00,7.052e-01,2.853e-01,1.352e-03,8.057e-04,4.149e-03,-1.000,9.493e-03,1.195,3.322,2.560,1.575,0.981,0.493,-0.218,-0.800,-0.877,
0.0094713,-0.20000,9.84510,1.0894972086,2.4898948669,1.086,1.477,3.6735,2.643,3,0.000,0.435,0.00,0.00,0.00,0.00,0.00,-1,-1.49e-11,0.00,7.052e-01,2.853e-01,1.352e-03,8.060e-04,4.149e-03,-1.000,9.493e-03,1.078,3.251,2.467,1.471,0.871,0.378,-0.342,-0.932,-1.010,
0.0094713,-0.20000,9.84510,1.0897771120,2.4899430275,1.087,1.522,3.6711,2.589,3,0.000,0.434,0.00,0.00,0.00,0.00,0.00,-1,-1.76e-11,0.00,7.052e-01,2.853e-01,1.352e-03,8.063e-04,4.149e-03,-1.000,9.494e-03,0.966,3.185,2.379,1.372,0.766,0.268,-0.462,-1.058,-1.137,
0.0094713,-0.20000,9.84510,1.0900489092,2.4899897575,1.087,1.568,3.6686,2.533,3,0.000,0.434,0.00,0.00,0.00,0.00,0.00,-1,-2.09e-11,0.00,7.052e-01,2.853e-01,1.351e-03,8.065e-04,4.149e-03,-1.000,9.494e-03,0.850,3.119,2.289,1.272,0.658,0.154,-0.584,-1.189,-1.269,
0.0094713,-0.20000,9.84510,1.0903043747,2.4900336266,1.087,1.611,3.6662,2.480,3,0.000,0.434,0.00,0.00,0.00,0.00,0.00,-1,-2.45e-11,0.00,7.052e-01,2.853e-01,1.351e-03,8.068e-04,4.149e-03,-1.000,9.495e-03,0.742,3.065,2.208,1.178,0.557,0.048,-0.699,-1.311,-1.394,
0.0094713,-0.20000,9.84510,1.0905874968,2.4900820255,1.087,1.652,3.6640,2.430,3,0.000,0.434,0.00,0.00,0.00,0.00,0.00,-1,-2.85e-11,0.00,7.052e-01,2.853e-01,1.351e-03,8.070e-04,4.149e-03,-1.000,9.495e-03,0.640,3.022,2.135,1.090,0.462,-0.052,-0.808,-1.426,-1.510,
0.0094713,-0.20000,9.84510,1.0907465219,2.4901094437,1.087,1.669,3.6631,2.409,3,0.000,0.434,0.00,0.00,0.00,0.00,0.00,-1,-3.05e-11,0.00,7.052e-01,2.853e-01,1.351e-03,8.072e-04,4.149e-03,-1.000,9.496e-03,0.597,3.002,2.103,1.053,0.421,-0.095,-0.855,-1.476,-1.559,
0.0094713,-0.20000,9.84510,1.0908646584,2.4901297092,1.087,1.654,3.6642,2.429,3,0.000,0.434,0.00,0.00,0.00,0.00,0.00,-1,-2.9e-11,0.00,7.052e-01,2.853e-01,1.351e-03,8.073e-04,4.149e-03,-1.000,9.496e-03,0.636,3.013,2.128,1.085,0.457,-0.057,-0.812,-1.430,-1.513,
0.0094713,-0.20000,9.84510,1.0910340548,2.4901585579,1.087,1.618,3.6666,2.475,3,0.000,0.434,0.00,0.00,0.00,0.00,0.00,-1,-2.55e-11,0.00,7.052e-01,2.853e-01,1.351e-03,8.074e-04,4.149e-03,-1.000,9.496e-03,0.725,3.040,2.188,1.159,0.539,0.031,-0.715,-1.326,-1.408,
0.0094713,-0.20000,9.84510,1.0911163092,2.4901726246,1.087,1.596,3.6681,2.503,3,0.000,0.434,0.00,0.00,0.00,0.00,0.00,-1,-2.34e-11,0.00,7.052e-01,2.853e-01,1.351e-03,8.075e-04,4.149e-03,-1.000,9.496e-03,0.781,3.059,2.225,1.205,0.590,0.086,-0.655,-1.261,-1.342,
0.0094713,-0.20000,9.84510,1.0912011862,2.4901871681,1.087,1.615,3.6670,2.479,3,0.000,0.434,0.00,0.00,0.00,0.00,0.00,-1,-2.49e-11,0.00,7.052e-01,2.853e-01,1.351e-03,8.076e-04,4.149e-03,-1.000,9.496e-03,0.732,3.038,2.190,1.163,0.545,0.038,-0.707,-1.317,-1.398,
0.0094713,-0.20000,9.84510,1.0914100409,2.4902229309,1.087,1.661,3.6643,2.423,3,0.000,0.434,0.00,0.00,0.00,0.00,0.00,-1,-2.93e-11,0.00,7.051e-01,2.854e-01,1.350e-03,8.078e-04,4.149e-03,-1.000,9.497e-03,0.618,2.994,2.109,1.066,0.438,-0.075,-0.829,-1.447,-1.530,
0.0094713,-0.20000,9.84510,1.0916153193,2.4902582169,1.087,1.707,3.6616,2.366,3,0.000,0.434,0.00,0.00,0.00,0.00,0.00,-1,-3.48e-11,0.00,7.051e-01,2.854e-01,1.350e-03,8.080e-04,4.149e-03,-1.000,9.497e-03,0.502,2.949,2.028,0.967,0.330,-0.189,-0.954,-1.579,-1.663,
0.0094713,-0.20000,9.84510,1.0918015242,2.4902899265,1.087,1.752,3.6589,2.310,3,0.000,0.434,0.00,0.00,0.00,0.00,0.00,-1,-4.12e-11,0.00,7.051e-01,2.854e-01,1.350e-03,8.082e-04,4.149e-03,-1.000,9.497e-03,0.390,2.910,1.951,0.873,0.227,-0.299,-1.074,-1.707,-1.793,
0.0094713,-0.20000,9.84510,1.0919749737,2.4903197289,1.087,1.797,3.6562,2.254,3,0.000,0.434,0.00,0.00,0.00,0.00,0.00,-1,-4.87e-11,0.00,7.051e-01,2.854e-01,1.350e-03,8.083e-04,4.149e-03,-1.000,9.498e-03,0.278,2.874,1.875,0.780,0.123,-0.408,-1.194,-1.836,-1.924,
0.0094713,-0.20000,9.84510,1.0921325684,2.4903466702,1.087,1.841,3.6534,2.199,3,0.000,0.434,0.00,0.00,0.00,0.00,0.00,-1,-5.74e-11,0.00,7.051e-01,2.854e-01,1.350e-03,8.085e-04,4.149e-03,-1.000,9.498e-03,0.168,2.840,1.801,0.689,0.023,-0.516,-1.312,-1.963,-2.052,
0.0094713,-0.20000,9.84510,1.0922782421,2.4903714657,1.087,1.885,3.6506,2.144,3,0.000,0.434,0.00,0.00,0.00,0.00,0.00,-1,-6.77e-11,0.00,7.051e-01,2.854e-01,1.350e-03,8.086e-04,4.149e-03,-1.000,9.498e-03,0.058,2.808,1.729,0.599,-0.078,-0.623,-1.430,-2.090,-2.180,
0.0094713,-0.20000,9.84510,1.0924152136,2.4903948307,1.087,1.929,3.6478,2.088,3,0.000,0.434,0.00,0.00,0.00,0.00,0.00,-1,-8e-11,0.00,7.051e-01,2.854e-01,1.350e-03,8.087e-04,4.150e-03,-1.000,9.499e-03,-0.053,2.778,1.657,0.509,-0.178,-0.730,-1.549,-2.218,-2.310,
0.0094713,-0.20000,9.84510,1.0925391912,2.4904160500,1.087,1.972,3.6449,2.034,3,0.000,0.434,0.00,0.00,0.00,0.00,0.00,-1,-9.41e-11,0.00,7.051e-01,2.854e-01,1.350e-03,8.089e-04,4.150e-03,-1.000,9.499e-03,-0.161,2.753,1.590,0.423,-0.275,-0.835,-1.665,-2.343,-2.437,
0.0094713,-0.20000,9.84510,1.0926523209,2.4904353619,1.087,2.015,3.6421,1.979,3,0.000,0.434,0.00,0.00,0.00,0.00,0.00,-1,-1.11e-10,0.00,7.051e-01,2.854e-01,1.350e-03,8.090e-04,4.150e-03,-1.000,9.499e-03,-0.268,2.726,1.525,0.337,-0.371,-0.938,-1.780,-2.465,-2.561,
0.0094713,-0.20000,9.84510,1.0927572250,2.4904532433,1.087,2.058,3.6392,1.924,3,0.000,0.434,0.00,0.00,0.00,0.00,0.00,-1,-1.3e-10,0.00,7.051e-01,2.854e-01,1.350e-03,8.091e-04,4.150e-03,-1.000,9.499e-03,-0.376,2.691,1.463,0.250,-0.467,-1.040,-1.894,-2.584,-2.684,
0.0094713,-0.20000,9.84510,1.0928537846,2.4904696941,1.086,2.101,3.6363,1.870,3,0.000,0.434,0.00,0.00,0.00,0.00,0.00,-1,-1.53e-10,0.00,7.051e-01,2.854e-01,1.349e-03,8.092e-04,4.150e-03,-1.000,9.499e-03,-0.483,2.657,1.402,0.164,-0.560,-1.141,-2.008,-2.702,-2.807,
0.0094713,-0.20000,9.84510,1.0929430723,2.4904849529,1.086,2.144,3.6333,1.815,3,0.000,0.434,0.00,0.00,0.00,0.00,0.00,-1,-1.8e-10,0.00,7.051e-01,2.854e-01,1.349e-03,8.092e-04,4.150e-03,-1.000,9.500e-03,-0.591,2.623,1.341,0.078,-0.654,-1.242,-2.121,-2.820,-2.930,
0.0094713,-0.20000,9.84510,1.0930240154,2.4904987812,1.086,2.186,3.6303,1.761,3,0.000,0.434,0.00,0.00,0.00,0.00,0.00,-1,-2.11e-10,0.00,7.051e-01,2.854e-01,1.349e-03,8.093e-04,4.150e-03,-1.000,9.500e-03,-0.696,2.589,1.281,-0.005,-0.745,-1.340,-2.232,-2.936,-3.050,
0.0094713,-0.20000,9.84510,1.0930991173,2.4905116558,1.086,2.229,3.6274,1.707,3,0.000,0.434,0.00,0.00,0.00,0.00,0.00,-1,-2.48e-10,0.00,7.051e-01,2.854e-01,1.349e-03,8.094e-04,4.150e-03,-1.000,9.500e-03,-0.801,2.551,1.222,-0.087,-0.834,-1.437,-2.343,-3.051,-3.171,
0.0094713,-0.20000,9.84510,1.0931680202,2.4905233383,1.085,2.270,3.6244,1.653,3,0.000,0.434,0.00,0.00,0.00,0.00,0.00,-1,-2.91e-10,0.00,7.051e-01,2.854e-01,1.349e-03,8.094e-04,4.150e-03,-1.000,9.500e-03,-0.905,2.517,1.164,-0.167,-0.921,-1.532,-2.452,-3.165,-3.291,
0.0094713,-0.20000,9.84510,1.0932322741,2.4905343056,1.085,2.312,3.6214,1.599,3,0.000,0.434,0.00,0.00,0.00,0.00,0.00,-1,-3.41e-10,0.00,7.051e-01,2.854e-01,1.349e-03,8.095e-04,4.150e-03,-1.000,9.500e-03,-1.009,2.480,1.105,-0.248,-1.009,-1.628,-2.562,-3.280,-3.411,
0.0094713,-0.20000,9.84510,1.0932916403,2.4905445576,1.084,2.353,3.6183,1.545,3,0.000,0.434,0.00,0.00,0.00,0.00,0.00,-1,-3.99e-10,0.00,7.051e-01,2.854e-01,1.349e-03,8.096e-04,4.150e-03,-1.000,9.500e-03,-1.113,2.444,1.048,-0.326,-1.094,-1.722,-2.671,-3.394,-3.531,
0.0094713,-0.20000,9.84510,1.0933456421,2.4905536175,1.084,2.394,3.6153,1.492,3,0.000,0.434,0.00,0.00,0.00,0.00,0.00,-1,-4.67e-10,0.00,7.051e-01,2.854e-01,1.349e-03,8.096e-04,4.150e-03,-1.000,9.500e-03,-1.215,2.416,0.994,-0.401,-1.177,-1.814,-2.778,-3.507,-3.650,
0.0094713,-0.20000,9.84510,1.0933969021,2.4905624390,1.083,2.436,3.6122,1.438,3,0.000,0.434,0.00,0.00,0.00,0.00,0.00,-1,-5.47e-10,0.00,7.051e-01,2.854e-01,1.349e-03,8.097e-04,4.150e-03,-1.000,9.500e-03,-1.319,2.416,0.942,-0.473,-1.261,-1.911,-2.889,-3.627,-3.775,
0.0094713,-0.20000,9.84510,1.0934425592,2.4905703068,1.083,2.476,3.6091,1.385,3,0.000,0.434,0.00,0.00,0.00,0.00,0.00,-1,-6.39e-10,0.00,7.051e-01,2.854e-01,1.349e-03,8.097e-04,4.150e-03,-1.000,9.501e-03,-1.419,2.421,0.896,-0.539,-1.341,-2.003,-2.996,-3.743,-3.895,
0.0094713,-0.20000,9.84510,1.0934854746,2.4905774593,1.082,2.516,3.6060,1.332,3,0.000,0.434,10.59,7.81,5.50,4.22,3.43,4,-7.46e-10,0.00,7.051e-01,2.854e-01,1.349e-03,8.097e-04,4.150e-03,-1.000,9.501e-03,-1.520,2.425,0.852,-0.603,-1.419,-2.096,-3.103,-3.860,-4.016,
0.0094713,-0.20000,9.84510,1.0935260057,2.4905843735,1.081,2.557,3.6029,1.279,3,0.000,0.434,11.83,8.61,6.03,4.64,3.77,4,-8.73e-10,0.00,7.051e-01,2.854e-01,1.349e-03,8.098e-04,4.150e-03,-1.000,9.501e-03,-1.622,2.429,0.806,-0.669,-1.498,-2.189,-3.212,-3.978,-4.139,
0.0094713,-0.20000,9.84510,1.0935615301,2.4905905724,1.081,2.595,3.5998,1.227,3,0.000,0.433,13.16,9.44,6.59,5.08,4.12,3,-1.01e-09,0.00,7.051e-01,2.854e-01,1.349e-03,8.098e-04,4.150e-03,-1.000,9.501e-03,-1.718,2.439,0.768,-0.728,-1.571,-2.277,-3.315,-4.090,-4.255,
0.0094713,-0.20000,9.84510,1.0935961008,2.4905962944,1.080,2.635,3.5966,1.174,3,0.000,0.433,14.69,10.39,7.22,5.57,4.52,3,-1.18e-09,0.00,7.051e-01,2.854e-01,1.349e-03,8.099e-04,4.150e-03,-1.000,9.501e-03,-1.819,2.443,0.728,-0.785,-1.643,-2.368,-3.422,-4.207,-4.376,
0.0094713,-0.20000,9.84510,1.0936276913,2.4906017780,1.079,2.675,3.5934,1.122,3,0.000,0.433,16.36,11.42,7.90,6.10,4.96,3,-1.38e-09,0.00,7.051e-01,2.854e-01,1.349e-03,8.099e-04,4.150e-03,-1.000,9.501e-03,-1.916,2.449,0.691,-0.840,-1.712,-2.456,-3.526,-4.320,-4.495,
0.0094713,-0.20000,9.84510,1.0936567783,2.4906067848,1.078,2.713,3.5902,1.070,3,0.000,0.433,18.21,12.53,8.63,6.68,5.43,3,-1.6e-09,0.00,7.051e-01,2.854e-01,1.349e-03,8.099e-04,4.150e-03,-1.000,9.501e-03,-2.012,2.459,0.656,-0.893,-1.780,-2.542,-3.629,-4.432,-4.611,
0.0094713,-0.20000,9.84510,1.0936843157,2.4906113148,1.077,2.751,3.5869,1.018,3,0.000,0.433,20.28,13.76,9.44,7.32,5.94,3,-1.86e-09,0.00,7.051e-01,2.854e-01,1.349e-03,8.099e-04,4.150e-03,-1.000,9.501e-03,-2.109,2.464,0.626,-0.940,-1.842,-2.628,-3.732,-4.545,-4.729,
0.0094713,-0.20000,9.84510,1.0937095881,2.4906156063,1.076,2.789,3.5837,0.967,3,0.000,0.433,22.54,15.09,10.31,8.00,6.50,3,-2.16e-09,0.00,7.051e-01,2.854e-01,1.349e-03,8.100e-04,4.150e-03,-1.000,9.501e-03,-2.203,2.477,0.600,-0.982,-1.901,-2.711,-3.834,-4.655,-4.845,
0.0094713,-0.20000,9.84510,1.0937387943,2.4906206131,1.074,2.835,3.5796,0.904,3,0.000,0.433,25.70,16.92,11.50,8.94,7.27,3,-2.59e-09,0.00,7.051e-01,2.854e-01,1.349e-03,8.100e-04,4.150e-03,-1.000,9.501e-03,-2.319,2.496,0.573,-1.030,-1.971,-2.813,-3.959,-4.791,-4.987,
0.0094713,-0.20000,9.84510,1.0937656164,2.4906251431,1.072,2.881,3.5754,0.841,3,0.000,0.433,29.28,18.96,12.82,9.98,8.11,2,-3.1e-09,0.00,7.051e-01,2.854e-01,1.349e-03,8.100e-04,4.150e-03,-1.000,9.501e-03,-2.433,2.508,0.555,-1.063,-2.027,-2.912,-4.084,-4.926,-5.129,
0.0094713,-0.20000,9.84510,1.0937900543,2.4906294346,1.071,2.926,3.5712,0.778,3,0.000,0.433,33.34,21.22,14.28,11.13,9.06,2,-3.71e-09,0.00,7.051e-01,2.854e-01,1.349e-03,8.100e-04,4.150e-03,-1.000,9.501e-03,-2.546,2.523,0.542,-1.092,-2.081,-3.009,-4.207,-5.060,-5.269,
0.0094713,-0.20000,9.84510,1.0938127041,2.4906332493,1.068,2.971,3.5670,0.716,3,0.000,0.433,37.92,23.73,15.88,12.41,10.10,2,-4.44e-09,0.00,7.051e-01,2.854e-01,1.349e-03,8.101e-04,4.150e-03,-1.000,9.501e-03,-2.657,2.533,0.537,-1.105,-2.122,-3.101,-4.329,-5.192,-5.408,
0.0094713,-0.20000,9.84510,1.0938338041,2.4906368256,1.066,3.015,3.5627,0.654,3,0.000,0.433,43.11,26.54,17.67,13.83,11.26,2,-5.31e-09,0.00,7.051e-01,2.854e-01,1.349e-03,8.101e-04,4.150e-03,-1.000,9.501e-03,-2.767,2.541,0.537,-1.112,-2.158,-3.193,-4.451,-5.324,-5.547,
0.0094713,-0.20000,9.84510,1.0938531160,2.4906401634,1.064,3.058,3.5584,0.593,3,0.000,0.433,48.91,29.62,19.62,15.38,12.52,2,-6.31e-09,0.00,7.051e-01,2.854e-01,1.349e-03,8.101e-04,4.150e-03,-1.000,9.501e-03,-2.874,2.552,0.548,-1.104,-2.182,-3.277,-4.569,-5.452,-5.682,
0.0094713,-0.20000,9.84510,1.0938707590,2.4906432629,1.061,3.100,3.5541,0.532,3,0.000,0.433,55.40,33.01,21.76,17.09,13.91,2,-7.49e-09,0.00,7.051e-01,2.854e-01,1.349e-03,8.101e-04,4.150e-03,-1.000,9.501e-03,-2.979,2.560,0.573,-1.077,-2.192,-3.355,-4.686,-5.578,-5.815,
0.0094713,-0.20000,9.84510,1.0938872099,2.4906458855,1.058,3.141,3.5497,0.472,3,0.000,0.433,62.76,36.78,24.13,18.98,15.46,2,-8.89e-09,0.00,7.051e-01,2.854e-01,1.349e-03,8.101e-04,4.150e-03,-1.000,9.501e-03,-3.083,2.570,0.603,-1.044,-2.199,-3.432,-4.803,-5.703,-5.947,
0.0094713,-0.20000,9.84510,1.0939024687,2.4906485081,1.054,3.182,3.5453,0.412,3,0.000,0.433,71.02,40.95,26.73,21.06,17.16,2,-1.05e-08,0.00,7.051e-01,2.854e-01,1.349e-03,8.101e-04,4.150e-03,-1.000,9.501e-03,-3.185,2.579,0.658,-0.978,-2.183,-3.497,-4.919,-5.826,-6.078,
0.0094713,-0.20000,9.84510,1.0939167738,2.4906508923,1.051,3.222,3.5408,0.353,3,0.000,0.433,80.32,45.56,29.60,23.36,19.04,1,-1.25e-08,0.00,7.051e-01,2.854e-01,1.349e-03,8.102e-04,4.150e-03,-1.000,9.501e-03,-3.285,2.589,0.718,-0.905,-2.163,-3.560,-5.033,-5.948,-6.208,
0.0094713,-0.20000,9.84510,1.0939298868,2.4906532764,1.047,3.261,3.5363,0.294,3,0.000,0.433,90.67,50.61,32.72,25.87,21.09,1,-1.47e-08,0.00,7.051e-01,2.854e-01,1.349e-03,8.102e-04,4.150e-03,-1.000,9.501e-03,-3.382,2.598,0.797,-0.806,-2.127,-3.607,-5.145,-6.067,-6.335,
0.0094713,-0.20000,9.84510,1.0939424038,2.4906554222,1.042,3.300,3.5318,0.235,3,0.000,0.433,102.40,56.24,36.18,28.66,23.36,1,-1.74e-08,0.00,7.051e-01,2.854e-01,1.349e-03,8.102e-04,4.150e-03,-1.000,9.501e-03,-3.479,2.607,0.879,-0.703,-2.087,-3.652,-5.258,-6.185,-6.461,
0.0094713,-0.20000,9.84510,1.0939542055,2.4906573296,1.037,3.338,3.5272,0.177,3,0.000,0.433,115.47,62.40,39.96,31.70,25.85,1,-2.05e-08,0.00,7.051e-01,2.854e-01,1.349e-03,8.102e-04,4.150e-03,-1.000,9.501e-03,-3.574,2.615,0.985,-0.570,-2.031,-3.679,-5.369,-6.301,-6.586,
0.0094713,-0.20000,9.84510,1.0939651728,2.4906592369,1.031,3.374,3.5228,0.120,3,0.000,0.433,129.76,69.01,43.99,34.96,28.51,1,-2.4e-08,0.00,7.051e-01,2.854e-01,1.349e-03,8.102e-04,4.150e-03,-1.000,9.501e-03,-3.665,2.626,1.106,-0.418,-1.962,-3.691,-5.475,-6.411,-6.705,
0.0094713,-0.20000,9.84510,1.0939708948,2.4906601906,1.028,3.391,3.5208,0.094,3,0.000,0.433,137.01,72.33,46.00,36.58,29.84,1,-2.6e-08,0.00,7.051e-01,2.854e-01,1.349e-03,8.102e-04,4.150e-03,-1.000,9.501e-03,-3.707,2.632,1.163,-0.347,-1.931,-3.697,-5.524,-6.463,-6.761,
0.0094713,-0.20000,9.84510,1.0939708948,2.4906601906,1.028,1.725,3.6802,2.397,4,0.000,0.452,0.00,0.00,0.00,0.00,0.00,-1,-1e-30,0.00,7.058e-01,2.847e-01,1.408e-03,7.408e-04,4.150e-03,-1.000,9.471e-03,0.457,2.503,1.783,0.805,0.231,-0.248,-0.945,-1.509,-1.583,
0.0094713,-0.20000,9.84510,1.0941034555,2.4906828403,1.028,1.736,3.6795,2.384,4,0.000,0.452,0.00,0.00,0.00,0.00,0.00,-1,-1e-30,0.00,7.058e-01,2.847e-01,1.408e-03,7.410e-04,4.151e-03,-1.000,9.472e-03,0.431,2.496,1.767,0.784,0.207,-0.273,-0.973,-1.539,-1.614,
0.0094713,-0.20000,9.84510,1.0942307711,2.4907045364,1.028,1.740,3.6792,2.380,4,0.000,0.452,0.00,0.00,0.00,0.00,0.00,-1,-1e-30,0.00,7.058e-01,2.847e-01,1.408e-03,7.411e-04,4.151e-03,-1.000,9.472e-03,0.421,2.491,1.759,0.775,0.197,-0.283,-0.983,-1.551,-1.625,
0.0094713,-0.20000,9.84510,1.0943611860,2.4907267094,1.028,1.740,3.6794,2.380,4,0.000,0.452,0.00,0.00,0.00,0.00,0.00,-1,-1e-30,0.00,7.058e-01,2.847e-01,1.408e-03,7.413e-04,4.151e-03,-1.000,9.472e-03,0.420,2.486,1.756,0.772,0.196,-0.285,-0.984,-1.551,-1.625,
0.0094713,-0.20000,9.84510,1.0944912434,2.4907486439,1.029,1.739,3.6798,2.382,4,0.000,0.452,0.00,0.00,0.00,0.00,0.00,-1,-1e-30,0.00,7.058e-01,2.847e-01,1.408e-03,7.415e-04,4.151e-03,-1.000,9.473e-03,0.422,2.481,1.755,0.773,0.197,-0.282,-0.980,-1.546,-1.620,
0.0094713,-0.20000,9.84510,1.0946224928,2.4907710552,1.029,1.737,3.6802,2.386,4,0.000,0.452,0.00,0.00,0.00,0.00,0.00,-1,-1e-30,0.00,7.058e-01,2.847e-01,1.407e-03,7.416e-04,4.151e-03,-1.000,9.473e-03,0.427,2.476,1.754,0.775,0.201,-0.278,-0.975,-1.539,-1.613,
0.0094713,-0.20000,9.84510,1.0947550535,2.4907937050,1.029,1.735,3.6807,2.390,4,0.000,0.452,0.00,0.00,0.00,0.00,0.00,-1,-1e-30,0.00,7.058e-01,2.848e-01,1.407e-03,7.418e-04,4.151e-03,-1.000,9.473e-03,0.432,2.471,1.755,0.778,0.205,-0.273,-0.968,-1.531,-1.605,
0.0094713,-0.20000,9.84510,1.0948878527,2.4908161163,1.029,1.733,3.6811,2.394,4,0.000,0.452,0.00,0.00,0.00,0.00,0.00,-1,-1e-30,0.00,7.058e-01,2.848e-01,1.407e-03,7.420e-04,4.151e-03,-1.000,9.474e-03,0.437,2.466,1.755,0.780,0.209,-0.268,-0.961,-1.523,-1.596,
0.0094713,-0.20000,9.84510,1.0950191021,2.4908385277,1.029,1.731,3.6816,2.397,4,0.000,0.452,0.00,0.00,0.00,0.00,0.00,-1,-1e-30,0.00,7.058e-01,2.848e-01,1.407e-03,7.421e-04,4.151e-03,-1.000,9.474e-03,0.441,2.462,1.755,0.783,0.212,-0.264,-0.955,-1.516,-1.589,
0.0094713,-0.20000,9.84510,1.0951572657,2.4908618927,1.029,1.730,3.6820,2.401,4,0.000,0.452,0.00,0.00,0.00,0.00,0.00,-1,-1e-30,0.00,7.057e-01,2.848e-01,1.407e-03,7.423e-04,4.151e-03,-1.000,9.474e-03,0.445,2.457,1.755,0.785,0.215,-0.260,-0.950,-1.509,-1.582,
0.0094713,-0.20000,9.84510,1.0952821970,2.4908831120,1.030,1.729,3.6823,2.403,4,0.000,0.452,0.00,0.00,0.00,0.00,0.00,-1,-1e-30,0.00,7.057e-01,2.848e-01,1.407e-03,7.425e-04,4.151e-03,-1.000,9.474e-03,0.448,2.453,1.755,0.786,0.218,-0.257,-0.946,-1.504,-1.577,
0.0094713,-0.20000,9.84510,1.0954110622,2.4909050465,1.030,1.728,3.6827,2.406,4,0.000,0.452,0.00,0.00,0.00,0.00,0.00,-1,-1e-30,0.00,7.057e-01,2.848e-01,1.407e-03,7.426e-04,4.151e-03,-1.000,9.475e-03,0.451,2.449,1.754,0.787,0.220,-0.254,-0.942,-1.499,-1.572,
0.0094713,-0.20000,9.84510,1.0955483913,2.4909284115,1.030,1.727,3.6830,2.408,4,0.000,0.452,0.00,0.00,0.00,0.00,0.00,-1,-1e-30,0.00,7.057e-01,2.848e-01,1.407e-03,7.428e-04,4.151e-03,-1.000,9.475e-03,0.453,2.444,1.753,0.787,0.221,-0.252,-0.939,-1.495,-1.567,
0.0094713,-0.20000,9.84510,1.0956875086,2.4909520149,1.030,1.726,3.6833,2.410,4,0.000,0.452,0.00,0.00,0.00,0.00,0.00,-1,-1e-30,0.00,7.057e-01,2.848e-01,1.407e-03,7.430e-04,4.152e-03,-1.000,9.475e-03,0.455,2.440,1.751,0.787,0.222,-0.250,-0.936,-1.491,-1.563,
0.0094713,-0.20000,9.84510,1.0957857370,2.4909687042,1.030,1.726,3.6835,2.411,4,0.000,0.452,0.00,0.00,0.00,0.00,0.00,-1,-1e-30,0.00,7.057e-01,2.848e-01,1.407e-03,7.431e-04,4.152e-03,-1.000,9.476e-03,0.456,2.436,1.750,0.787,0.223,-0.249,-0.934,-1.489,-1.561,
0.0094713,-0.20000,9.84510,1.0958143473,2.4909734726,1.030,1.725,3.6836,2.412,4,0.000,0.452,0.00,0.00,0.00,0.00,0.00,-1,-1e-30,0.00,7.057e-01,2.848e-01,1.407e-03,7.432e-04,4.152e-03,-1.000,9.476e-03,0.456,2.436,1.750,0.787,0.223,-0.249,-0.934,-1.488,-1.560,
0.0094713,-0.20000,9.84510,1.0959436893,2.4909954071,1.030,1.725,3.6838,2.413,4,0.000,0.452,0.00,0.00,0.00,0.00,0.00,-1,-1e-30,0.00,7.057e-01,2.849e-01,1.406e-03,7.433e-04,4.152e-03,-1.000,9.476e-03,0.457,2.432,1.749,0.787,0.223,-0.248,-0.932,-1.486,-1.558,
0.0094713,-0.20000,9.84510,1.0960769653,2.4910180569,1.030,1.725,3.6840,2.414,4,0.000,0.452,0.00,0.00,0.00,0.00,0.00,-1,-1e-30,0.00,7.057e-01,2.849e-01,1.406e-03,7.435e-04,4.152e-03,-1.000,9.476e-03,0.458,2.428,1.747,0.786,0.223,-0.248,-0.931,-1.484,-1.556,
0.0094713,-0.20000,9.84510,1.0962140560,2.4910411835,1.031,1.725,3.6842,2.415,4,0.000,0.452,0.00,0.00,0.00,0.00,0.00,-1,-1e-30,0.00,7.057e-01,2.849e-01,1.406e-03,7.437e-04,4.152e-03,-1.000,9.477e-03,0.457,2.424,1.745,0.785,0.223,-0.248,-0.931,-1.483,-1.555,
0.0094713,-0.20000,9.84510,1.0963402987,2.4910626411,1.031,1.725,3.6843,2.415,4,0.000,0.452,0.00,0.00,0.00,0.00,0.00,-1,-1e-30,0.00,7.056e-01,2.849e-01,1.406e-03,7.438e-04,4.152e-03,-1.000,9.477e-03,0.456,2.421,1.743,0.784,0.221,-0.249,-0.931,-1.484,-1.555,
0.0094713,-0.20000,9.84510,1.0964692831,2.4910845757,1.031,1.726,3.6844,2.415,4,0.000,0.452,0.00,0.00,0.00,0.00,0.00,-1,-1e-30,0.00,7.056e-01,2.849e-01,1.406e-03,7.440e-04,4.152e-03,-1.000,9.477e-03,0.455,2.418,1.741,0.781,0.219,-0.251,-0.933,-1.485,-1.557,
0.0094713,-0.20000,9.84510,1.0965973139,2.4911062717,1.031,1.727,3.6844,2.414,4,0.000,0.452,0.00,0.00,0.00,0.00,0.00,-1,-1e-30,0.00,7.056e-01,2.849e-01,1.406e-03,7.442e-04,4.152e-03,-1.000,9.477e-03,0.452,2.416,1.738,0.779,0.217,-0.254,-0.935,-1.487,-1.559,
0.0094713,-0.20000,9.84510,1.0967227221,2.4911274910,1.031,1.728,3.6844,2.412,4,0.000,0.451,0.00,0.00,0.00,0.00,0.00,-1,-1e-30,0.00,7.056e-01,2.849e-01,1.406e-03,7.443e-04,4.152e-03,-1.000,9.478e-03,0.449,2.413,1.735,0.776,0.214,-0.257,-0.939,-1.491,-1.562,
0.0094713,-0.20000,9.84510,1.0967322588,2.4911289215,1.031,1.728,3.6844,2.412,4,0.000,0.451,0.00,0.00,0.00,0.00,0.00,-1,-1e-30,0.00,7.056e-01,2.849e-01,1.406e-03,7.443e-04,4.152e-03,-1.000,9.478e-03,0.449,2.413,1.735,0.776,0.213,-0.257,-0.939,-1.491,-1.563,
0.0094713,-0.20000,9.84510,1.0968276262,2.4911451340,1.031,1.730,3.6843,2.411,4,0.000,0.451,0.00,0.00,0.00,0.00,0.00,-1,-1e-30,0.00,7.056e-01,2.849e-01,1.406e-03,7.444e-04,4.152e-03,-1.000,9.478e-03,0.445,2.411,1.732,0.772,0.210,-0.261,-0.943,-1.495,-1.567,
0.0094713,-0.20000,9.84510,1.0969442129,2.4911649227,1.031,1.732,3.6842,2.408,4,0.000,0.451,0.00,0.00,0.00,0.00,0.00,-1,-1e-30,0.00,7.056e-01,2.849e-01,1.406e-03,7.446e-04,4.152e-03,-1.000,9.478e-03,0.440,2.409,1.729,0.768,0.205,-0.266,-0.948,-1.501,-1.572,
0.0094713,-0.20000,9.84510,1.0970627069,2.4911849499,1.032,1.734,3.6840,2.405,4,0.000,0.451,0.00,0.00,0.00,0.00,0.00,-1,-1e-30,0.00,7.056e-01,2.849e-01,1.406e-03,7.447e-04,4.152e-03,-1.000,9.479e-03,0.434,2.407,1.725,0.763,0.200,-0.272,-0.955,-1.508,-1.580,
0.0094713,-0.20000,9.84510,1.0971856117,2.4912056923,1.032,1.737,3.6837,2.401,4,0.000,0.451,0.00,0.00,0.00,0.00,0.00,-1,-1e-30,0.00,7.056e-01,2.850e-01,1.406e-03,7.449e-04,4.153e-03,-1.000,9.479e-03,0.427,2.406,1.720,0.757,0.193,-0.279,-0.964,-1.517,-1.589,
0.0094713,-0.20000,9.84510,1.0973021984,2.4912254810,1.032,1.741,3.6834,2.396,4,0.000,0.451,0.00,0.00,0.00,0.00,0.00,-1,-1e-30,0.00,7.056e-01,2.850e-01,1.406e-03,7.451e-04,4.153e-03,-1.000,9.479e-03,0.418,2.404,1.715,0.750,0.184,-0.288,-0.973,-1.528,-1.600,
0.0094713,-0.20000,9.84510,1.0974220037,2.4912457466,1.032,1.745,3.6829,2.390,4,0.000,0.451,0.00,0.00,0.00,0.00,0.00,-1,-1e-30,0.00,7.055e-01,2.850e-01,1.405e-03,7.452e-04,4.153e-03,-1.000,9.479e-03,0.407,2.403,1.708,0.741,0.174,-0.299,-0.986,-1.542,-1.614,
0.0094713,-0.20000,9.84510,1.0975413322,2.4912657738,1.032,1.750,3.6825,2.383,4,0.000,0.451,0.00,0.00,0.00,0.00,0.00,-1,-1e-30,0.00,7.055e-01,2.850e-01,1.405e-03,7.454e-04,4.153e-03,-1.000,9.480e-03,0.395,2.401,1.701,0.731,0.163,-0.311,-1.000,-1.557,-1.630,
0.0094713,-0.20000,9.84510,1.0976580381,2.4912855625,1.032,1.756,3.6820,2.376,4,0.000,0.451,0.00,0.00,0.00,0.00,0.00,-1,-1e-30,0.00,7.055e-01,2.850e-01,1.405e-03,7.455e-04,4.153e-03,-1.000,9.480e-03,0.381,2.398,1.693,0.720,0.151,-0.325,-1.015,-1.574,-1.647,
0.0094713,-0.20000,9.84510,1.0977841616,2.4913067818,1.032,1.763,3.6812,2.366,4,0.000,0.451,0.00,0.00,0.00,0.00,0.00,-1,-1e-30,0.00,7.055e-01,2.850e-01,1.405e-03,7.457e-04,4.153e-03,-1.000,9.480e-03,0.362,2.396,1.682,0.705,0.134,-0.343,-1.036,-1.597,-1.670,
0.0094713,-0.20000,9.84510,1.0979038477,2.4913270473,1.033,1.771,3.6806,2.356,4,0.000,0.451,0.00,0.00,0.00,0.00,0.00,-1,-1e-30,0.00,7.055e-01,2.850e-01,1.405e-03,7.458e-04,4.153e-03,-1.000,9.480e-03,0.343,2.392,1.670,0.689,0.116,-0.362,-1.057,-1.620,-1.694,
0.0094713,-0.20000,9.84510,1.0979666710,2.4913377762,1.033,1.766,3.6812,2.363,4,0.000,0.451,0.00,0.00,0.00,0.00,0.00,-1,-1e-30,0.00,7.055e-01,2.850e-01,1.405e-03,7.459e-04,4.153e-03,-1.000,9.481e-03,0.355,2.389,1.674,0.697,0.126,-0.351,-1.043,-1.604,-1.677,
0.0094713,-0.20000,9.84510,1.0980840921,2.4913575649,1.033,1.774,3.6803,2.352,4,0.000,0.451,0.00,0.00,0.00,0.00,0.00,-1,-1e-30,0.00,7.055e-01,2.850e-01,1.405e-03,7.460e-04,4.153e-03,-1.000,9.481e-03,0.336,2.389,1.665,0.683,0.109,-0.370,-1.066,-1.629,-1.703,
0.0094713,-0.20000,9.84510,1.0982005596,2.4913771152,1.033,1.789,3.6788,2.331,4,0.000,0.451,0.00,0.00,0.00,0.00,0.00,-1,-1e-30,0.00,7.055e-01,2.850e-01,1.405e-03,7.462e-04,4.153e-03,-1.000,9.481e-03,0.298,2.387,1.644,0.654,0.075,-0.406,-1.108,-1.676,-1.751,
0.0094713,-0.20000,9.84510,1.0983182192,2.4913969040,1.033,1.819,3.6758,2.288,4,0.000,0.451,0.00,0.00,0.00,0.00,0.00,-1,-1e-30,0.00,7.055e-01,2.850e-01,1.405e-03,7.463e-04,4.153e-03,-1.000,9.481e-03,0.221,2.382,1.601,0.594,0.006,-0.482,-1.195,-1.772,-1.848,
0.0094713,-0.20000,9.84510,1.0983830690,2.4914078712,1.033,1.857,3.6721,2.236,4,0.000,0.451,0.00,0.00,0.00,0.00,0.00,-1,-1e-30,0.00,7.055e-01,2.851e-01,1.405e-03,7.464e-04,4.153e-03,-1.000,9.482e-03,0.127,2.374,1.548,0.521,-0.079,-0.575,-1.301,-1.889,-1.967,
0.0094713,-0.20000,9.84510,1.0984188318,2.4914140701,1.033,1.900,3.6681,2.177,4,0.000,0.451,0.00,0.00,0.00,0.00,0.00,-1,-1e-30,0.00,7.055e-01,2.851e-01,1.405e-03,7.465e-04,4.153e-03,-1.000,9.482e-03,0.021,2.366,1.489,0.439,-0.175,-0.679,-1.420,-2.021,-2.100,
0.0094713,-0.20000,9.84510,1.0984359980,2.4914169312,1.033,1.941,3.6642,2.120,4,0.000,0.451,0.00,0.00,0.00,0.00,0.00,-1,-1e-30,0.00,7.055e-01,2.851e-01,1.405e-03,7.465e-04,4.153e-03,-1.000,9.482e-03,-0.082,2.359,1.433,0.360,-0.266,-0.779,-1.535,-2.147,-2.228,
0.0094713,-0.20000,9.84510,1.0984444618,2.4914183617,1.033,1.979,3.6607,2.068,4,0.000,0.451,0.00,0.00,0.00,0.00,0.00,-1,-1e-30,0.00,7.055e-01,2.851e-01,1.405e-03,7.465e-04,4.153e-03,-1.000,9.482e-03,-0.177,2.353,1.380,0.287,-0.351,-0.871,-1.641,-2.264,-2.348,
0.0094713,-0.20000,9.84510,1.0984492302,2.4914190769,1.033,2.016,3.6573,2.017,4,0.000,0.451,0.00,0.00,0.00,0.00,0.00,-1,-1e-30,0.00,7.055e-01,2.851e-01,1.405e-03,7.465e-04,4.153e-03,-1.000,9.482e-03,-0.270,2.349,1.331,0.218,-0.432,-0.961,-1.743,-2.377,-2.463,
0.0094713,-0.20000,9.84510,1.0984522104,2.4914195538,1.033,2.051,3.6542,1.970,4,0.000,0.451,0.00,0.00,0.00,0.00,0.00,-1,-1e-30,0.00,7.055e-01,2.851e-01,1.405e-03,7.465e-04,4.153e-03,-1.000,9.482e-03,-0.357,2.342,1.287,0.152,-0.509,-1.044,-1.839,-2.480,-2.569,
0.0094713,-0.20000,9.84510,1.0984541178,2.4914200306,1.033,2.081,3.6515,1.929,4,0.000,0.451,0.00,0.00,0.00,0.00,0.00,-1,-1e-30,0.00,7.055e-01,2.851e-01,1.405e-03,7.465e-04,4.153e-03,-1.000,9.482e-03,-0.432,2.333,1.250,0.094,-0.575,-1.116,-1.921,-2.568,-2.659,
0.0094713,-0.20000,9.84510,1.0984542370,2.4914200306,1.033,2.082,3.6514,1.928,7,0.000,0.451,0.00,0.00,0.00,0.00,0.00,-1,-2.27e-23,0.00,7.055e-01,2.846e-01,1.405e-03,7.465e-04,4.153e-03,-1.000,9.915e-03,-0.434,2.333,1.249,0.093,-0.576,-1.117,-1.923,-2.569,-2.661,
0.0094713,-0.20000,9.84510,1.0984559059,2.4914202690,1.033,2.112,3.6488,1.888,7,0.000,0.451,0.00,0.00,0.00,0.00,0.00,-1,-2.38e-23,0.00,7.055e-01,2.846e-01,1.405e-03,7.465e-04,4.153e-03,-1.000,9.915e-03,-0.509,2.322,1.212,0.035,-0.642,-1.189,-2.005,-2.656,-2.751,
0.0094713,-0.20000,9.84510,1.0984579325,2.4914205074,1.033,2.141,3.6463,1.849,7,0.000,0.451,0.00,0.00,0.00,0.00,0.00,-1,-2.45e-23,0.00,7.055e-01,2.846e-01,1.405e-03,7.465e-04,4.153e-03,-1.000,9.915e-03,-0.582,2.312,1.176,-0.020,-0.705,-1.257,-2.084,-2.740,-2.838,
0.0094713,-0.20000,9.84510,1.0984616280,2.4914212227,1.033,2.166,3.6441,1.815,7,0.000,0.451,0.00,0.00,0.00,0.00,0.00,-1,-2.45e-23,0.00,7.055e-01,2.846e-01,1.405e-03,7.465e-04,4.153e-03,-1.000,9.915e-03,-0.645,2.301,1.145,-0.069,-0.760,-1.316,-2.152,-2.813,-2.914,
0.0094713,-0.20000,9.84510,1.0984774828,2.4914238453,1.033,2.140,3.6465,1.850,7,0.000,0.451,0.00,0.00,0.00,0.00,0.00,-1,-5.26e-23,0.00,7.055e-01,2.846e-01,1.405e-03,7.465e-04,4.153e-03,-1.000,9.940e-03,-0.579,2.310,1.177,-0.019,-0.703,-1.254,-2.081,-2.736,-2.834,
0.0094713,-0.20000,9.84510,1.0985611677,2.4914379120,1.033,2.132,3.6471,1.861,7,0.000,0.451,0.00,0.00,0.00,0.00,0.00,-1,-1.12e-11,0.00,7.055e-01,2.839e-01,1.405e-03,7.467e-04,4.153e-03,-1.000,1.060e-02,-0.559,2.314,1.188,-0.003,-0.685,-1.235,-2.059,-2.713,-2.810,
0.0094713,-0.20000,9.84510,1.0986276865,2.4914491177,1.032,2.175,3.6433,1.802,7,0.000,0.451,0.00,0.00,0.00,0.00,0.00,-1,-7.29e-10,0.00,7.054e-01,2.839e-01,1.405e-03,7.467e-04,4.154e-03,-1.000,1.063e-02,-0.668,2.299,1.135,-0.085,-0.779,-1.337,-2.177,-2.839,-2.941,
0.0094713,-0.20000,9.84510,1.0986793041,2.4914579391,1.031,2.222,3.6391,1.738,7,0.000,0.451,0.00,0.00,0.00,0.00,0.00,-1,-1e-09,0.00,7.054e-01,2.839e-01,1.404e-03,7.468e-04,4.154e-03,-1.000,1.063e-02,-0.784,2.281,1.078,-0.173,-0.878,-1.445,-2.302,-2.972,-3.080,
0.0094713,-0.20000,9.84510,1.0987215042,2.4914650917,1.030,2.270,3.6350,1.673,7,0.000,0.451,0.00,0.00,0.00,0.00,0.00,-1,-1.28e-09,0.00,7.054e-01,2.839e-01,1.404e-03,7.469e-04,4.154e-03,-1.000,1.063e-02,-0.904,2.262,1.020,-0.262,-0.978,-1.556,-2.431,-3.109,-3.223,
0.0094713,-0.20000,9.84510,1.0987573862,2.4914710522,1.029,2.316,3.6310,1.611,7,0.000,0.451,0.00,0.00,0.00,0.00,0.00,-1,-1.63e-09,0.00,7.054e-01,2.839e-01,1.404e-03,7.469e-04,4.154e-03,-1.000,1.063e-02,-1.019,2.242,0.964,-0.347,-1.073,-1.660,-2.554,-3.238,-3.360,
0.0094713,-0.20000,9.84510,1.0987882614,2.4914762974,1.028,2.359,3.6273,1.552,7,0.000,0.451,0.00,0.00,0.00,0.00,0.00,-1,-2.03e-09,0.00,7.054e-01,2.839e-01,1.404e-03,7.469e-04,4.154e-03,-1.000,1.063e-02,-1.126,2.219,0.911,-0.425,-1.160,-1.758,-2.668,-3.360,-3.488,
0.0094713,-0.20000,9.84510,1.0988153219,2.4914808273,1.026,2.400,3.6237,1.495,7,0.000,0.451,0.00,0.00,0.00,0.00,0.00,-1,-2.51e-09,0.00,7.054e-01,2.839e-01,1.404e-03,7.470e-04,4.154e-03,-1.000,1.063e-02,-1.231,2.200,0.860,-0.500,-1.245,-1.852,-2.779,-3.478,-3.613,
0.0094713,-0.20000,9.84510,1.0988388062,2.4914848804,1.025,2.441,3.6201,1.440,7,0.000,0.451,0.00,0.00,0.00,0.00,0.00,-1,-3.1e-09,0.00,7.054e-01,2.839e-01,1.404e-03,7.470e-04,4.154e-03,-1.000,1.063e-02,-1.333,2.214,0.815,-0.569,-1.327,-1.947,-2.890,-3.600,-3.738,
0.0094713,-0.20000,9.84510,1.0988596678,2.4914882183,1.023,2.482,3.6166,1.385,7,0.000,0.451,0.00,0.00,0.00,0.00,0.00,-1,-3.79e-09,0.00,7.054e-01,2.839e-01,1.404e-03,7.470e-04,4.154e-03,-1.000,1.063e-02,-1.434,2.228,0.774,-0.632,-1.406,-2.038,-2.998,-3.718,-3.862,
0.0094713,-0.20000,9.84510,1.0988786221,2.4914915562,1.022,2.521,3.6130,1.330,7,0.000,0.451,10.43,7.74,5.44,4.19,3.40,4,-4.64e-09,0.00,7.054e-01,2.839e-01,1.404e-03,7.471e-04,4.154e-03,-1.000,1.063e-02,-1.534,2.248,0.735,-0.694,-1.482,-2.129,-3.106,-3.837,-3.985,
0.0094713,-0.20000,9.84510,1.0988960266,2.4914944172,1.020,2.561,3.6086,1.272,7,0.000,0.451,11.76,8.59,6.01,4.63,3.76,3,-5.68e-09,0.00,7.054e-01,2.839e-01,1.404e-03,7.473e-04,4.154e-03,-1.000,1.063e-02,-1.633,2.288,0.710,-0.745,-1.552,-2.217,-3.214,-3.959,-4.113,
0.0094713,-0.20000,9.84510,1.0989121199,2.4914970398,1.017,2.601,3.6041,1.213,7,0.000,0.450,13.28,9.54,6.64,5.13,4.16,3,-6.95e-09,0.00,7.054e-01,2.840e-01,1.403e-03,7.480e-04,4.154e-03,-1.000,1.063e-02,-1.731,2.333,0.691,-0.791,-1.617,-2.303,-3.321,-4.080,-4.241,
0.0094713,-0.20000,9.84510,1.0989236832,2.4914991856,1.015,2.630,3.5997,1.165,7,0.000,0.450,14.67,10.40,7.21,5.58,4.53,3,-8.08e-09,0.00,7.054e-01,2.840e-01,1.401e-03,7.492e-04,4.154e-03,-1.000,1.061e-02,-1.806,2.393,0.692,-0.813,-1.658,-2.365,-3.404,-4.177,-4.343,
0.0094713,-0.20000,9.84510,1.0989381075,2.4915015697,1.013,2.669,3.5958,1.110,7,0.000,0.449,16.45,11.49,7.93,6.14,4.99,3,-9.8e-09,0.00,7.054e-01,2.840e-01,1.398e-03,7.523e-04,4.154e-03,-1.000,1.061e-02,-1.902,2.418,0.668,-0.858,-1.720,-2.450,-3.509,-4.294,-4.465,
0.0094713,-0.20000,9.84510,1.0989521742,2.4915039539,1.009,2.708,3.5922,1.055,7,0.000,0.447,18.43,12.68,8.72,6.76,5.49,3,-1.19e-08,0.00,7.054e-01,2.840e-01,1.393e-03,7.575e-04,4.154e-03,-1.000,1.061e-02,-2.000,2.436,0.638,-0.908,-1.787,-2.537,-3.614,-4.409,-4.587,
0.0094713,-0.20000,9.84510,1.0989650488,2.4915060997,1.006,2.746,3.5887,1.001,7,0.000,0.446,20.60,13.96,9.56,7.43,6.03,3,-1.44e-08,0.00,7.054e-01,2.840e-01,1.388e-03,7.636e-04,4.154e-03,-1.000,1.061e-02,-2.096,2.454,0.612,-0.953,-1.849,-2.621,-3.717,-4.523,-4.705,
0.0094713,-0.20000,9.84510,1.0989778042,2.4915082455,1.001,2.784,3.5849,0.946,7,0.000,0.444,23.05,15.39,10.49,8.16,6.63,3,-1.75e-08,0.00,7.054e-01,2.840e-01,1.383e-03,7.695e-04,4.154e-03,-1.000,1.061e-02,-2.190,2.480,0.596,-0.988,-1.903,-2.703,-3.820,-4.636,-4.824,
0.0094713,-0.20000,9.84510,1.0989902020,2.4915103912,0.996,2.824,3.5809,0.888,7,0.000,0.443,26.00,17.08,11.59,9.03,7.34,2,-2.14e-08,0.00,7.054e-01,2.840e-01,1.379e-03,7.748e-04,4.154e-03,-1.000,1.061e-02,-2.290,2.511,0.582,-1.024,-1.959,-2.790,-3.929,-4.756,-4.951,
0.0094713,-0.20000,9.84510,1.0990006924,2.4915120602,0.991,2.868,3.5764,0.823,7,0.000,0.441,29.69,19.16,12.93,10.10,8.21,2,-2.65e-08,0.00,7.054e-01,2.840e-01,1.375e-03,7.796e-04,4.154e-03,-1.000,1.061e-02,-2.400,2.538,0.575,-1.048,-2.008,-2.883,-4.049,-4.888,-5.090,
0.0094713,-0.20000,9.84510,1.0990073681,2.4915132523,0.986,2.911,3.5720,0.761,7,0.000,0.440,33.77,21.42,14.38,11.25,9.14,2,-3.24e-08,0.00,7.054e-01,2.840e-01,1.371e-03,7.839e-04,4.154e-03,-1.000,1.057e-02,-2.507,2.562,0.571,-1.067,-2.053,-2.973,-4.166,-5.016,-5.225,
0.0094713,-0.20000,9.84510,1.0990122557,2.4915139675,0.983,2.948,3.5680,0.706,7,0.000,0.439,37.88,23.66,15.81,12.39,10.07,2,-3.89e-08,0.00,7.054e-01,2.840e-01,1.369e-03,7.874e-04,4.154e-03,-1.000,1.056e-02,-2.601,2.582,0.574,-1.073,-2.084,-3.050,-4.271,-5.131,-5.346,
0.0094713,-0.20000,9.84510,1.0990166664,2.4915146828,0.978,2.986,3.5637,0.649,7,0.000,0.438,42.59,26.18,17.41,13.66,11.11,2,-4.66e-08,0.00,7.054e-01,2.840e-01,1.366e-03,7.902e-04,4.154e-03,-1.000,1.055e-02,-2.696,2.601,0.588,-1.064,-2.104,-3.125,-4.377,-5.246,-5.468,
0.0094713,-0.20000,9.84510,1.0990207195,2.4915153980,0.974,3.024,3.5594,0.592,7,0.000,0.438,47.90,28.97,19.18,15.08,12.27,2,-5.61e-08,0.00,7.054e-01,2.840e-01,1.364e-03,7.926e-04,4.154e-03,-1.000,1.055e-02,-2.789,2.623,0.609,-1.048,-2.118,-3.198,-4.482,-5.361,-5.590,
0.0094713,-0.20000,9.84510,1.0990244150,2.4915161133,0.969,3.060,3.5551,0.536,7,0.000,0.437,53.82,32.03,21.11,16.62,13.52,2,-6.68e-08,0.00,7.054e-01,2.841e-01,1.363e-03,7.942e-04,4.154e-03,-1.000,1.054e-02,-2.881,2.641,0.645,-1.008,-2.115,-3.263,-4.585,-5.474,-5.710,
0.0094713,-0.20000,9.84510,1.0990278721,2.4915165901,0.963,3.096,3.5508,0.481,7,0.000,0.437,60.29,35.33,23.17,18.28,14.87,2,-7.91e-08,0.00,7.054e-01,2.841e-01,1.362e-03,7.955e-04,4.154e-03,-1.000,1.054e-02,-2.969,2.662,0.685,-0.965,-2.109,-3.325,-4.686,-5.584,-5.827,
0.0094713,-0.20000,9.84510,1.0990319252,2.4915173054,0.955,3.134,3.5458,0.420,7,0.000,0.437,68.46,39.40,25.71,20.32,16.54,1,-9.52e-08,0.00,7.054e-01,2.841e-01,1.361e-03,7.960e-04,4.154e-03,-1.000,1.054e-02,-3.064,2.686,0.760,-0.878,-2.077,-3.381,-4.797,-5.703,-5.955,
0.0094713,-0.20000,9.84510,1.0990362167,2.4915180206,0.945,3.170,3.5408,0.358,7,0.000,0.437,77.64,43.89,28.49,22.56,18.37,1,-1.16e-07,0.00,7.054e-01,2.841e-01,1.361e-03,7.961e-04,4.154e-03,-1.000,1.054e-02,-3.155,2.715,0.846,-0.776,-2.033,-3.430,-4.903,-5.819,-6.079,
0.0094713,-0.20000,9.84510,1.0990408659,2.4915187359,0.931,3.207,3.5354,0.294,7,0.000,0.437,88.69,49.17,31.75,25.20,20.52,1,-1.41e-07,0.00,7.054e-01,2.841e-01,1.361e-03,7.961e-04,4.154e-03,-1.000,1.054e-02,-3.248,2.746,0.963,-0.634,-1.966,-3.462,-5.014,-5.937,-6.206,
0.0094713,-0.20000,9.84510,1.0990419388,2.4915189743,0.928,3.216,3.5341,0.278,7,0.000,0.437,91.55,50.52,32.58,25.87,21.06,1,-1.46e-07,0.00,7.054e-01,2.841e-01,1.361e-03,7.961e-04,4.154e-03,-1.000,1.054e-02,-3.269,2.754,0.995,-0.595,-1.946,-3.467,-5.040,-5.965,-6.236,
0.0094713,-0.20000,9.84510,1.0990424156,2.4915192127,0.926,3.124,3.5457,0.416,7,0.000,0.437,68.56,39.37,25.67,20.31,16.53,1,-1e-07,0.00,7.054e-01,2.841e-01,1.361e-03,7.961e-04,4.154e-03,-1.000,1.054e-02,-3.039,2.717,0.791,-0.847,-2.047,-3.354,-4.772,-5.679,-5.930,
0.0094713,-0.20000,9.84510,1.0990425348,2.4915192127,0.926,3.118,3.5464,0.424,7,0.000,0.437,67.40,38.79,25.31,20.02,16.29,1,-9.77e-08,0.00,7.054e-01,2.841e-01,1.361e-03,7.961e-04,4.154e-03,-1.000,1.054e-02,-3.025,2.715,0.780,-0.859,-2.052,-3.346,-4.756,-5.662,-5.912,
0.0094713,-0.20000,9.84510,1.0990426540,2.4915192127,0.926,3.137,3.5440,0.395,7,0.000,0.437,71.55,40.84,26.59,21.05,17.13,1,-1.07e-07,0.00,7.054e-01,2.841e-01,1.361e-03,7.961e-04,4.154e-03,-1.000,1.054e-02,-3.073,2.723,0.816,-0.817,-2.037,-3.374,-4.811,-5.721,-5.975,
0.0094713,-0.20000,9.84510,1.0990428925,2.4915192127,0.925,3.158,3.5414,0.363,7,0.000,0.437,76.49,43.26,28.09,22.26,18.12,1,-1.17e-07,0.00,7.054e-01,2.841e-01,1.361e-03,7.961e-04,4.154e-03,-1.000,1.054e-02,-3.126,2.733,0.856,-0.768,-2.019,-3.405,-4.872,-5.786,-6.045,
0.0094713,-0.20000,9.84510,1.0990430117,2.4915192127,0.925,3.181,3.5384,0.328,7,0.000,0.437,82.34,46.09,29.84,23.67,19.27,1,-1.29e-07,0.00,7.054e-01,2.841e-01,1.361e-03,7.961e-04,4.154e-03,-1.000,1.054e-02,-3.183,2.743,0.910,-0.702,-1.991,-3.432,-4.939,-5.858,-6.122,
0.0094713,-0.20000,9.84510,1.0990432501,2.4915192127,0.924,3.210,3.5347,0.285,7,0.000,0.437,90.24,49.88,32.18,25.55,20.81,1,-1.46e-07,0.00,7.054e-01,2.841e-01,1.361e-03,7.961e-04,4.154e-03,-1.000,1.054e-02,-3.255,2.755,0.983,-0.610,-1.952,-3.461,-5.023,-5.947,-6.218,
0.0094713,-0.20000,9.84510,1.0990434885,2.4915192127,0.923,3.235,3.5314,0.246,7,0.000,0.437,97.88,53.49,34.40,27.35,22.27,1,-1.62e-07,0.00,7.054e-01,2.841e-01,1.361e-03,7.962e-04,4.154e-03,-1.000,1.054e-02,-3.317,2.767,1.054,-0.523,-1.912,-3.484,-5.097,-6.026,-6.302,
0.0094713,-0.20000,9.84510,1.0990437269,2.4915194511,0.922,3.269,3.5267,0.192,7,0.000,0.437,109.46,58.89,37.71,30.02,24.45,1,-1.87e-07,0.00,7.054e-01,2.841e-01,1.361e-03,7.962e-04,4.154e-03,-1.000,1.054e-02,-3.403,2.783,1.174,-0.372,-1.841,-3.497,-5.198,-6.132,-6.417,
0.0094713,-0.20000,9.84510,1.0990440845,2.4915194511,0.920,3.300,3.5225,0.144,7,0.000,0.437,120.99,64.19,40.94,32.64,26.59,1,-2.13e-07,0.00,7.054e-01,2.841e-01,1.361e-03,7.962e-04,4.154e-03,-1.000,1.054e-02,-3.479,2.799,1.296,-0.220,-1.767,-3.499,-5.288,-6.227,-6.520,
0.0094713,-0.20000,9.84510,1.0990445614,2.4915194511,0.918,3.332,3.5179,0.092,7,0.000,0.437,134.90,70.48,44.76,35.73,29.12,1,-2.46e-07,0.00,7.054e-01,2.841e-01,1.361e-03,7.963e-04,4.154e-03,-1.000,1.054e-02,-3.560,2.818,1.447,-0.027,-1.670,-3.483,-5.385,-6.328,-6.631,
0.0094713,-0.20000,9.84510,1.0990450382,2.4915194511,0.915,3.367,3.5128,0.036,7,0.000,0.437,151.86,78.02,49.32,39.44,32.14,1,-2.88e-07,0.00,7.054e-01,2.841e-01,1.361e-03,7.964e-04,4.154e-03,-1.000,1.054e-02,-3.647,2.838,1.633,0.216,-1.545,-3.441,-5.488,-6.436,-6.749,
0.0094713,-0.20000,9.84510,1.0990458727,2.4915196896,0.909,3.398,3.5080,-0.017,7,0.527,0.437,166.21,85.67,53.92,43.19,35.21,1,-3.32e-07,0.00,7.054e-01,2.841e-01,1.361e-03,7.966e-04,4.154e-03,-1.000,1.055e-02,-3.724,2.858,1.805,0.440,-1.430,-3.397,-5.581,-6.533,-6.856,
0.0094713,-0.20000,9.84510,1.0990469456,2.4915199280,0.898,3.436,3.5018,-0.085,7,0.527,0.437,183.74,96.62,60.47,48.54,39.58,1,-4e-07,0.00,7.054e-01,2.841e-01,1.361e-03,7.969e-04,4.154e-03,-1.000,1.056e-02,-3.820,2.886,2.036,0.740,-1.274,-3.321,-5.698,-6.654,-6.989,
0.0094713,-0.20000,9.84510,1.0990470648,2.4915199280,0.898,3.436,3.5018,-0.085,8,0.527,0.458,183.76,96.63,60.48,48.54,39.58,1,-4.01e-07,0.00,7.054e-01,2.852e-01,1.429e-03,7.980e-04,4.163e-03,-1.000,9.432e-03,-3.820,2.886,2.036,0.740,-1.274,-3.321,-5.698,-6.654,-6.989,
0.0094713,-0.20000,9.84510,1.0990471840,2.4915199280,0.897,3.185,3.5351,0.299,8,0.527,0.458,87.07,48.23,31.14,24.75,20.14,1,-1.43e-07,0.00,7.054e-01,2.852e-01,1.429e-03,7.980e-04,4.163e-03,-1.000,9.432e-03,-3.191,2.801,1.027,-0.566,-1.900,-3.402,-4.958,-5.882,-6.151,
0.0094713,-0.20000,9.84510,1.0990471840,2.4915199280,0.896,3.062,3.5514,0.486,8,0.527,0.458,58.75,34.38,22.54,17.82,14.49,1,-8.5e-08,0.00,7.054e-01,2.852e-01,1.429e-03,7.980e-04,4.163e-03,-1.000,9.432e-03,-2.885,2.733,0.752,-0.899,-2.038,-3.245,-4.600,-5.497,-5.739,
0.0094713,-0.20000,9.84510,1.0990474224,2.4915199280,0.894,2.888,3.5743,0.750,8,0.527,0.458,33.69,21.31,14.27,11.21,9.10,2,-4e-08,0.00,7.054e-01,2.852e-01,1.429e-03,7.980e-04,4.163e-03,-1.000,9.432e-03,-2.451,2.586,0.585,-1.055,-2.030,-2.926,-4.106,-4.948,-5.155,
0.0094713,-0.20000,9.84510,1.0990477800,2.4915199280,0.892,2.908,3.5713,0.717,8,0.527,0.458,36.09,22.60,15.10,11.87,9.64,2,-4.41e-08,0.00,7.054e-01,2.852e-01,1.429e-03,7.980e-04,4.163e-03,-1.000,9.432e-03,-2.501,2.617,0.602,-1.047,-2.039,-2.964,-4.163,-5.013,-5.224,
0.0094713,-0.20000,9.84510,1.0990481377,2.4915201664,0.888,3.030,3.5548,0.528,8,0.527,0.458,53.67,31.79,20.91,16.52,13.43,2,-7.6e-08,0.00,7.054e-01,2.852e-01,1.429e-03,7.980e-04,4.163e-03,-1.000,9.432e-03,-2.804,2.729,0.731,-0.923,-2.032,-3.185,-4.509,-5.399,-5.635,
0.0094713,-0.20000,9.84510,1.0990486145,2.4915201664,0.884,3.187,3.5333,0.283,8,0.528,0.458,89.86,49.49,31.91,25.37,20.65,1,-1.51e-07,0.00,7.054e-01,2.852e-01,1.429e-03,7.980e-04,4.163e-03,-1.000,9.432e-03,-3.198,2.831,1.090,-0.493,-1.853,-3.387,-4.970,-5.897,-6.169,
0.0094713,-0.20000,9.84510,1.0990490913,2.4915201664,0.879,3.317,3.5154,0.078,8,0.528,0.458,138.09,71.54,45.36,36.28,29.55,1,-2.63e-07,0.00,7.054e-01,2.852e-01,1.429e-03,7.980e-04,4.163e-03,-1.000,9.432e-03,-3.524,2.894,1.610,0.167,-1.531,-3.384,-5.356,-6.302,-6.610,
0.0094713,-0.20000,9.84510,1.0990498066,2.4915204048,0.873,3.400,3.5037,-0.055,8,0.528,0.458,173.55,90.81,56.95,45.72,37.27,1,-3.77e-07,0.00,7.054e-01,2.852e-01,1.429e-03,7.980e-04,4.163e-03,-1.000,9.432e-03,-3.731,2.928,2.017,0.703,-1.264,-3.286,-5.603,-6.558,-6.889,
0.0094713,-0.20000,9.84510,1.0990505219,2.4915204048,0.866,3.443,3.4973,-0.126,8,0.529,0.458,192.98,103.03,64.24,51.68,42.14,1,-4.57e-07,0.00,7.054e-01,2.852e-01,1.429e-03,7.980e-04,4.163e-03,-1.000,9.432e-03,-3.837,2.948,2.235,0.982,-1.123,-3.217,-5.729,-6.689,-7.032,
0.0094713,-0.20000,9.84510,1.0990512371,2.4915206432,0.859,3.461,3.4941,-0.161,8,0.529,0.458,202.89,109.44,68.04,54.81,44.69,1,-5.03e-07,0.01,7.054e-01,2.852e-01,1.429e-03,7.980e-04,4.163e-03,-1.000,9.432e-03,-3.882,2.962,2.339,1.112,-1.055,-3.177,-5.785,-6.747,-7.096,
0.0094713,-0.20000,9.84510,1.0990521908,2.4915206432,0.850,3.469,3.4920,-0.182,8,0.529,0.458,208.85,113.42,70.39,56.75,46.27,1,-5.36e-07,0.01,7.054e-01,2.852e-01,1.429e-03,7.980e-04,4.163e-03,-1.000,9.432e-03,-3.904,2.979,2.414,1.203,-1.003,-3.143,-5.813,-6.776,-7.129,
0.0094713,-0.20000,9.84510,1.0990521908,2.4915206432,0.850,3.279,3.5174,0.109,8,0.529,0.458,128.51,66.98,42.56,34.05,27.73,1,-2.48e-07,0.00,7.054e-01,2.852e-01,1.429e-03,7.980e-04,4.163e-03,-1.000,9.432e-03,-3.428,2.939,1.592,0.130,-1.521,-3.339,-5.254,-6.198,-6.501,
0.0094713,-0.20000,9.84510,1.0990524292,2.4915208817,0.847,3.105,3.5406,0.376,8,0.530,0.458,73.20,41.34,26.84,21.32,17.34,1,-1.2e-07,0.00,7.054e-01,2.852e-01,1.429e-03,7.980e-04,4.163e-03,-1.000,9.432e-03,-2.991,2.866,1.008,-0.607,-1.864,-3.263,-4.739,-5.656,-5.915,
0.0094713,-0.20000,9.84510,1.0990526676,2.4915208817,0.844,2.931,3.5636,0.640,8,0.530,0.458,41.96,25.65,17.02,13.43,10.91,2,-5.77e-08,0.00,7.054e-01,2.852e-01,1.429e-03,7.980e-04,4.163e-03,-1.000,9.432e-03,-2.558,2.749,0.732,-0.923,-1.964,-2.987,-4.240,-5.109,-5.332,
0.0094713,-0.20000,9.84510,1.0990530252,2.4915208817,0.839,2.951,3.5605,0.605,8,0.530,0.458,45.11,27.28,18.05,14.25,11.58,2,-6.42e-08,0.00,7.054e-01,2.852e-01,1.429e-03,7.980e-04,4.163e-03,-1.000,9.432e-03,-2.608,2.777,0.759,-0.898,-1.960,-3.023,-4.298,-5.175,-5.402,
0.0094713,-0.20000,9.84510,1.0990535021,2.4915208817,0.833,3.071,3.5439,0.415,8,0.530,0.458,67.21,38.36,24.99,19.84,16.13,1,-1.1e-07,0.00,7.054e-01,2.852e-01,1.429e-03,7.980e-04,4.163e-03,-1.000,9.432e-03,-2.908,2.873,0.977,-0.649,-1.868,-3.207,-4.646,-5.557,-5.810,
0.0094713,-0.20000,9.84510,1.0990539789,2.4915211201,0.825,3.226,3.5222,0.169,8,0.530,0.458,112.78,59.69,38.10,30.46,24.79,1,-2.17e-07,0.00,7.054e-01,2.852e-01,1.429e-03,7.980e-04,4.163e-03,-1.000,9.432e-03,-3.295,2.965,1.480,-0.026,-1.574,-3.310,-5.105,-6.045,-6.338,
0.0094713,-0.20000,9.84510,1.0990546942,2.4915211201,0.816,3.354,3.5039,-0.037,8,0.531,0.458,164.72,86.42,54.24,43.62,35.53,1,-3.79e-07,0.00,7.054e-01,2.852e-01,1.429e-03,7.980e-04,4.163e-03,-1.000,9.432e-03,-3.616,3.025,2.109,0.794,-1.163,-3.180,-5.486,-6.442,-6.772,
0.0094713,-0.20000,9.84510,1.0990554094,2.4915213585,0.806,3.436,3.4918,-0.173,8,0.531,0.458,202.03,110.08,68.32,55.17,44.96,0,-5.46e-07,0.01,7.054e-01,2.852e-01,1.429e-03,7.980e-04,4.163e-03,-1.000,9.432e-03,-3.820,3.058,2.501,1.293,-0.914,-3.055,-5.730,-6.694,-7.047,
0.0094713,-0.20000,9.84510,1.0990563631,2.4915213585,0.794,3.478,3.4852,-0.247,8,0.532,0.458,225.39,125.47,77.39,62.64,51.06,0,-6.73e-07,0.01,7.054e-01,2.852e-01,1.429e-03,7.980e-04,4.163e-03,-1.000,9.432e-03,-3.924,3.079,2.659,1.457,-0.835,-3.008,-5.856,-6.822,-7.187,
0.0094713,-0.20000,9.84510,1.0990573168,2.4915215969,0.781,3.496,3.4819,-0.286,8,0.532,0.458,237.74,133.91,82.33,66.74,54.41,0,-7.59e-07,0.01,7.054e-01,2.852e-01,1.429e-03,7.980e-04,4.163e-03,-1.000,9.432e-03,-3.969,3.100,2.739,1.530,-0.795,-2.981,-5.911,-6.878,-7.250,
0.0094713,-0.20000,9.84510,1.0990583897,2.4915218353,0.767,3.505,3.4800,-0.310,8,0.533,0.458,240.22,-1.00,-1.00,-1.00,-1.00,0,-8.31e-07,0.01,7.054e-01,2.852e-01,1.429e-03,7.980e-04,4.163e-03,-1.000,9.432e-03,-3.992,3.125,2.796,1.580,-0.766,-2.959,-5.938,-6.907,-7.283,
0.0094713,-0.20000,9.84510,1.0990583897,2.4915218353,0.766,3.325,3.5054,-0.030,8,0.533,0.458,159.09,83.87,52.64,42.41,34.53,1,-4.07e-07,0.00,7.054e-01,2.852e-01,1.429e-03,7.980e-04,4.163e-03,-1.000,9.432e-03,-3.544,3.080,2.110,0.777,-1.148,-3.147,-5.409,-6.363,-6.691,
0.0094713,-0.20000,9.84510,1.0990586281,2.4915218353,0.762,3.152,3.5300,0.240,8,0.533,0.458,95.84,51.47,33.02,26.41,21.48,1,-2.03e-07,0.00,7.054e-01,2.852e-01,1.429e-03,7.980e-04,4.163e-03,-1.000,9.432e-03,-3.111,2.997,1.309,-0.258,-1.666,-3.262,-4.894,-5.826,-6.104,
0.0094713,-0.20000,9.84510,1.0990588665,2.4915218353,0.756,2.980,3.5550,0.509,8,0.533,0.458,54.04,31.58,20.71,16.45,13.36,1,-1e-07,0.00,7.054e-01,2.852e-01,1.429e-03,7.980e-04,4.163e-03,-1.000,9.432e-03,-2.679,2.868,0.858,-0.802,-1.911,-3.061,-4.384,-5.273,-5.509,
0.0094713,-0.20000,9.84510,1.0990592241,2.4915218353,0.748,3.000,3.5524,0.474,8,0.534,0.458,58.13,33.57,21.94,17.46,14.18,1,-1.14e-07,0.00,7.054e-01,2.852e-01,1.429e-03,7.980e-04,4.163e-03,-1.000,9.432e-03,-2.730,2.885,0.886,-0.774,-1.906,-3.096,-4.443,-5.336,-5.577,
0.0094713,-0.20000,9.84510,1.0990598202,2.4915220737,0.737,3.117,3.5359,0.283,8,0.534,0.458,86.88,47.16,30.35,24.28,19.73,1,-1.96e-07,0.00,7.054e-01,2.852e-01,1.429e-03,7.980e-04,4.163e-03,-1.000,9.432e-03,-3.023,2.977,1.179,-0.425,-1.753,-3.242,-4.788,-5.710,-5.979,
0.0094713,-0.20000,9.84510,1.0990604162,2.4915220737,0.724,3.269,3.5142,0.037,8,0.535,0.458,140.57,73.26,46.20,37.23,30.28,1,-3.88e-07,0.00,7.054e-01,2.852e-01,1.429e-03,7.980e-04,4.163e-03,-1.000,9.432e-03,-3.403,3.077,1.818,0.379,-1.354,-3.229,-5.238,-6.185,-6.497,
0.0094713,-0.20000,9.84510,1.0990611315,2.4915223122,0.708,3.395,3.4963,-0.169,8,0.535,0.458,191.89,105.77,65.57,53.17,43.28,0,-6.89e-07,0.01,7.054e-01,2.852e-01,1.429e-03,7.980e-04,4.163e-03,-1.000,9.432e-03,-3.716,3.144,2.445,1.188,-0.951,-3.059,-5.610,-6.570,-6.920,
0.0094713,-0.20000,9.84510,1.0990619659,2.4915223122,0.691,3.475,3.4856,-0.303,8,0.536,0.458,198.85,-1.00,-1.00,-1.00,-1.00,0,-1.03e-06,0.02,7.054e-01,2.852e-01,1.429e-03,7.980e-04,4.163e-03,-1.000,9.432e-03,-3.916,3.193,2.745,1.518,-0.798,-2.981,-5.841,-6.809,-7.181,
0.0094713,-0.20000,9.84510,1.0990630388,2.4915225506,0.672,3.515,3.4815,-0.372,8,0.536,0.458,188.98,-1.00,-1.00,-1.00,-1.00,0,-1.33e-06,0.03,7.054e-01,2.852e-01,1.429e-03,7.980e-04,4.163e-03,-1.000,9.432e-03,-4.019,3.248,2.854,1.600,-0.772,-2.975,-5.949,-6.922,-7.307,
0.0094713,-0.20000,9.84510,1.0990641117,2.4915227890,0.651,3.534,3.4821,-0.402,8,0.537,0.458,178.49,-1.00,-1.00,-1.00,-1.00,0,-1.59e-06,0.04,7.054e-01,2.852e-01,1.429e-03,7.980e-04,4.163e-03,-1.000,9.432e-03,-4.064,3.280,2.856,1.584,-0.803,-3.011,-5.987,-6.961,-7.352,
0.0094713,-0.20000,9.84510,1.0990653038,2.4915230274,0.628,3.543,3.4854,-0.413,8,0.538,0.458,167.54,-1.00,-1.00,-1.00,-1.00,0,-1.88e-06,0.05,7.054e-01,2.852e-01,1.429e-03,7.980e-04,4.163e-03,-1.000,9.432e-03,-4.087,3.293,2.786,1.500,-0.879,-3.085,-5.994,-6.969,-7.360,
0.0094713,-0.20000,9.84510,1.0990687609,2.4915235043,0.539,-9.999,4.0000,1.796,9,0.540,0.000,0.00,0.00,0.00,0.00,0.00,-1,-1e-30,0.00,7.054e-01,2.852e-01,1.429e-03,7.980e-04,4.163e-03,-1.000,9.432e-03,29.767,29.737,29.997,30.044,30.032,30.028,30.074,30.071,30.088,
