Gmag,G_BPbrmag,G_BPftmag,G_RPmag
13.745,15.752,15.793,12.473
12.992,14.508,14.554,11.834
12.831,14.264,14.311,11.698
11.937,13.067,13.116,10.912
11.473,12.509,12.558,10.489
11.401,12.424,12.473,10.423
11.000,11.962,12.011,10.051
10.388,11.280,11.328,9.476
9.833,10.672,10.719,8.949
9.410,10.213,10.259,8.547
9.097,9.872,9.917,8.250
9.068,9.840,9.886,8.222
8.666,9.394,9.439,7.847
8.172,8.831,8.874,7.399
7.593,8.157,8.196,6.890
6.982,7.461,7.495,6.349
6.422,6.834,6.862,5.849
6.258,6.649,6.675,5.703
6.098,6.471,6.495,5.561
5.963,6.321,6.344,5.440
5.867,6.214,6.236,5.355
5.853,6.199,6.220,5.342
5.699,6.029,6.049,5.205
5.553,5.868,5.887,5.074
5.417,5.720,5.737,4.952
5.319,5.614,5.630,4.863
5.314,5.608,5.624,4.858
5.211,5.497,5.513,4.765
5.070,5.345,5.360,4.635
4.933,5.200,5.214,4.509
4.798,5.056,5.069,4.383
4.704,4.958,4.970,4.296
4.580,4.828,4.840,4.179
4.437,4.679,4.690,4.044
4.296,4.532,4.544,3.910
4.156,4.388,4.399,3.776
4.023,4.251,4.262,3.647
3.896,4.122,4.133,3.522
3.865,4.091,4.102,3.492
3.862,4.087,4.098,3.489
3.857,4.083,4.094,3.484
3.810,4.036,4.047,3.438
3.670,3.897,3.908,3.295
3.535,3.766,3.778,3.155
3.510,3.743,3.755,3.129
3.460,3.696,3.708,3.074
3.351,3.597,3.610,2.952
3.262,3.521,3.535,2.848
3.190,3.463,3.478,2.758
3.121,3.413,3.429,2.668
3.064,3.373,3.390,2.593
2.992,3.316,3.334,2.504
2.910,3.244,3.264,2.410
2.808,3.151,3.172,2.300
2.788,3.132,3.153,2.278
2.676,3.026,3.047,2.161
2.574,2.927,2.949,2.055
2.450,2.807,2.829,1.927
2.326,2.686,2.709,1.800
2.191,2.554,2.577,1.661
2.060,2.427,2.449,1.527
1.939,2.309,2.332,1.404
1.838,2.210,2.233,1.300
1.715,2.090,2.114,1.174
1.586,1.965,1.989,1.043
1.459,1.841,1.865,0.911
1.337,1.722,1.747,0.786
1.217,1.607,1.631,0.663
1.100,1.492,1.518,0.542
0.980,1.377,1.402,0.418
0.864,1.265,1.291,0.299
0.746,1.151,1.177,0.177
0.633,1.042,1.068,0.059
0.522,0.935,0.963,-0.056
0.410,0.829,0.856,-0.172
0.303,0.727,0.755,-0.283
0.195,0.623,0.651,-0.396
0.090,0.524,0.553,-0.505
-0.014,0.425,0.455,-0.614
-0.116,0.328,0.358,-0.720
-0.209,0.240,0.270,-0.818
-0.272,0.180,0.211,-0.884
-0.232,0.217,0.247,-0.841
-0.217,0.231,0.261,-0.825
-0.316,0.138,0.168,-0.928
-0.411,0.047,0.079,-1.029
-0.511,-0.045,-0.013,-1.134
-0.611,-0.138,-0.106,-1.240
-0.707,-0.227,-0.193,-1.342
-0.802,-0.314,-0.280,-1.444
-0.896,-0.400,-0.364,-1.544
-0.990,-0.485,-0.449,-1.645
-1.079,-0.565,-0.528,-1.741
-1.168,-0.645,-0.607,-1.837
-1.276,-0.741,-0.701,-1.953
-1.380,-0.832,-0.791,-2.067
-1.483,-0.922,-0.880,-2.181
-1.581,-1.005,-0.963,-2.289
-1.676,-1.088,-1.044,-2.392
-1.774,-1.173,-1.129,-2.500
-1.864,-1.251,-1.206,-2.599
-1.954,-1.328,-1.282,-2.698
-2.046,-1.406,-1.360,-2.799
-2.129,-1.477,-1.430,-2.891
-2.213,-1.547,-1.500,-2.985
-2.298,-1.616,-1.568,-3.080
-2.374,-1.677,-1.628,-3.165
-2.451,-1.739,-1.690,-3.253
-2.530,-1.802,-1.752,-3.342
-2.602,-1.859,-1.809,-3.424
-2.678,-1.918,-1.868,-3.509
-2.751,-1.975,-1.924,-3.593
-2.821,-2.029,-1.979,-3.672
-2.892,-2.083,-2.032,-3.753
-2.960,-2.132,-2.081,-3.831
-3.022,-2.176,-2.124,-3.903
-3.068,-2.208,-2.156,-3.957
0.362,0.682,0.702,-0.123
0.318,0.642,0.662,-0.170
0.312,0.636,0.656,-0.176
0.309,0.632,0.652,-0.179
0.306,0.629,0.649,-0.181
0.306,0.627,0.647,-0.180
0.306,0.626,0.646,-0.178
0.307,0.626,0.645,-0.175
0.309,0.626,0.645,-0.171
0.311,0.625,0.645,-0.168
0.312,0.625,0.644,-0.164
0.313,0.625,0.644,-0.161
0.315,0.624,0.643,-0.158
0.315,0.623,0.642,-0.155
0.316,0.623,0.641,-0.153
0.316,0.622,0.641,-0.153
0.316,0.622,0.641,-0.153
0.315,0.621,0.640,-0.153
0.315,0.620,0.638,-0.153
0.313,0.618,0.637,-0.154
0.311,0.616,0.635,-0.156
0.308,0.614,0.632,-0.160
0.305,0.611,0.630,-0.164
0.300,0.607,0.626,-0.170
0.298,0.606,0.624,-0.173
0.294,0.603,0.622,-0.177
0.287,0.598,0.617,-0.187
0.279,0.592,0.611,-0.197
0.270,0.585,0.605,-0.209
0.260,0.578,0.597,-0.221
0.249,0.569,0.589,-0.235
0.239,0.561,0.581,-0.247
0.226,0.550,0.570,-0.263
0.203,0.532,0.553,-0.290
0.174,0.508,0.529,-0.325
0.132,0.473,0.494,-0.373
0.051,0.403,0.425,-0.466
-0.034,0.329,0.352,-0.562
-0.117,0.256,0.280,-0.656
-0.199,0.184,0.209,-0.747
-0.279,0.113,0.139,-0.835
-0.354,0.046,0.072,-0.917
-0.371,0.030,0.057,-0.936
-0.374,0.027,0.054,-0.940
-0.466,-0.056,-0.029,-1.040
-0.559,-0.140,-0.112,-1.140
-0.645,-0.218,-0.189,-1.234
-0.714,-0.281,-0.251,-1.308
-0.757,-0.320,-0.290,-1.354
-0.682,-0.252,-0.223,-1.274
-0.608,-0.185,-0.156,-1.193
-0.636,-0.210,-0.181,-1.224
-0.724,-0.290,-0.260,-1.319
-0.838,-0.393,-0.362,-1.443
-0.945,-0.490,-0.459,-1.559
-1.046,-0.581,-0.549,-1.668
-1.148,-0.672,-0.639,-1.779
-1.249,-0.762,-0.727,-1.889
-1.348,-0.848,-0.812,-1.998
-1.445,-0.932,-0.895,-2.105
-1.541,-1.012,-0.973,-2.213
-1.625,-1.067,-1.025,-2.319
-1.687,-1.106,-1.062,-2.398
-1.776,-1.180,-1.136,-2.498
-1.866,-1.255,-1.210,-2.598
-1.953,-1.328,-1.282,-2.696
-2.045,-1.404,-1.357,-2.799
-2.143,-1.489,-1.442,-2.906
-2.280,-1.637,-1.591,-3.034
-2.410,-1.831,-1.788,-3.118
30.008,30.775,30.821,29.167
