Zini,MH,logAge,Mini,int_IMF,Mass,logL,logTe,logg,label,McoreTP,C_O,period0,period1,period2,period3,period4,pmode,Mloss,tau1m,X,Y,Xc,Xn,Xo,Cexcess,Z,,mbolmag,Umag,Bmag,Vmag,Rmag,Imag,Jmag,Hmag,Kmag
0.00024632,-1.80000,10.23045,0.0900000036,1.0816895962,0.090,-3.189,3.4862,5.478,1,0.000,0.545,0.00,0.00,0.00,0.00,0.00,-1,-1.26e-30,0.00,7.473e-01,2.525e-01,4.823e-05,1.301e-05,1.180e-04,-1.000,2.682e-04,12.742,19.758,17.062,15.054,13.465,11.985,10.764,10.520,10.448,
0.00024632,-1.80000,10.23045,0.0935090929,1.1144777536,0.094,-3.059,3.5052,5.441,1,0.000,0.545,0.00,0.00,0.00,0.00,0.00,-1,-1.16e-30,0.00,7.460e-01,2.537e-01,4.823e-05,1.301e-05,1.180e-04,-1.000,2.682e-04,12.417,18.582,16.302,14.361,12.968,11.673,10.503,10.169,10.077,
0.00024632,-1.80000,10.23045,0.1000000015,1.1711064577,0.100,-2.831,3.5385,5.375,1,0.000,0.545,0.00,0.00,0.00,0.00,0.00,-1,-1e-30,0.00,7.437e-01,2.561e-01,4.823e-05,1.301e-05,1.180e-04,-1.000,2.682e-04,11.848,16.723,15.035,13.310,12.139,11.121,10.048,9.598,9.469,
0.00024632,-1.80000,10.23045,0.1199999973,1.3193154335,0.120,-2.538,3.5693,5.284,1,0.000,0.545,0.00,0.00,0.00,0.00,0.00,-1,-1e-30,0.00,7.393e-01,2.604e-01,4.823e-05,1.301e-05,1.180e-04,-1.000,2.681e-04,11.115,14.991,13.722,12.242,11.217,10.396,9.419,8.902,8.746,
0.00024632,-1.80000,10.23045,0.1400000006,1.4384527206,0.140,-2.351,3.5842,5.223,1,0.000,0.545,0.00,0.00,0.00,0.00,0.00,-1,-1e-30,0.00,7.365e-01,2.632e-01,4.823e-05,1.301e-05,1.180e-04,-1.000,2.683e-04,10.646,14.111,13.008,11.640,10.685,9.929,8.999,8.462,8.292,
0.00024632,-1.80000,10.23045,0.1599999964,1.5372931957,0.160,-2.204,3.5938,5.173,1,0.000,0.545,0.00,0.00,0.00,0.00,0.00,-1,-1e-30,0.00,7.350e-01,2.647e-01,4.823e-05,1.301e-05,1.180e-04,-1.000,2.682e-04,10.279,13.493,12.493,11.193,10.284,9.562,8.662,8.116,7.939,
0.00024632,-1.80000,10.23045,0.2000000179,1.6938792467,0.200,-1.984,3.6060,5.099,1,0.000,0.545,0.00,0.00,0.00,0.00,0.00,-1,-1.25e-30,0.00,7.345e-01,2.652e-01,4.823e-05,1.301e-05,1.180e-04,-1.000,2.682e-04,9.730,12.653,11.769,10.548,9.696,9.012,8.149,7.596,7.416,
0.00024632,-1.80000,10.23045,0.2500000000,1.8403258324,0.250,-1.786,3.6170,5.042,1,0.000,0.545,0.00,0.00,0.00,0.00,0.00,-1,-1.55e-30,0.00,7.348e-01,2.649e-01,4.822e-05,1.301e-05,1.180e-04,-1.000,2.682e-04,9.234,11.918,11.128,9.971,9.168,8.514,7.684,7.131,6.954,
0.00024632,-1.80000,10.23045,0.3000000417,1.9529141188,0.300,-1.634,3.6261,5.005,1,0.000,0.545,0.00,0.00,0.00,0.00,0.00,-1,-1.67e-30,0.00,7.347e-01,2.650e-01,4.821e-05,1.301e-05,1.180e-04,-1.000,2.682e-04,8.854,11.352,10.635,9.528,8.763,8.133,7.330,6.779,6.608,
0.00024632,-1.80000,10.23045,0.3499999940,2.0434174538,0.350,-1.508,3.6343,4.979,1,0.000,0.544,0.00,0.00,0.00,0.00,0.00,-1,-1e-30,0.00,7.340e-01,2.657e-01,4.817e-05,1.302e-05,1.180e-04,-1.000,2.719e-04,8.540,10.878,10.224,9.159,8.427,7.818,7.038,6.493,6.329,
0.00024632,-1.80000,10.23045,0.4000000060,2.1185026169,0.400,-1.369,3.6445,4.939,1,0.000,0.545,0.00,0.00,0.00,0.00,0.00,-1,-1e-30,0.00,7.501e-01,2.496e-01,4.823e-05,1.301e-05,1.180e-04,-1.000,2.681e-04,8.192,10.339,9.764,8.748,8.054,7.471,6.719,6.181,6.028,
0.00024632,-1.80000,10.23045,0.4500000477,2.1822810173,0.450,-1.200,3.6619,4.891,1,0.000,0.545,0.00,0.00,0.00,0.00,0.00,-1,-1e-30,0.00,7.506e-01,2.491e-01,4.823e-05,1.301e-05,1.180e-04,-1.000,2.682e-04,7.770,9.601,9.164,8.225,7.593,7.050,6.347,5.830,5.694,
0.00024632,-1.80000,10.23045,0.5000000000,2.2374541759,0.500,-1.009,3.6835,4.831,1,0.000,0.545,0.00,0.00,0.00,0.00,0.00,-1,-1e-30,0.00,7.506e-01,2.491e-01,4.823e-05,1.301e-05,1.180e-04,-1.000,2.682e-04,7.291,8.746,8.489,7.640,7.079,6.581,5.940,5.459,5.342,
0.00024632,-1.80000,10.23045,0.5500000715,2.2836585045,0.550,-0.773,3.7073,4.732,1,0.000,0.544,0.00,0.00,0.00,0.00,0.00,-1,-1e-30,0.00,7.987e-01,2.010e-01,3.952e-05,1.067e-05,9.687e-05,-1.000,2.454e-04,6.702,7.790,7.718,6.963,6.465,6.012,5.438,5.002,4.904,
0.00024632,-1.80000,10.23045,0.6000000238,2.3211214542,0.600,-0.528,3.7381,4.648,1,0.000,0.543,0.00,0.00,0.00,0.00,0.00,-1,-1e-30,0.00,8.154e-01,1.844e-01,3.669e-05,9.921e-06,9.011e-05,-1.000,1.682e-04,6.090,6.805,6.915,6.278,5.848,5.447,4.954,4.572,4.496,
0.00024632,-1.80000,10.23045,0.6048318744,2.3243663311,0.604,-0.503,3.7413,4.639,1,0.000,0.543,0.00,0.00,0.00,0.00,0.00,-1,-4.53e-29,0.00,8.174e-01,1.824e-01,3.637e-05,9.833e-06,8.933e-05,-1.000,1.721e-04,6.026,6.710,6.834,6.209,5.786,5.390,4.904,4.527,4.453,
0.00024632,-1.80000,10.23045,0.6137394309,2.3301944733,0.613,-0.455,3.7471,4.621,1,0.000,0.543,0.00,0.00,0.00,0.00,0.00,-1,-4.8e-26,0.00,8.211e-01,1.787e-01,3.575e-05,9.667e-06,8.784e-05,-1.000,2.051e-04,5.907,6.537,6.686,6.081,5.670,5.284,4.811,4.441,4.371,
0.00024632,-1.80000,10.23045,0.6222425699,2.3355791569,0.622,-0.408,3.7525,4.602,1,0.000,0.542,0.00,0.00,0.00,0.00,0.00,-1,-9.46e-24,0.00,8.249e-01,1.749e-01,3.513e-05,9.502e-06,8.636e-05,-1.000,1.908e-04,5.790,6.372,6.542,5.957,5.557,5.180,4.719,4.356,4.292,
0.00024632,-1.80000,10.23045,0.6300240159,2.3403608799,0.630,-0.364,3.7574,4.583,1,0.000,0.542,0.00,0.00,0.00,0.00,0.00,-1,-9.68e-28,0.00,8.284e-01,1.714e-01,3.454e-05,9.345e-06,8.495e-05,-1.000,1.737e-04,5.680,6.219,6.408,5.842,5.452,5.084,4.634,4.277,4.217,
0.00024632,-1.80000,10.23045,0.6373624802,2.3447475433,0.637,-0.321,3.7620,4.563,1,0.000,0.542,0.00,0.00,0.00,0.00,0.00,-1,-1.04e-30,0.00,8.319e-01,1.679e-01,3.396e-05,9.192e-06,8.358e-05,-1.000,1.705e-04,5.573,6.076,6.280,5.731,5.350,4.990,4.549,4.198,4.142,
0.00024632,-1.80000,10.23045,0.6445043087,2.3489065170,0.644,-0.278,3.7663,4.543,1,0.000,0.542,0.00,0.00,0.00,0.00,0.00,-1,-1e-30,0.00,8.354e-01,1.644e-01,3.339e-05,9.039e-06,8.219e-05,-1.000,1.657e-04,5.466,5.938,6.154,5.620,5.248,4.894,4.463,4.117,4.065,
0.00024632,-1.80000,10.23045,0.6499999762,2.3520355225,0.650,-0.244,3.7697,4.525,1,0.000,0.541,0.00,0.00,0.00,0.00,0.00,-1,-1e-30,0.00,8.381e-01,1.616e-01,3.292e-05,8.916e-06,8.111e-05,-1.000,2.176e-04,5.379,5.828,6.053,5.530,5.165,4.817,4.392,4.051,4.001,
0.00024632,-1.80000,10.23045,0.6501100063,2.3520975113,0.650,-0.243,3.7698,4.525,1,0.000,0.541,0.00,0.00,0.00,0.00,0.00,-1,-1.09e-30,0.00,8.382e-01,1.616e-01,3.291e-05,8.913e-06,8.108e-05,-1.000,2.178e-04,5.377,5.825,6.050,5.529,5.163,4.815,4.391,4.049,4.000,
0.00024632,-1.80000,10.23045,0.6570245624,2.3559472561,0.657,-0.196,3.7739,4.499,1,0.000,0.541,0.00,0.00,0.00,0.00,0.00,-1,-2.79e-28,0.00,8.427e-01,1.571e-01,3.218e-05,8.719e-06,7.933e-05,-1.000,2.111e-04,5.261,5.684,5.918,5.410,5.053,4.712,4.295,3.959,3.913,
0.00024632,-1.80000,10.23045,0.6637620926,2.3596098423,0.663,-0.149,3.7779,4.472,1,0.000,0.540,0.00,0.00,0.00,0.00,0.00,-1,-6.01e-26,0.00,8.472e-01,1.526e-01,3.144e-05,8.522e-06,7.757e-05,-1.000,1.913e-04,5.141,5.540,5.781,5.288,4.939,4.604,4.196,3.865,3.822,
0.00024632,-1.80000,10.23045,0.6720772982,2.3640141487,0.672,-0.085,3.7827,4.433,1,0.000,0.540,0.00,0.00,0.00,0.00,0.00,-1,-4.72e-24,0.00,8.528e-01,1.470e-01,3.052e-05,8.278e-06,7.538e-05,-1.000,2.137e-04,4.982,5.355,5.602,5.126,4.786,4.460,4.061,3.737,3.699,
0.00024632,-1.80000,10.23045,0.6798940897,2.3680415154,0.679,-0.019,3.7870,4.389,1,0.000,0.539,0.00,0.00,0.00,0.00,0.00,-1,-1e-30,0.00,8.580e-01,1.419e-01,2.968e-05,8.053e-06,7.336e-05,-1.000,1.612e-04,4.817,5.171,5.418,4.957,4.626,4.307,3.918,3.600,3.565,
0.00024632,-1.80000,10.23045,0.6869393587,2.3715810776,0.686,0.046,3.7906,4.343,1,0.000,0.539,0.00,0.00,0.00,0.00,0.00,-1,-1e-30,0.00,8.621e-01,1.378e-01,2.900e-05,7.875e-06,7.177e-05,-1.000,1.609e-04,4.654,4.993,5.240,4.791,4.468,4.155,3.773,3.462,3.429,
0.00024632,-1.80000,10.23045,0.6937756538,2.3749368191,0.693,0.115,3.7939,4.291,1,0.000,0.538,0.00,0.00,0.00,0.00,0.00,-1,-1e-30,0.00,8.636e-01,1.363e-01,2.875e-05,7.810e-06,7.118e-05,-1.000,1.454e-04,4.482,4.810,5.053,4.616,4.299,3.993,3.618,3.312,3.282,
0.00024632,-1.80000,10.23045,0.6988206506,2.3773651123,0.698,0.171,3.7958,4.247,1,0.000,0.538,0.00,0.00,0.00,0.00,0.00,-1,-1e-30,0.00,8.645e-01,1.354e-01,2.862e-05,7.775e-06,7.087e-05,-1.000,1.455e-04,4.343,4.666,4.905,4.475,4.162,3.859,3.489,3.186,3.157,
0.00024632,-1.80000,10.23045,0.6999999881,2.3779268265,0.699,0.185,3.7961,4.234,1,0.000,0.538,0.00,0.00,0.00,0.00,0.00,-1,-1e-30,0.00,8.647e-01,1.351e-01,2.859e-05,7.767e-06,7.080e-05,-1.000,1.455e-04,4.308,4.630,4.868,4.439,4.127,3.825,3.455,3.153,3.124,
0.00024632,-1.80000,10.23045,0.7023526430,2.3790409565,0.702,0.214,3.7967,4.209,1,0.000,0.538,0.00,0.00,0.00,0.00,0.00,-1,-7.01e-30,0.00,8.649e-01,1.350e-01,2.856e-05,7.765e-06,7.079e-05,-1.000,1.455e-04,4.236,4.557,4.793,4.367,4.056,3.755,3.386,3.085,3.057,
0.00024632,-1.80000,10.23045,0.7033219337,2.3794977665,0.703,0.226,3.7968,4.198,1,0.000,0.537,0.00,0.00,0.00,0.00,0.00,-1,-1.56e-29,0.00,8.650e-01,1.349e-01,2.855e-05,7.765e-06,7.079e-05,-1.000,1.455e-04,4.204,4.525,4.760,4.334,4.024,3.723,3.355,3.054,3.026,
0.00024632,-1.80000,10.23045,0.7045559287,2.3800768852,0.704,0.244,3.7967,4.181,1,0.000,0.537,0.00,0.00,0.00,0.00,0.00,-1,-4.35e-29,0.00,8.651e-01,1.348e-01,2.854e-05,7.764e-06,7.079e-05,-1.000,1.455e-04,4.160,4.483,4.716,4.290,3.980,3.679,3.310,3.010,2.982,
0.00024632,-1.80000,10.23045,0.7080303431,2.3816950321,0.707,0.297,3.7956,4.126,1,0.000,0.537,0.00,0.00,0.00,0.00,0.00,-1,-7.79e-28,0.00,8.653e-01,1.345e-01,2.850e-05,7.761e-06,7.079e-05,-1.000,1.454e-04,4.029,4.357,4.586,4.159,3.847,3.545,3.173,2.871,2.842,
0.00024632,-1.80000,10.23045,0.7107420564,2.3829455376,0.710,0.343,3.7934,4.072,1,0.000,0.536,0.00,0.00,0.00,0.00,0.00,-1,-7.5e-27,0.00,8.655e-01,1.343e-01,2.848e-05,7.761e-06,7.082e-05,-1.000,1.455e-04,3.912,4.251,4.476,4.043,3.728,3.422,3.046,2.739,2.709,
0.00024632,-1.80000,10.23045,0.7117921710,2.3834266663,0.711,0.362,3.7921,4.049,1,0.000,0.536,0.00,0.00,0.00,0.00,0.00,-1,-1.81e-26,0.00,8.655e-01,1.343e-01,2.850e-05,7.768e-06,7.087e-05,-1.000,1.626e-04,3.865,4.209,4.433,3.997,3.680,3.372,2.993,2.684,2.654,
0.00024632,-1.80000,10.23045,0.7128131390,2.3838930130,0.712,0.384,3.7900,4.019,2,0.000,0.536,0.00,0.00,0.00,0.00,0.00,-1,-4.28e-26,0.00,8.654e-01,1.344e-01,2.856e-05,7.786e-06,7.105e-05,-1.000,1.506e-04,3.811,4.163,4.386,3.944,3.624,3.313,2.928,2.615,2.584,
0.00024632,-1.80000,10.23045,0.7148317099,2.3848106861,0.714,0.431,3.7841,3.949,2,0.000,0.535,0.00,0.00,0.00,0.00,0.00,-1,-2.38e-25,0.00,8.637e-01,1.362e-01,2.906e-05,7.926e-06,7.233e-05,-1.000,1.454e-04,3.693,4.071,4.288,3.830,3.499,3.179,2.781,2.458,2.422,
0.00024632,-1.80000,10.23045,0.7163082957,2.3854780197,0.716,0.473,3.7769,3.879,2,0.000,0.535,0.00,0.00,0.00,0.00,0.00,-1,-8.51e-25,0.00,8.558e-01,1.441e-01,3.076e-05,8.390e-06,7.656e-05,-1.000,1.617e-04,3.586,4.000,4.208,3.729,3.385,3.053,2.639,2.304,2.264,
0.00024632,-1.80000,10.23045,0.7174366117,2.3859858513,0.717,0.513,3.7694,3.810,2,0.000,0.536,0.00,0.00,0.00,0.00,0.00,-1,-2.29e-24,0.00,8.382e-01,1.616e-01,3.405e-05,9.281e-06,8.462e-05,-1.000,2.170e-04,3.488,3.942,4.140,3.638,3.280,2.936,2.505,2.157,2.112,
0.00024632,-1.80000,10.23045,0.7183520198,2.3863966465,0.718,0.550,3.7617,3.742,2,0.000,0.538,0.00,0.00,0.00,0.00,0.00,-1,-3.14e-24,0.00,8.150e-01,1.848e-01,3.786e-05,1.031e-05,9.386e-05,-1.000,2.344e-04,3.394,3.893,4.078,3.552,3.180,2.824,2.375,2.014,1.964,
0.00024632,-1.80000,10.23045,0.7191534638,2.3867552280,0.718,0.592,3.7541,3.671,2,0.000,0.539,0.00,0.00,0.00,0.00,0.00,-1,-5.31e-25,0.00,7.971e-01,2.027e-01,4.057e-05,1.103e-05,1.004e-04,-1.000,2.096e-04,3.291,3.841,4.011,3.459,3.073,2.704,2.238,1.864,1.808,
0.00024632,-1.80000,10.23045,0.7197805643,2.3870351315,0.719,0.632,3.7484,3.608,2,0.000,0.540,0.00,0.00,0.00,0.00,0.00,-1,-4.37e-25,0.00,7.874e-01,2.124e-01,4.205e-05,1.143e-05,1.039e-04,-1.000,2.107e-04,3.189,3.778,3.935,3.365,2.968,2.590,2.110,1.727,1.667,
0.00024632,-1.80000,10.23045,0.7202691436,2.3872528076,0.719,0.671,3.7447,3.555,2,0.000,0.540,0.00,0.00,0.00,0.00,0.00,-1,-6.29e-25,0.00,7.819e-01,2.178e-01,4.287e-05,1.165e-05,1.058e-04,-1.000,2.382e-04,3.093,3.710,3.858,3.275,2.871,2.487,1.998,1.609,1.545,
0.00024632,-1.80000,10.23045,0.7206790447,2.3874351978,0.720,0.707,3.7419,3.507,2,0.000,0.540,0.00,0.00,0.00,0.00,0.00,-1,-8.62e-25,0.00,7.784e-01,2.213e-01,4.340e-05,1.179e-05,1.071e-04,-1.000,2.465e-04,3.001,3.638,3.780,3.188,2.779,2.390,1.895,1.501,1.435,
0.00024632,-1.80000,10.23045,0.7207506299,2.3874669075,0.720,0.714,3.7414,3.499,2,0.000,0.540,0.00,0.00,0.00,0.00,0.00,-1,-9.11e-25,0.00,7.779e-01,2.219e-01,4.349e-05,1.181e-05,1.073e-04,-1.000,2.454e-04,2.985,3.625,3.765,3.172,2.762,2.373,1.876,1.481,1.416,
0.00024632,-1.80000,10.23045,0.7208274007,2.3875010014,0.720,0.722,3.7410,3.490,2,0.000,0.540,0.00,0.00,0.00,0.00,0.00,-1,-9.67e-25,0.00,7.774e-01,2.224e-01,4.356e-05,1.183e-05,1.075e-04,-1.000,2.522e-04,2.966,3.609,3.748,3.154,2.743,2.353,1.855,1.460,1.394,
0.00024632,-1.80000,10.23045,0.7213155031,2.3877179623,0.720,0.771,3.7386,3.430,3,0.000,0.540,0.00,0.00,0.00,0.00,0.00,-1,-1.41e-24,0.00,7.743e-01,2.255e-01,4.400e-05,1.195e-05,1.085e-04,-1.000,2.559e-04,2.842,3.506,3.637,3.034,2.619,2.225,1.721,1.320,1.253,
0.00024632,-1.80000,10.23045,0.7217740417,2.3879210949,0.721,0.822,3.7366,3.373,3,0.000,0.540,0.00,0.00,0.00,0.00,0.00,-1,-2.03e-24,0.00,7.718e-01,2.279e-01,4.432e-05,1.204e-05,1.093e-04,-1.000,2.612e-04,2.716,3.399,3.521,2.913,2.494,2.096,1.586,1.181,1.113,
0.00024632,-1.80000,10.23045,0.7221997380,2.3881096840,0.721,0.872,3.7350,3.316,3,0.000,0.541,0.00,0.00,0.00,0.00,0.00,-1,-2.86e-24,0.00,7.697e-01,2.300e-01,4.457e-05,1.211e-05,1.099e-04,-1.000,2.633e-04,2.591,3.288,3.404,2.791,2.369,1.969,1.454,1.045,0.976,
0.00024632,-1.80000,10.23045,0.7225550413,2.3882668018,0.721,0.916,3.7337,3.266,3,0.000,0.541,0.00,0.00,0.00,0.00,0.00,-1,-3.83e-24,0.00,7.681e-01,2.316e-01,4.475e-05,1.215e-05,1.104e-04,-1.000,2.661e-04,2.479,3.188,3.299,2.681,2.258,1.856,1.336,0.924,0.854,
0.00024632,-1.80000,10.23045,0.7229169011,2.3884267807,0.722,0.965,3.7323,3.212,3,0.000,0.541,0.00,0.00,0.00,0.00,0.00,-1,-5.2e-24,0.00,7.665e-01,2.332e-01,4.491e-05,1.220e-05,1.108e-04,-1.000,2.584e-04,2.357,3.078,3.184,2.562,2.136,1.732,1.208,0.792,0.722,
0.00024632,-1.80000,10.23045,0.7232456207,2.3885717392,0.722,1.014,3.7310,3.158,3,0.000,0.541,0.00,0.00,0.00,0.00,0.00,-1,-6.9e-24,0.00,7.652e-01,2.346e-01,4.504e-05,1.223e-05,1.111e-04,-1.000,2.482e-04,2.235,2.967,3.068,2.443,2.015,1.608,1.080,0.661,0.590,
0.00024632,-1.80000,10.23045,0.7235435843,2.3887031078,0.722,1.062,3.7297,3.105,3,0.000,0.540,0.00,0.00,0.00,0.00,0.00,-1,-8.98e-24,0.00,7.640e-01,2.358e-01,4.514e-05,1.226e-05,1.114e-04,-1.000,2.579e-04,2.114,2.857,2.954,2.325,1.895,1.486,0.954,0.531,0.460,
0.00024632,-1.80000,10.23045,0.7238197327,2.3888247013,0.723,1.112,3.7284,3.051,3,0.000,0.540,0.00,0.00,0.00,0.00,0.00,-1,-1.15e-23,0.00,7.629e-01,2.369e-01,4.522e-05,1.229e-05,1.116e-04,-1.000,2.654e-04,1.991,2.747,2.838,2.205,1.773,1.362,0.826,0.399,0.327,
0.00024632,-1.80000,10.23045,0.7240674496,2.3889336586,0.723,1.160,3.7271,2.998,3,0.000,0.540,0.00,0.00,0.00,0.00,0.00,-1,-1.46e-23,0.00,7.620e-01,2.378e-01,4.528e-05,1.231e-05,1.118e-04,-1.000,2.678e-04,1.871,2.639,2.725,2.087,1.653,1.240,0.700,0.269,0.197,
0.00024632,-1.80000,10.23045,0.7243028879,2.3890373707,0.723,1.210,3.7257,2.942,3,0.000,0.540,0.00,0.00,0.00,0.00,0.00,-1,-1.83e-23,0.00,7.611e-01,2.386e-01,4.532e-05,1.233e-05,1.119e-04,-1.000,2.567e-04,1.745,2.527,2.607,1.964,1.527,1.112,0.568,0.134,0.061,
0.00024632,-1.80000,10.23045,0.7245023847,2.3891248703,0.723,1.257,3.7243,2.889,3,0.000,0.540,0.00,0.00,0.00,0.00,0.00,-1,-2.24e-23,0.00,7.605e-01,2.393e-01,4.535e-05,1.235e-05,1.120e-04,-1.000,2.426e-04,1.627,2.424,2.497,1.850,1.411,0.993,0.445,0.007,-0.066,
0.00024632,-1.80000,10.23045,0.7246810198,2.3892033100,0.723,1.303,3.7229,2.838,3,0.000,0.540,0.00,0.00,0.00,0.00,0.00,-1,-2.7e-23,0.00,7.600e-01,2.398e-01,4.536e-05,1.236e-05,1.121e-04,-1.000,2.553e-04,1.512,2.322,2.389,1.738,1.296,0.877,0.324,-0.117,-0.191,
0.00024632,-1.80000,10.23045,0.7248568535,2.3892805576,0.723,1.353,3.7213,2.781,3,0.000,0.539,0.00,0.00,0.00,0.00,0.00,-1,-3.27e-23,0.00,7.595e-01,2.402e-01,4.537e-05,1.237e-05,1.122e-04,-1.000,2.682e-04,1.387,2.212,2.272,1.616,1.172,0.750,0.192,-0.253,-0.327,
0.00024632,-1.80000,10.23045,0.7250051498,2.3893456459,0.723,1.400,3.7198,2.729,3,0.000,0.539,0.00,0.00,0.00,0.00,0.00,-1,-3.87e-23,0.00,7.591e-01,2.406e-01,4.538e-05,1.238e-05,1.122e-04,-1.000,2.637e-04,1.271,2.109,2.164,1.503,1.056,0.631,0.070,-0.379,-0.454,
0.00024632,-1.80000,10.23045,0.7251390815,2.3894042969,0.723,1.446,3.7183,2.677,3,0.000,0.539,0.00,0.00,0.00,0.00,0.00,-1,-4.53e-23,0.00,7.589e-01,2.409e-01,4.538e-05,1.239e-05,1.123e-04,-1.000,2.607e-04,1.156,2.010,2.058,1.391,0.942,0.515,-0.052,-0.504,-0.580,
0.00024632,-1.80000,10.23045,0.7252630591,2.3894586563,0.723,1.493,3.7167,2.624,3,0.000,0.539,0.00,0.00,0.00,0.00,0.00,-1,-5.29e-23,0.00,7.588e-01,2.410e-01,4.538e-05,1.240e-05,1.123e-04,-1.000,2.660e-04,1.039,1.910,1.951,1.278,0.826,0.397,-0.175,-0.632,-0.708,
0.00024632,-1.80000,10.23045,0.7253764868,2.3895082474,0.723,1.540,3.7151,2.570,3,0.000,0.539,0.00,0.00,0.00,0.00,0.00,-1,-6.13e-23,0.00,7.587e-01,2.411e-01,4.538e-05,1.240e-05,1.123e-04,-1.000,2.605e-04,0.921,1.809,1.843,1.165,0.710,0.277,-0.299,-0.760,-0.837,
0.00024632,-1.80000,10.23045,0.7254750133,2.3895514011,0.723,1.584,3.7135,2.519,3,0.000,0.539,0.00,0.00,0.00,0.00,0.00,-1,-7.01e-23,0.00,7.586e-01,2.411e-01,4.538e-05,1.240e-05,1.123e-04,-1.000,2.563e-04,0.809,1.713,1.741,1.057,0.599,0.164,-0.417,-0.882,-0.960,
0.00024632,-1.80000,10.23045,0.7255684733,2.3895924091,0.723,1.631,3.7118,2.466,3,0.000,0.539,0.00,0.00,0.00,0.00,0.00,-1,-8e-23,0.00,7.586e-01,2.411e-01,4.538e-05,1.240e-05,1.123e-04,-1.000,2.563e-04,0.693,1.616,1.636,0.945,0.484,0.046,-0.540,-1.009,-1.087,
0.00024632,-1.80000,10.23045,0.7256517410,2.3896288872,0.723,1.675,3.7102,2.415,3,0.000,0.539,0.00,0.00,0.00,0.00,0.00,-1,-1.2e-24,0.00,7.586e-01,2.411e-01,4.538e-05,1.240e-05,1.123e-04,-1.000,2.563e-04,0.581,1.525,1.534,0.837,0.372,-0.068,-0.659,-1.132,-1.211,
0.00024632,-1.80000,10.23045,0.7257278562,2.3896622658,0.723,1.720,3.7084,2.363,3,0.000,0.539,0.00,0.00,0.00,0.00,0.00,-1,-5.24e-29,0.00,7.586e-01,2.411e-01,4.538e-05,1.240e-05,1.123e-04,-1.000,2.563e-04,0.469,1.436,1.434,0.729,0.261,-0.183,-0.779,-1.256,-1.335,
0.00024632,-1.80000,10.23045,0.7257971168,2.3896925449,0.723,1.765,3.7067,2.311,3,0.000,0.539,0.00,0.00,0.00,0.00,0.00,-1,-1e-30,0.00,7.586e-01,2.411e-01,4.538e-05,1.240e-05,1.123e-04,-1.000,2.563e-04,0.358,1.349,1.335,0.623,0.151,-0.296,-0.897,-1.378,-1.458,
0.00024632,-1.80000,10.23045,0.7258607745,2.3897204399,0.723,1.810,3.7049,2.259,3,0.000,0.539,0.00,0.00,0.00,0.00,0.00,-1,-1e-30,0.00,7.586e-01,2.411e-01,4.538e-05,1.240e-05,1.123e-04,-1.000,2.562e-04,0.246,1.261,1.236,0.516,0.040,-0.410,-1.016,-1.502,-1.583,
0.00024632,-1.80000,10.23045,0.7259187698,2.3897457123,0.723,1.854,3.7031,2.208,3,0.000,0.539,0.00,0.00,0.00,0.00,0.00,-1,-1e-30,0.00,7.586e-01,2.411e-01,4.538e-05,1.240e-05,1.123e-04,-1.000,2.561e-04,0.135,1.174,1.139,0.409,-0.070,-0.523,-1.135,-1.625,-1.707,
0.00024632,-1.80000,10.23045,0.7259725928,2.3897693157,0.724,1.899,3.7013,2.156,3,0.000,0.539,0.00,0.00,0.00,0.00,0.00,-1,-1e-30,0.00,7.586e-01,2.412e-01,4.538e-05,1.240e-05,1.123e-04,-1.000,2.562e-04,0.023,1.088,1.041,0.303,-0.180,-0.637,-1.254,-1.748,-1.831,
0.00024632,-1.80000,10.23045,0.7260209322,2.3897902966,0.724,1.942,3.6995,2.106,3,0.000,0.539,0.00,0.00,0.00,0.00,0.00,-1,-1e-30,0.00,7.586e-01,2.412e-01,4.538e-05,1.240e-05,1.123e-04,-1.000,2.562e-04,-0.084,1.005,0.947,0.201,-0.287,-0.746,-1.369,-1.868,-1.952,
0.00024632,-1.80000,10.23045,0.7260674238,2.3898108006,0.724,1.986,3.6976,2.054,3,0.000,0.539,0.00,0.00,0.00,0.00,0.00,-1,-1e-30,0.00,7.586e-01,2.412e-01,4.538e-05,1.240e-05,1.123e-04,-1.000,2.561e-04,-0.195,0.923,0.852,0.097,-0.395,-0.858,-1.487,-1.991,-2.076,
0.00024632,-1.80000,10.23045,0.7261143327,2.3898313046,0.724,2.031,3.6957,2.001,3,0.000,0.539,0.00,0.00,0.00,0.00,0.00,-1,-1e-30,0.00,7.586e-01,2.412e-01,4.538e-05,1.240e-05,1.123e-04,-1.000,2.562e-04,-0.307,0.838,0.755,-0.009,-0.506,-0.972,-1.607,-2.116,-2.201,
0.00024632,-1.80000,10.23045,0.7261690497,2.3898551464,0.724,2.077,3.6937,1.947,3,0.000,0.539,0.00,0.00,0.00,0.00,0.00,-1,-1e-30,0.00,7.586e-01,2.412e-01,4.538e-05,1.240e-05,1.123e-04,-1.000,2.561e-04,-0.424,0.756,0.656,-0.119,-0.620,-1.091,-1.732,-2.247,-2.332,
0.00024632,-1.80000,10.23045,0.7261720896,2.3898563385,0.724,2.078,3.6937,1.947,3,0.000,0.539,0.00,0.00,0.00,0.00,0.00,-1,-1e-30,0.00,7.586e-01,2.412e-01,4.538e-05,1.240e-05,1.123e-04,-1.000,2.561e-04,-0.424,0.755,0.656,-0.119,-0.620,-1.091,-1.732,-2.247,-2.333,
0.00024632,-1.80000,10.23045,0.7261837125,2.3898615837,0.724,2.078,3.6938,1.947,3,0.000,0.539,0.00,0.00,0.00,0.00,0.00,-1,-1e-30,0.00,7.586e-01,2.412e-01,4.538e-05,1.240e-05,1.123e-04,-1.000,2.561e-04,-0.424,0.754,0.655,-0.120,-0.621,-1.091,-1.732,-2.247,-2.333,
0.00024632,-1.80000,10.23045,0.7262519598,2.3898913860,0.724,2.145,3.6909,1.868,3,0.000,0.539,0.00,0.00,0.00,0.00,0.00,-1,-1e-30,0.00,7.586e-01,2.412e-01,4.538e-05,1.240e-05,1.123e-04,-1.000,2.560e-04,-0.594,0.634,0.511,-0.280,-0.788,-1.263,-1.913,-2.436,-2.523,
0.00024632,-1.80000,10.23045,0.7262833118,2.3899049759,0.724,2.191,3.6888,1.814,3,0.000,0.539,0.00,0.00,0.00,0.00,0.00,-1,-1e-30,0.00,7.586e-01,2.412e-01,4.538e-05,1.240e-05,1.123e-04,-1.000,2.560e-04,-0.708,0.558,0.417,-0.386,-0.899,-1.379,-2.036,-2.565,-2.653,
0.00024632,-1.80000,10.23045,0.7263086438,2.3899161816,0.724,2.233,3.6868,1.764,3,0.000,0.539,0.00,0.00,0.00,0.00,0.00,-1,-1e-30,0.00,7.586e-01,2.412e-01,4.538e-05,1.240e-05,1.123e-04,-1.000,2.560e-04,-0.812,0.491,0.332,-0.482,-1.000,-1.484,-2.148,-2.682,-2.771,
0.00024632,-1.80000,10.23045,0.7263317704,2.3899261951,0.724,2.273,3.6849,1.716,3,0.000,0.539,0.00,0.00,0.00,0.00,0.00,-1,-1e-30,0.00,7.586e-01,2.412e-01,4.538e-05,1.240e-05,1.123e-04,-1.000,2.560e-04,-0.913,0.432,0.251,-0.577,-1.100,-1.588,-2.258,-2.798,-2.887,
0.00024632,-1.80000,10.23045,0.7263535261,2.3899357319,0.724,2.314,3.6829,1.667,3,0.000,0.539,0.00,0.00,0.00,0.00,0.00,-1,-1e-30,0.00,7.586e-01,2.412e-01,4.538e-05,1.240e-05,1.123e-04,-1.000,2.560e-04,-1.016,0.386,0.174,-0.672,-1.202,-1.693,-2.370,-2.916,-3.005,
0.00024632,-1.80000,10.23045,0.7263729572,2.3899440765,0.724,2.355,3.6809,1.619,3,0.000,0.539,0.00,0.00,0.00,0.00,0.00,-1,-1e-30,0.00,7.586e-01,2.412e-01,4.538e-05,1.240e-05,1.123e-04,-1.000,2.560e-04,-1.117,0.342,0.099,-0.766,-1.302,-1.797,-2.480,-3.032,-3.120,
0.00024632,-1.80000,10.23045,0.7263913751,2.3899521828,0.724,2.395,3.6789,1.570,3,0.000,0.539,0.00,0.00,0.00,0.00,0.00,-1,-1e-30,0.00,7.586e-01,2.412e-01,4.538e-05,1.240e-05,1.123e-04,-1.000,2.560e-04,-1.218,0.304,0.027,-0.859,-1.402,-1.900,-2.591,-3.149,-3.236,
0.00024632,-1.80000,10.23045,0.7264097333,2.3899602890,0.724,2.438,3.6766,1.518,3,0.000,0.539,0.00,0.00,0.00,0.00,0.00,-1,-1e-30,0.00,7.586e-01,2.412e-01,4.538e-05,1.240e-05,1.123e-04,-1.000,2.560e-04,-1.325,0.270,-0.047,-0.957,-1.507,-2.011,-2.709,-3.273,-3.360,
0.00024632,-1.80000,10.23045,0.7264263630,2.3899674416,0.724,2.481,3.6744,1.467,3,0.000,0.539,0.00,0.00,0.00,0.00,0.00,-1,-1e-30,0.00,7.586e-01,2.412e-01,4.538e-05,1.240e-05,1.123e-04,-1.000,2.559e-04,-1.431,0.244,-0.116,-1.052,-1.612,-2.120,-2.826,-3.396,-3.482,
0.00024632,-1.80000,10.23045,0.7264421582,2.3899743557,0.724,2.523,3.6721,1.415,3,0.000,0.539,7.77,6.07,4.29,3.33,2.69,3,-1e-30,0.00,7.586e-01,2.412e-01,4.538e-05,1.240e-05,1.123e-04,-1.000,2.559e-04,-1.539,0.227,-0.181,-1.147,-1.717,-2.231,-2.944,-3.521,-3.606,
0.00024632,-1.80000,10.23045,0.7264569998,2.3899807930,0.724,2.567,3.6697,1.361,3,0.000,0.539,8.71,6.69,4.70,3.65,2.96,3,-1e-30,0.00,7.585e-01,2.412e-01,4.538e-05,1.240e-05,1.123e-04,-1.000,2.559e-04,-1.648,0.216,-0.245,-1.243,-1.824,-2.344,-3.065,-3.648,-3.733,
0.00024632,-1.80000,10.23045,0.7264698148,2.3899865150,0.724,2.608,3.6675,1.312,3,0.000,0.539,9.68,7.32,5.12,3.99,3.22,3,-1e-30,0.00,7.585e-01,2.412e-01,4.538e-05,1.240e-05,1.123e-04,-1.000,2.559e-04,-1.750,0.213,-0.301,-1.330,-1.921,-2.448,-3.177,-3.766,-3.850,
0.00024632,-1.80000,10.23045,0.7264821529,2.3899917603,0.724,2.649,3.6650,1.261,3,0.000,0.539,10.79,8.02,5.59,4.36,3.53,3,-1e-30,0.00,7.585e-01,2.412e-01,4.538e-05,1.240e-05,1.123e-04,-1.000,2.559e-04,-1.853,0.220,-0.353,-1.417,-2.021,-2.554,-3.292,-3.887,-3.971,
0.00024632,-1.80000,10.23045,0.7264934778,2.3899967670,0.724,2.690,3.6628,1.211,3,0.000,0.539,12.00,8.78,6.09,4.76,3.85,2,-1e-30,0.00,7.585e-01,2.412e-01,4.538e-05,1.240e-05,1.123e-04,-1.000,2.559e-04,-1.955,0.228,-0.404,-1.503,-2.119,-2.659,-3.405,-4.007,-4.090,
0.00024632,-1.80000,10.23045,0.7265036106,2.3900012970,0.724,2.730,3.6604,1.161,3,0.000,0.539,13.34,9.60,6.64,5.19,4.20,2,-1e-30,0.00,7.585e-01,2.412e-01,4.538e-05,1.240e-05,1.123e-04,-1.000,2.559e-04,-2.055,0.251,-0.446,-1.585,-2.214,-2.761,-3.517,-4.124,-4.207,
0.00024632,-1.80000,10.23045,0.7265129685,2.3900053501,0.724,2.769,3.6581,1.113,3,0.000,0.539,14.77,10.47,7.21,5.64,4.57,2,-1e-30,0.00,7.585e-01,2.412e-01,4.538e-05,1.240e-05,1.123e-04,-1.000,2.559e-04,-2.152,0.280,-0.484,-1.663,-2.306,-2.860,-3.625,-4.239,-4.321,
0.00024632,-1.80000,10.23045,0.7265209556,2.3900086880,0.724,2.804,3.6560,1.070,3,0.000,0.539,16.21,11.33,7.77,6.09,4.93,2,-1e-30,0.00,7.585e-01,2.412e-01,4.538e-05,1.240e-05,1.123e-04,-1.000,2.559e-04,-2.240,0.277,-0.528,-1.733,-2.386,-2.947,-3.720,-4.341,-4.424,
0.00024632,-1.80000,10.23045,0.7265287638,2.3900122643,0.724,2.841,3.6538,1.024,3,0.000,0.539,17.88,12.31,8.41,6.60,5.35,2,-1e-30,0.00,7.585e-01,2.412e-01,4.538e-05,1.240e-05,1.123e-04,-1.000,2.559e-04,-2.333,0.273,-0.575,-1.806,-2.471,-3.039,-3.821,-4.449,-4.532,
0.00024632,-1.80000,10.23045,0.7265362740,2.3900153637,0.724,2.879,3.6515,0.977,3,0.000,0.539,19.75,13.40,9.12,7.17,5.81,2,-1e-30,0.00,7.585e-01,2.412e-01,4.538e-05,1.240e-05,1.123e-04,-1.000,2.559e-04,-2.426,0.275,-0.618,-1.878,-2.555,-3.131,-3.924,-4.558,-4.642,
0.00024632,-1.80000,10.23045,0.7265423536,2.3900182247,0.724,2.911,3.6495,0.937,3,0.000,0.539,21.52,14.41,9.78,7.69,6.23,2,-1e-30,0.00,7.585e-01,2.412e-01,4.538e-05,1.240e-05,1.123e-04,-1.000,2.559e-04,-2.507,0.284,-0.651,-1.939,-2.627,-3.211,-4.012,-4.652,-4.737,
0.00024632,-1.80000,10.23045,0.7265484333,2.3900208473,0.724,2.945,3.6472,0.894,3,0.000,0.539,23.57,15.57,10.53,8.29,6.72,1,-1e-30,0.00,7.585e-01,2.412e-01,4.538e-05,1.240e-05,1.123e-04,-1.000,2.559e-04,-2.592,0.296,-0.684,-2.000,-2.702,-3.293,-4.104,-4.751,-4.838,
0.00024632,-1.80000,10.23045,0.7265545130,2.3900234699,0.724,2.981,3.6449,0.849,3,0.000,0.539,25.96,16.89,11.38,8.97,7.27,1,-1e-30,0.00,7.585e-01,2.412e-01,4.538e-05,1.240e-05,1.123e-04,-1.000,2.559e-04,-2.682,0.308,-0.720,-2.066,-2.781,-3.381,-4.202,-4.856,-4.944,
0.00024632,-1.80000,10.23045,0.7265598774,2.3900258541,0.724,3.014,3.6427,0.806,3,0.000,0.539,28.42,18.24,12.25,9.67,7.84,1,-1e-30,0.00,7.585e-01,2.412e-01,4.538e-05,1.240e-05,1.123e-04,-1.000,2.560e-04,-2.766,0.320,-0.753,-2.127,-2.855,-3.463,-4.294,-4.955,-5.044,
0.00024632,-1.80000,10.23045,0.7265649438,2.3900279999,0.724,3.048,3.6405,0.764,3,0.000,0.539,31.10,19.69,13.18,10.41,8.44,1,-1e-30,0.00,7.585e-01,2.412e-01,4.538e-05,1.240e-05,1.123e-04,-1.000,2.559e-04,-2.849,0.334,-0.784,-2.187,-2.928,-3.544,-4.386,-5.053,-5.143,
0.00024632,-1.80000,10.23045,0.7265691757,2.3900299072,0.724,3.077,3.6385,0.727,3,0.000,0.539,33.68,21.07,14.05,11.12,9.02,1,-1e-30,0.00,7.585e-01,2.412e-01,4.538e-05,1.240e-05,1.123e-04,-1.000,2.559e-04,-2.923,0.351,-0.808,-2.237,-2.990,-3.614,-4.466,-5.140,-5.231,
0.00024632,-1.80000,10.23045,0.7265732884,2.3900315762,0.724,3.107,3.6365,0.689,3,0.000,0.539,36.49,22.55,15.00,11.88,9.63,1,-1e-30,0.00,7.585e-01,2.412e-01,4.538e-05,1.240e-05,1.123e-04,-1.000,2.558e-04,-2.997,0.370,-0.832,-2.288,-3.053,-3.685,-4.546,-5.227,-5.319,
0.00024632,-1.80000,10.23045,0.7265776396,2.3900334835,0.724,3.140,3.6343,0.647,3,0.000,0.539,39.89,24.32,16.12,12.78,10.37,1,-1e-30,0.00,7.585e-01,2.412e-01,4.538e-05,1.240e-05,1.123e-04,-1.000,2.559e-04,-3.080,0.393,-0.856,-2.342,-3.122,-3.763,-4.636,-5.323,-5.417,
0.00024632,-1.80000,10.23045,0.7265815735,2.3900351524,0.724,3.171,3.6322,0.607,3,0.000,0.539,43.42,26.13,17.26,13.70,11.12,1,-1e-30,0.00,7.585e-01,2.412e-01,4.538e-05,1.240e-05,1.123e-04,-1.000,2.559e-04,-3.158,0.415,-0.879,-2.394,-3.188,-3.838,-4.721,-5.416,-5.511,
0.00024632,-1.80000,10.23045,0.7265851498,2.3900368214,0.724,3.201,3.6303,0.570,3,0.000,0.539,47.02,27.96,18.42,14.63,11.87,1,-1e-30,0.00,7.585e-01,2.412e-01,4.538e-05,1.240e-05,1.123e-04,-1.000,2.559e-04,-3.232,0.435,-0.901,-2.444,-3.251,-3.908,-4.801,-5.502,-5.598,
0.00024632,-1.80000,10.23045,0.7265885472,2.3900382519,0.724,3.230,3.6283,0.533,3,0.000,0.539,50.90,29.90,19.63,15.61,12.67,1,-1e-30,0.00,7.585e-01,2.412e-01,4.538e-05,1.240e-05,1.123e-04,-1.000,2.559e-04,-3.305,0.455,-0.922,-2.491,-3.311,-3.977,-4.880,-5.588,-5.686,
0.00024632,-1.80000,10.23045,0.7265917063,2.3900396824,0.724,3.258,3.6265,0.498,3,0.000,0.539,54.86,31.87,20.86,16.61,13.48,1,-1e-30,0.00,7.585e-01,2.412e-01,4.538e-05,1.240e-05,1.123e-04,-1.000,2.558e-04,-3.375,0.474,-0.943,-2.536,-3.369,-4.043,-4.955,-5.669,-5.768,
0.00024632,-1.80000,10.23045,0.7265946865,2.3900408745,0.724,3.284,3.6248,0.465,3,0.000,0.539,58.81,33.80,22.07,17.58,14.28,1,-1e-30,0.00,7.585e-01,2.412e-01,4.538e-05,1.240e-05,1.123e-04,-1.000,2.558e-04,-3.440,0.494,-0.956,-2.575,-3.421,-4.103,-5.025,-5.745,-5.845,
0.00024632,-1.80000,10.23045,0.7265959978,2.3900415897,0.724,3.295,3.6241,0.451,3,0.000,0.539,60.58,34.66,22.61,18.02,14.63,1,-1e-30,0.00,7.585e-01,2.412e-01,4.538e-05,1.240e-05,1.123e-04,-1.000,2.558e-04,-3.468,0.503,-0.962,-2.591,-3.443,-4.129,-5.055,-5.777,-5.878,
0.00024632,-1.80000,10.23045,0.7265959978,2.3900415897,0.657,1.591,4.0149,3.677,4,0.000,0.529,0.00,0.00,0.00,0.00,0.00,-1,-1e-30,0.00,7.513e-01,2.484e-01,4.560e-05,1.308e-05,1.151e-04,-1.000,2.681e-04,0.794,0.994,1.131,1.175,1.186,1.199,1.233,1.241,1.251,
0.00024632,-1.80000,10.23045,0.7265973091,2.3900420666,0.657,1.598,4.0114,3.656,4,0.000,0.529,0.00,0.00,0.00,0.00,0.00,-1,-1e-30,0.00,7.513e-01,2.484e-01,4.560e-05,1.308e-05,1.151e-04,-1.000,2.681e-04,0.775,0.970,1.097,1.140,1.149,1.160,1.190,1.198,1.207,
0.00024632,-1.80000,10.23045,0.7266473174,2.3900640011,0.657,1.612,4.0054,3.617,4,0.000,0.529,0.00,0.00,0.00,0.00,0.00,-1,-1e-30,0.00,7.513e-01,2.484e-01,4.560e-05,1.308e-05,1.151e-04,-1.000,2.682e-04,0.740,0.925,1.036,1.075,1.082,1.090,1.113,1.119,1.126,
0.00024632,-1.80000,10.23045,0.7266975045,2.3900859356,0.658,1.612,4.0051,3.617,4,0.000,0.529,0.00,0.00,0.00,0.00,0.00,-1,-1e-30,0.00,7.513e-01,2.484e-01,4.560e-05,1.308e-05,1.151e-04,-1.000,2.682e-04,0.740,0.925,1.035,1.074,1.081,1.089,1.112,1.117,1.125,
0.00024632,-1.80000,10.23045,0.7267475724,2.3901076317,0.658,1.612,4.0049,3.616,4,0.000,0.529,0.00,0.00,0.00,0.00,0.00,-1,-1e-30,0.00,7.513e-01,2.484e-01,4.560e-05,1.308e-05,1.151e-04,-1.000,2.681e-04,0.741,0.926,1.035,1.073,1.080,1.088,1.111,1.116,1.124,
0.00024632,-1.80000,10.23045,0.7267983556,2.3901298046,0.658,1.611,4.0045,3.614,4,0.000,0.529,0.00,0.00,0.00,0.00,0.00,-1,-1e-30,0.00,7.513e-01,2.484e-01,4.560e-05,1.308e-05,1.151e-04,-1.000,2.681e-04,0.741,0.926,1.033,1.072,1.078,1.086,1.108,1.113,1.121,
0.00024632,-1.80000,10.23045,0.7268506885,2.3901526928,0.658,1.612,4.0036,3.611,4,0.000,0.529,0.00,0.00,0.00,0.00,0.00,-1,-1e-30,0.00,7.513e-01,2.484e-01,4.560e-05,1.308e-05,1.151e-04,-1.000,2.681e-04,0.741,0.924,1.029,1.067,1.073,1.081,1.102,1.107,1.114,
0.00024632,-1.80000,10.23045,0.7269036174,2.3901758194,0.658,1.612,4.0024,3.606,4,0.000,0.529,0.00,0.00,0.00,0.00,0.00,-1,-1e-30,0.00,7.513e-01,2.484e-01,4.560e-05,1.308e-05,1.151e-04,-1.000,2.681e-04,0.740,0.921,1.023,1.060,1.066,1.073,1.092,1.097,1.103,
0.00024632,-1.80000,10.23045,0.7269565463,2.3901987076,0.658,1.613,4.0008,3.598,4,0.000,0.529,0.00,0.00,0.00,0.00,0.00,-1,-1e-30,0.00,7.513e-01,2.484e-01,4.560e-05,1.308e-05,1.151e-04,-1.000,2.681e-04,0.737,0.917,1.014,1.049,1.055,1.061,1.079,1.083,1.089,
0.00024632,-1.80000,10.23045,0.7270050645,2.3902199268,0.658,1.614,3.9991,3.590,4,0.000,0.529,0.00,0.00,0.00,0.00,0.00,-1,-1e-30,0.00,7.513e-01,2.484e-01,4.560e-05,1.308e-05,1.151e-04,-1.000,2.681e-04,0.735,0.912,1.004,1.039,1.043,1.049,1.064,1.068,1.073,
0.00024632,-1.80000,10.23045,0.7270546556,2.3902416229,0.658,1.616,3.9970,3.580,4,0.000,0.529,0.00,0.00,0.00,0.00,0.00,-1,-1e-30,0.00,7.513e-01,2.484e-01,4.560e-05,1.308e-05,1.151e-04,-1.000,2.681e-04,0.731,0.906,0.992,1.025,1.029,1.033,1.046,1.049,1.054,
0.00024632,-1.80000,10.23045,0.7271041870,2.3902630806,0.658,1.618,3.9944,3.568,4,0.000,0.529,0.00,0.00,0.00,0.00,0.00,-1,-1e-30,0.00,7.513e-01,2.484e-01,4.560e-05,1.308e-05,1.151e-04,-1.000,2.681e-04,0.726,0.899,0.977,1.008,1.011,1.013,1.024,1.025,1.030,
0.00024632,-1.80000,10.23045,0.7271533608,2.3902845383,0.658,1.620,3.9914,3.554,4,0.000,0.529,0.00,0.00,0.00,0.00,0.00,-1,-1e-30,0.00,7.513e-01,2.484e-01,4.560e-05,1.308e-05,1.151e-04,-1.000,2.681e-04,0.720,0.889,0.959,0.988,0.989,0.990,0.997,0.997,1.001,
0.00024632,-1.80000,10.23045,0.7272030115,2.3903062344,0.658,1.623,3.9880,3.537,4,0.000,0.529,0.00,0.00,0.00,0.00,0.00,-1,-1e-30,0.00,7.513e-01,2.484e-01,4.560e-05,1.308e-05,1.151e-04,-1.000,2.681e-04,0.713,0.879,0.939,0.965,0.965,0.964,0.966,0.965,0.968,
0.00024632,-1.80000,10.23045,0.7272515297,2.3903272152,0.658,1.626,3.9843,3.520,4,0.000,0.529,0.00,0.00,0.00,0.00,0.00,-1,-1e-30,0.00,7.513e-01,2.484e-01,4.560e-05,1.308e-05,1.151e-04,-1.000,2.681e-04,0.706,0.869,0.918,0.941,0.939,0.936,0.933,0.931,0.933,
0.00024632,-1.80000,10.23045,0.7272571325,2.3903298378,0.658,1.626,3.9838,3.518,4,0.000,0.529,0.00,0.00,0.00,0.00,0.00,-1,-1e-30,0.00,7.513e-01,2.484e-01,4.560e-05,1.308e-05,1.151e-04,-1.000,2.681e-04,0.705,0.868,0.916,0.938,0.936,0.932,0.930,0.927,0.929,
0.00024632,-1.80000,10.23045,0.7273047566,2.3903505802,0.658,1.630,3.9796,3.497,4,0.000,0.529,0.00,0.00,0.00,0.00,0.00,-1,-1e-30,0.00,7.513e-01,2.484e-01,4.560e-05,1.308e-05,1.151e-04,-1.000,2.681e-04,0.696,0.856,0.891,0.910,0.906,0.900,0.891,0.887,0.888,
0.00024632,-1.80000,10.23045,0.7273541093,2.3903720379,0.658,1.634,3.9748,3.474,4,0.000,0.529,0.00,0.00,0.00,0.00,0.00,-1,-1e-30,0.00,7.513e-01,2.484e-01,4.560e-05,1.308e-05,1.151e-04,-1.000,2.681e-04,0.686,0.845,0.866,0.879,0.873,0.864,0.849,0.842,0.842,
0.00024632,-1.80000,10.23045,0.7274029851,2.3903932571,0.658,1.638,3.9698,3.449,4,0.000,0.529,0.00,0.00,0.00,0.00,0.00,-1,-1e-30,0.00,7.513e-01,2.484e-01,4.560e-05,1.308e-05,1.151e-04,-1.000,2.681e-04,0.675,0.832,0.839,0.847,0.838,0.825,0.804,0.795,0.793,
0.00024632,-1.80000,10.23045,0.7274566293,2.3904166222,0.658,1.643,3.9638,3.420,4,0.000,0.529,0.00,0.00,0.00,0.00,0.00,-1,-1e-30,0.00,7.513e-01,2.484e-01,4.560e-05,1.308e-05,1.151e-04,-1.000,2.681e-04,0.662,0.819,0.810,0.811,0.798,0.781,0.751,0.739,0.736,
0.00024632,-1.80000,10.23045,0.7275083661,2.3904390335,0.658,1.649,3.9575,3.390,4,0.000,0.529,0.00,0.00,0.00,0.00,0.00,-1,-1e-30,0.00,7.513e-01,2.484e-01,4.560e-05,1.308e-05,1.151e-04,-1.000,2.681e-04,0.648,0.805,0.780,0.774,0.757,0.735,0.696,0.680,0.676,
0.00024632,-1.80000,10.23045,0.7275577188,2.3904604912,0.658,1.654,3.9511,3.359,4,0.000,0.529,0.00,0.00,0.00,0.00,0.00,-1,-1e-30,0.00,7.513e-01,2.484e-01,4.560e-05,1.308e-05,1.151e-04,-1.000,2.681e-04,0.634,0.792,0.751,0.738,0.716,0.688,0.640,0.620,0.614,
0.00024632,-1.80000,10.23045,0.7276079059,2.3904824257,0.659,1.660,3.9443,3.326,4,0.000,0.529,0.00,0.00,0.00,0.00,0.00,-1,-1e-30,0.00,7.513e-01,2.484e-01,4.560e-05,1.308e-05,1.151e-04,-1.000,2.681e-04,0.620,0.780,0.724,0.702,0.674,0.639,0.582,0.556,0.549,
0.00024632,-1.80000,10.23045,0.7276178598,2.3904867172,0.659,1.661,3.9430,3.319,4,0.000,0.529,0.00,0.00,0.00,0.00,0.00,-1,-1e-30,0.00,7.513e-01,2.484e-01,4.560e-05,1.308e-05,1.151e-04,-1.000,2.681e-04,0.617,0.777,0.719,0.694,0.666,0.630,0.570,0.544,0.536,
0.00024632,-1.80000,10.23045,0.7276383638,2.3904955387,0.659,1.664,3.9402,3.305,4,0.000,0.529,0.00,0.00,0.00,0.00,0.00,-1,-1e-30,0.00,7.513e-01,2.484e-01,4.560e-05,1.308e-05,1.151e-04,-1.000,2.681e-04,0.611,0.772,0.707,0.679,0.648,0.610,0.546,0.517,0.509,
0.00024632,-1.80000,10.23045,0.7276903391,2.3905181885,0.659,1.670,3.9331,3.271,4,0.000,0.529,0.00,0.00,0.00,0.00,0.00,-1,-1e-30,0.00,7.513e-01,2.484e-01,4.560e-05,1.308e-05,1.151e-04,-1.000,2.682e-04,0.595,0.761,0.683,0.645,0.607,0.561,0.485,0.451,0.441,
0.00024632,-1.80000,10.23045,0.7277400494,2.3905398846,0.659,1.676,3.9261,3.237,4,0.000,0.529,0.00,0.00,0.00,0.00,0.00,-1,-1e-30,0.00,7.513e-01,2.484e-01,4.560e-05,1.308e-05,1.151e-04,-1.000,2.681e-04,0.580,0.751,0.662,0.613,0.567,0.513,0.426,0.384,0.373,
0.00024632,-1.80000,10.23045,0.7277887464,2.3905611038,0.659,1.683,3.9188,3.201,4,0.000,0.529,0.00,0.00,0.00,0.00,0.00,-1,-1e-30,0.00,7.513e-01,2.484e-01,4.560e-05,1.308e-05,1.151e-04,-1.000,2.682e-04,0.564,0.740,0.644,0.582,0.528,0.463,0.364,0.315,0.302,
0.00024632,-1.80000,10.23045,0.7278387547,2.3905827999,0.659,1.689,3.9111,3.164,4,0.000,0.529,0.00,0.00,0.00,0.00,0.00,-1,-1e-30,0.00,7.513e-01,2.484e-01,4.560e-05,1.308e-05,1.151e-04,-1.000,2.681e-04,0.547,0.730,0.628,0.553,0.488,0.412,0.300,0.242,0.228,
0.00024632,-1.80000,10.23045,0.7278878689,2.3906040192,0.659,1.697,3.9030,3.124,4,0.000,0.529,0.00,0.00,0.00,0.00,0.00,-1,-1e-30,0.00,7.513e-01,2.484e-01,4.560e-05,1.308e-05,1.151e-04,-1.000,2.681e-04,0.528,0.721,0.617,0.524,0.447,0.359,0.232,0.163,0.148,
0.00024632,-1.80000,10.23045,0.7279367447,2.3906254768,0.659,1.703,3.8957,3.088,4,0.000,0.529,0.00,0.00,0.00,0.00,0.00,-1,-1e-30,0.00,7.513e-01,2.484e-01,4.560e-05,1.308e-05,1.151e-04,-1.000,2.681e-04,0.512,0.713,0.610,0.500,0.411,0.312,0.171,0.093,0.076,
0.00024632,-1.80000,10.23045,0.7279867530,2.3906471729,0.659,1.710,3.8884,3.052,4,0.000,0.529,0.00,0.00,0.00,0.00,0.00,-1,-1e-30,0.00,7.513e-01,2.484e-01,4.560e-05,1.308e-05,1.151e-04,-1.000,2.681e-04,0.494,0.706,0.607,0.478,0.376,0.266,0.110,0.021,0.004,
0.00024632,-1.80000,10.23045,0.7280364633,2.3906686306,0.659,1.717,3.8815,3.018,4,0.000,0.529,0.00,0.00,0.00,0.00,0.00,-1,-1e-30,0.00,7.513e-01,2.484e-01,4.560e-05,1.308e-05,1.151e-04,-1.000,2.681e-04,0.477,0.699,0.608,0.460,0.345,0.222,0.052,-0.048,-0.065,
0.00024632,-1.80000,10.23045,0.7280852795,2.3906898499,0.659,1.724,3.8748,2.984,4,0.000,0.529,0.00,0.00,0.00,0.00,0.00,-1,-1e-30,0.00,7.513e-01,2.484e-01,4.560e-05,1.308e-05,1.151e-04,-1.000,2.681e-04,0.460,0.691,0.610,0.442,0.314,0.180,-0.004,-0.115,-0.134,
0.00024632,-1.80000,10.23045,0.7281367183,2.3907122612,0.659,1.734,3.8661,2.940,4,0.000,0.529,0.00,0.00,0.00,0.00,0.00,-1,-1e-30,0.00,7.513e-01,2.484e-01,4.560e-05,1.308e-05,1.151e-04,-1.000,2.681e-04,0.435,0.680,0.612,0.421,0.276,0.125,-0.076,-0.203,-0.223,
0.00024632,-1.80000,10.23045,0.7281869650,2.3907339573,0.659,1.744,3.8566,2.891,4,0.000,0.529,0.00,0.00,0.00,0.00,0.00,-1,-1e-30,0.00,7.513e-01,2.484e-01,4.560e-05,1.308e-05,1.151e-04,-1.000,2.681e-04,0.409,0.669,0.616,0.400,0.236,0.067,-0.155,-0.300,-0.321,
0.00024632,-1.80000,10.23045,0.7282277942,2.3907518387,0.659,1.757,3.8460,2.836,4,0.000,0.529,0.00,0.00,0.00,0.00,0.00,-1,-1e-30,0.00,7.513e-01,2.484e-01,4.560e-05,1.308e-05,1.151e-04,-1.000,2.681e-04,0.377,0.655,0.620,0.378,0.192,0.003,-0.243,-0.410,-0.432,
0.00024632,-1.80000,10.23045,0.7282535434,2.3907630444,0.659,1.775,3.8350,2.774,4,0.000,0.529,0.00,0.00,0.00,0.00,0.00,-1,-1e-30,0.00,7.513e-01,2.484e-01,4.560e-05,1.308e-05,1.151e-04,-1.000,2.681e-04,0.332,0.633,0.615,0.344,0.137,-0.073,-0.344,-0.535,-0.558,
0.00024632,-1.80000,10.23045,0.7282673120,2.3907690048,0.659,1.790,3.8247,2.717,4,0.000,0.529,0.00,0.00,0.00,0.00,0.00,-1,-1e-30,0.00,7.513e-01,2.484e-01,4.560e-05,1.308e-05,1.151e-04,-1.000,2.681e-04,0.294,0.618,0.617,0.318,0.090,-0.140,-0.435,-0.649,-0.674,
0.00024632,-1.80000,10.23045,0.7282747626,2.3907721043,0.659,1.803,3.8151,2.667,4,0.000,0.529,0.00,0.00,0.00,0.00,0.00,-1,-1e-30,0.00,7.513e-01,2.484e-01,4.560e-05,1.308e-05,1.151e-04,-1.000,2.681e-04,0.263,0.611,0.623,0.299,0.052,-0.196,-0.514,-0.749,-0.776,
0.00024632,-1.80000,10.23045,0.7282795310,2.3907742500,0.659,1.814,3.8058,2.618,4,0.000,0.529,0.00,0.00,0.00,0.00,0.00,-1,-1e-30,0.00,7.513e-01,2.484e-01,4.560e-05,1.308e-05,1.151e-04,-1.000,2.681e-04,0.234,0.609,0.637,0.284,0.018,-0.247,-0.588,-0.844,-0.873,
0.00024632,-1.80000,10.23045,0.7282823324,2.3907754421,0.659,1.823,3.7980,2.578,4,0.000,0.529,0.00,0.00,0.00,0.00,0.00,-1,-1e-30,0.00,7.513e-01,2.484e-01,4.560e-05,1.308e-05,1.151e-04,-1.000,2.683e-04,0.212,0.611,0.652,0.276,-0.007,-0.287,-0.647,-0.921,-0.953,
0.00024632,-1.80000,10.23045,0.7282850146,2.3907766342,0.659,1.833,3.7881,2.528,4,0.000,0.529,0.00,0.00,0.00,0.00,0.00,-1,-1e-30,0.00,7.513e-01,2.484e-01,4.560e-05,1.308e-05,1.151e-04,-1.000,2.681e-04,0.187,0.619,0.675,0.268,-0.036,-0.334,-0.720,-1.016,-1.051,
0.00024632,-1.80000,10.23045,0.7282871008,2.3907775879,0.659,1.844,3.7782,2.477,4,0.000,0.529,0.00,0.00,0.00,0.00,0.00,-1,-1e-30,0.00,7.513e-01,2.484e-01,4.560e-05,1.308e-05,1.151e-04,-1.000,2.681e-04,0.159,0.629,0.698,0.259,-0.065,-0.381,-0.793,-1.113,-1.152,
0.00024632,-1.80000,10.23045,0.7282891870,2.3907785416,0.659,1.858,3.7679,2.423,4,0.000,0.529,0.00,0.00,0.00,0.00,0.00,-1,-1e-30,0.00,7.513e-01,2.484e-01,4.560e-05,1.308e-05,1.151e-04,-1.000,2.682e-04,0.126,0.647,0.719,0.246,-0.099,-0.435,-0.873,-1.220,-1.262,
0.00024632,-1.80000,10.23045,0.7282911539,2.3907792568,0.659,1.876,3.7575,2.363,4,0.000,0.529,0.00,0.00,0.00,0.00,0.00,-1,-1e-30,0.00,7.513e-01,2.484e-01,4.560e-05,1.308e-05,1.151e-04,-1.000,2.681e-04,0.081,0.655,0.730,0.222,-0.144,-0.499,-0.964,-1.334,-1.382,
0.00024632,-1.80000,10.23045,0.7282930613,2.3907802105,0.659,1.900,3.7482,2.302,4,0.000,0.529,0.00,0.00,0.00,0.00,0.00,-1,-1e-30,0.00,7.513e-01,2.484e-01,4.560e-05,1.308e-05,1.151e-04,-1.000,2.681e-04,0.020,0.649,0.721,0.180,-0.205,-0.576,-1.065,-1.456,-1.510,
0.00024632,-1.80000,10.23045,0.7282944918,2.3907806873,0.659,1.928,3.7408,2.244,4,0.000,0.529,0.00,0.00,0.00,0.00,0.00,-1,-1e-30,0.00,7.513e-01,2.484e-01,4.560e-05,1.308e-05,1.151e-04,-1.000,2.681e-04,-0.049,0.628,0.694,0.127,-0.273,-0.657,-1.165,-1.572,-1.630,
0.00024632,-1.80000,10.23045,0.7282956243,2.3907811642,0.659,1.958,3.7346,2.189,4,0.000,0.529,0.00,0.00,0.00,0.00,0.00,-1,-1e-30,0.00,7.513e-01,2.484e-01,4.560e-05,1.308e-05,1.151e-04,-1.000,2.681e-04,-0.125,0.603,0.655,0.064,-0.348,-0.743,-1.268,-1.688,-1.749,
0.00024632,-1.80000,10.23045,0.7282956839,2.3907811642,0.659,1.962,3.7340,2.184,7,0.000,0.529,0.00,0.00,0.00,0.00,0.00,-1,-1e-30,0.00,7.513e-01,2.484e-01,4.560e-05,1.308e-05,1.151e-04,-1.000,2.681e-04,-0.134,0.600,0.650,0.056,-0.357,-0.753,-1.279,-1.700,-1.762,
0.00024632,-1.80000,10.23045,0.7282965183,2.3907816410,0.659,1.994,3.7294,2.133,7,0.000,0.529,0.00,0.00,0.00,0.00,0.00,-1,-1e-30,0.00,7.513e-01,2.484e-01,4.560e-05,1.308e-05,1.151e-04,-1.000,2.681e-04,-0.215,0.560,0.597,-0.014,-0.437,-0.841,-1.379,-1.811,-1.876,
0.00024632,-1.80000,10.23045,0.7282974720,2.3907821178,0.659,2.029,3.7250,2.080,7,0.000,0.529,0.00,0.00,0.00,0.00,0.00,-1,-1e-30,0.00,7.513e-01,2.484e-01,4.560e-05,1.308e-05,1.151e-04,-1.000,2.681e-04,-0.304,0.514,0.536,-0.093,-0.525,-0.936,-1.487,-1.928,-1.995,
0.00024632,-1.80000,10.23045,0.7282983661,2.3907823563,0.659,2.060,3.7217,2.035,7,0.000,0.529,0.00,0.00,0.00,0.00,0.00,-1,-1e-30,0.00,7.513e-01,2.484e-01,4.560e-05,1.308e-05,1.151e-04,-1.000,2.682e-04,-0.381,0.469,0.480,-0.163,-0.601,-1.019,-1.578,-2.027,-2.096,
0.00024632,-1.80000,10.23045,0.7282992601,2.3907828331,0.659,2.079,3.7199,2.010,7,0.000,0.529,0.00,0.00,0.00,0.00,0.00,-1,-1e-30,0.00,7.513e-01,2.484e-01,4.560e-05,1.308e-05,1.151e-04,-1.000,2.681e-04,-0.427,0.441,0.446,-0.204,-0.646,-1.067,-1.631,-2.084,-2.153,
0.00024632,-1.80000,10.23045,0.7283005714,2.3907833099,0.659,2.091,3.7189,1.993,7,0.000,0.529,0.00,0.00,0.00,0.00,0.00,-1,-1e-30,0.00,7.513e-01,2.484e-01,4.560e-05,1.308e-05,1.151e-04,-1.000,2.681e-04,-0.458,0.422,0.422,-0.233,-0.677,-1.100,-1.666,-2.122,-2.192,
0.00024632,-1.80000,10.23045,0.7283030152,2.3907845020,0.659,2.091,3.7190,1.994,7,0.000,0.529,0.00,0.00,0.00,0.00,0.00,-1,-1e-30,0.00,7.513e-01,2.484e-01,4.560e-05,1.308e-05,1.151e-04,-1.000,2.681e-04,-0.458,0.421,0.422,-0.233,-0.677,-1.099,-1.666,-2.121,-2.191,
0.00024632,-1.80000,10.23045,0.7283064723,2.3907859325,0.659,2.085,3.7195,2.002,7,0.000,0.529,0.00,0.00,0.00,0.00,0.00,-1,-1e-30,0.00,7.513e-01,2.484e-01,4.560e-05,1.308e-05,1.151e-04,-1.000,2.681e-04,-0.443,0.430,0.433,-0.220,-0.663,-1.084,-1.649,-2.104,-2.173,
0.00024632,-1.80000,10.23045,0.7283337712,2.3907978535,0.659,2.107,3.7167,1.969,7,0.000,0.529,0.00,0.00,0.00,0.00,0.00,-1,-1e-30,0.00,7.513e-01,2.484e-01,4.560e-05,1.308e-05,1.151e-04,-1.000,2.682e-04,-0.497,0.408,0.398,-0.267,-0.716,-1.142,-1.715,-2.176,-2.247,
0.00024632,-1.80000,10.23045,0.7283515334,2.3908054829,0.659,2.141,3.7134,1.922,7,0.000,0.529,0.00,0.00,0.00,0.00,0.00,-1,-1e-30,0.00,7.513e-01,2.484e-01,4.560e-05,1.308e-05,1.151e-04,-1.000,2.681e-04,-0.582,0.365,0.338,-0.342,-0.799,-1.232,-1.814,-2.282,-2.355,
0.00024632,-1.80000,10.23045,0.7283719182,2.3908143044,0.659,2.187,3.7094,1.860,7,0.000,0.529,0.00,0.00,0.00,0.00,0.00,-1,-1e-30,0.00,7.513e-01,2.484e-01,4.560e-05,1.308e-05,1.151e-04,-1.000,2.681e-04,-0.697,0.301,0.254,-0.446,-0.912,-1.352,-1.946,-2.424,-2.498,
0.00024632,-1.80000,10.23045,0.7283919454,2.3908231258,0.659,2.230,3.7060,1.803,7,0.000,0.529,0.00,0.00,0.00,0.00,0.00,-1,-1e-30,0.00,7.513e-01,2.484e-01,4.560e-05,1.308e-05,1.151e-04,-1.000,2.681e-04,-0.806,0.240,0.172,-0.545,-1.019,-1.465,-2.070,-2.556,-2.632,
0.00024632,-1.80000,10.23045,0.7284098268,2.3908307552,0.659,2.273,3.7029,1.748,7,0.000,0.529,0.00,0.00,0.00,0.00,0.00,-1,-1e-30,0.00,7.513e-01,2.484e-01,4.560e-05,1.308e-05,1.151e-04,-1.000,2.682e-04,-0.912,0.179,0.092,-0.641,-1.122,-1.575,-2.189,-2.682,-2.761,
0.00024632,-1.80000,10.23045,0.7284254432,2.3908376694,0.659,2.314,3.7000,1.695,7,0.000,0.529,0.00,0.00,0.00,0.00,0.00,-1,-1e-30,0.00,7.514e-01,2.484e-01,4.560e-05,1.308e-05,1.151e-04,-1.000,2.682e-04,-1.015,0.118,0.013,-0.736,-1.224,-1.682,-2.305,-2.806,-2.886,
0.00024632,-1.80000,10.23045,0.7284392118,2.3908436298,0.659,2.356,3.6971,1.642,7,0.000,0.529,0.00,0.00,0.00,0.00,0.00,-1,-1e-30,0.00,7.514e-01,2.483e-01,4.559e-05,1.308e-05,1.151e-04,-1.000,2.682e-04,-1.119,0.060,-0.065,-0.829,-1.324,-1.788,-2.420,-2.929,-3.010,
0.00024632,-1.80000,10.23045,0.7284512520,2.3908486366,0.659,2.396,3.6944,1.591,7,0.000,0.529,0.00,0.00,0.00,0.00,0.00,-1,-1e-30,0.00,7.514e-01,2.483e-01,4.554e-05,1.310e-05,1.151e-04,-1.000,2.682e-04,-1.221,0.003,-0.142,-0.921,-1.423,-1.892,-2.533,-3.049,-3.132,
0.00024632,-1.80000,10.23045,0.7284619212,2.3908534050,0.659,2.437,3.6917,1.539,7,0.000,0.526,0.00,0.00,0.00,0.00,0.00,-1,-1e-30,0.00,7.514e-01,2.483e-01,4.535e-05,1.318e-05,1.151e-04,-1.000,2.605e-04,-1.322,-0.054,-0.218,-1.013,-1.521,-1.996,-2.645,-3.169,-3.253,
0.00024632,-1.80000,10.23045,0.7284716368,2.3908576965,0.659,2.478,3.6890,1.488,7,0.000,0.520,0.00,0.00,0.00,0.00,0.00,-1,-1e-30,0.00,7.514e-01,2.483e-01,4.480e-05,1.358e-05,1.151e-04,-1.000,2.395e-04,-1.424,-0.110,-0.294,-1.105,-1.620,-2.100,-2.758,-3.289,-3.374,
0.00024632,-1.80000,10.23045,0.7284805775,2.3908615112,0.659,2.518,3.6863,1.436,7,0.000,0.506,7.21,5.70,4.03,3.14,2.53,3,-1e-30,0.00,7.514e-01,2.484e-01,4.369e-05,1.472e-05,1.151e-04,-1.000,2.422e-04,-1.526,-0.162,-0.368,-1.195,-1.717,-2.203,-2.871,-3.409,-3.495,
0.00024632,-1.80000,10.23045,0.7284888625,2.3908650875,0.659,2.559,3.6836,1.385,7,0.000,0.489,8.05,6.26,4.40,3.43,2.77,3,-1e-30,0.00,7.513e-01,2.484e-01,4.220e-05,1.646e-05,1.151e-04,-1.000,2.682e-04,-1.628,-0.191,-0.435,-1.287,-1.818,-2.309,-2.985,-3.530,-3.617,
0.00024632,-1.80000,10.23045,0.7284967303,2.3908684254,0.659,2.600,3.6809,1.333,7,0.000,0.472,8.99,6.87,4.81,3.76,3.04,2,-1e-30,0.00,7.513e-01,2.485e-01,4.074e-05,1.824e-05,1.151e-04,-1.000,2.681e-04,-1.729,-0.207,-0.497,-1.378,-1.918,-2.415,-3.100,-3.652,-3.738,
0.00024632,-1.80000,10.23045,0.7285040617,2.3908717632,0.659,2.640,3.6782,1.282,7,0.000,0.457,10.03,7.54,5.26,4.11,3.32,2,-1e-30,0.00,7.512e-01,2.486e-01,3.950e-05,1.976e-05,1.151e-04,-1.000,2.681e-04,-1.830,-0.214,-0.554,-1.466,-2.017,-2.520,-3.214,-3.773,-3.858,
0.00024632,-1.80000,10.23045,0.7285112739,2.3908748627,0.659,2.681,3.6755,1.230,7,0.000,0.444,11.22,8.29,5.75,4.50,3.64,2,-1e-30,0.00,7.511e-01,2.486e-01,3.842e-05,2.109e-05,1.151e-04,-1.000,2.682e-04,-1.934,-0.213,-0.609,-1.555,-2.118,-2.628,-3.330,-3.896,-3.981,
0.00024632,-1.80000,10.23045,0.7285180688,2.3908777237,0.659,2.722,3.6727,1.178,7,0.000,0.433,12.54,9.10,6.29,4.93,3.99,2,-1e-30,0.00,7.510e-01,2.488e-01,3.752e-05,2.219e-05,1.151e-04,-1.000,2.681e-04,-2.036,-0.203,-0.659,-1.642,-2.217,-2.734,-3.446,-4.019,-4.103,
0.00024632,-1.80000,10.23045,0.7285241485,2.3908803463,0.659,2.763,3.6700,1.126,7,0.000,0.424,14.02,10.00,6.88,5.40,4.37,2,-1e-30,0.00,7.508e-01,2.489e-01,3.673e-05,2.317e-05,1.151e-04,-1.000,2.652e-04,-2.138,-0.185,-0.705,-1.728,-2.317,-2.841,-3.562,-4.142,-4.226,
0.00024632,-1.80000,10.23045,0.7285290360,2.3908824921,0.660,2.803,3.6673,1.076,7,0.000,0.416,15.61,10.94,7.50,5.90,4.77,2,-1e-30,0.00,7.507e-01,2.491e-01,3.605e-05,2.400e-05,1.150e-04,-1.000,2.372e-04,-2.236,-0.158,-0.744,-1.808,-2.411,-2.942,-3.673,-4.260,-4.343,
0.00024632,-1.80000,10.23045,0.7285330892,2.3908841610,0.660,2.842,3.6646,1.026,7,0.000,0.410,17.37,11.98,8.18,6.44,5.21,1,-1e-30,0.00,7.506e-01,2.492e-01,3.546e-05,2.472e-05,1.150e-04,-1.000,2.449e-04,-2.334,-0.120,-0.779,-1.886,-2.504,-3.044,-3.784,-4.378,-4.460,
0.00024632,-1.80000,10.23045,0.7285364270,2.3908855915,0.660,2.880,3.6619,0.977,7,0.000,0.404,19.31,13.09,8.90,7.02,5.68,1,-1e-30,0.00,7.504e-01,2.493e-01,3.496e-05,2.534e-05,1.149e-04,-1.000,2.645e-04,-2.431,-0.069,-0.804,-1.960,-2.594,-3.143,-3.894,-4.494,-4.576,
0.00024632,-1.80000,10.23045,0.7285396457,2.3908870220,0.660,2.919,3.6591,0.927,7,0.000,0.400,21.48,14.33,9.70,7.66,6.20,1,-1e-30,0.00,7.502e-01,2.495e-01,3.455e-05,2.585e-05,1.148e-04,-1.000,2.661e-04,-2.528,0.000,-0.821,-2.030,-2.684,-3.243,-4.005,-4.612,-4.693,
0.00024632,-1.80000,10.23045,0.7285428643,2.3908884525,0.660,2.960,3.6562,0.874,7,0.000,0.396,24.03,15.74,10.62,8.39,6.80,1,-1e-30,0.00,7.501e-01,2.497e-01,3.423e-05,2.627e-05,1.147e-04,-1.000,2.619e-04,-2.629,0.043,-0.849,-2.103,-2.776,-3.345,-4.119,-4.734,-4.816,
0.00024632,-1.80000,10.23045,0.7285459042,2.3908898830,0.660,3.039,3.6504,0.772,7,0.000,0.391,29.94,18.95,12.68,10.05,8.14,1,-1e-30,0.00,7.496e-01,2.501e-01,3.371e-05,2.725e-05,1.141e-04,-1.000,2.620e-04,-2.828,0.087,-0.916,-2.246,-2.950,-3.540,-4.339,-4.971,-5.056,
0.00024632,-1.80000,10.23045,0.7285473347,2.3908903599,0.660,3.096,3.6462,0.698,7,0.000,0.388,35.06,21.65,14.39,11.43,9.26,1,-1e-30,0.00,7.493e-01,2.504e-01,3.335e-05,2.795e-05,1.137e-04,-1.000,2.671e-04,-2.969,0.123,-0.963,-2.345,-3.073,-3.678,-4.496,-5.141,-5.227,
0.00024632,-1.80000,10.23045,0.7285474539,2.3908905983,0.660,3.111,3.6450,0.678,7,0.000,0.387,36.61,22.45,14.90,11.84,9.60,1,-1e-30,0.00,7.492e-01,2.506e-01,3.310e-05,2.835e-05,1.135e-04,-1.000,2.677e-04,-3.007,0.136,-0.974,-2.370,-3.105,-3.714,-4.538,-5.187,-5.274,
0.00024632,-1.80000,10.23045,0.7285476923,2.3908905983,0.660,3.128,3.6436,0.656,7,0.000,0.386,38.42,23.38,15.49,12.32,9.98,1,-1e-30,0.00,7.491e-01,2.507e-01,3.293e-05,2.866e-05,1.133e-04,-1.000,2.682e-04,-3.050,0.151,-0.985,-2.398,-3.141,-3.755,-4.585,-5.238,-5.326,
0.00024632,-1.80000,10.23045,0.7285480499,2.3908908367,0.660,3.163,3.6409,0.610,7,0.000,0.383,42.35,25.39,16.76,13.34,10.81,1,-1e-30,0.00,7.489e-01,2.509e-01,3.265e-05,2.923e-05,1.130e-04,-1.000,2.681e-04,-3.137,0.182,-1.008,-2.456,-3.214,-3.839,-4.681,-5.343,-5.432,
0.00024632,-1.80000,10.23045,0.7285487056,2.3908910751,0.660,3.202,3.6379,0.558,7,0.000,0.382,47.34,27.89,18.33,14.61,11.85,1,-1e-30,0.00,7.486e-01,2.511e-01,3.238e-05,2.984e-05,1.126e-04,-1.000,2.683e-04,-3.236,0.223,-1.029,-2.518,-3.296,-3.932,-4.790,-5.462,-5.552,
0.00024632,-1.80000,10.23045,0.7285489440,2.3908910751,0.660,3.212,3.6371,0.546,7,0.549,0.381,48.60,28.51,18.72,14.93,12.11,1,-1e-30,0.00,7.486e-01,2.511e-01,3.233e-05,2.998e-05,1.125e-04,-1.000,2.682e-04,-3.259,0.232,-1.034,-2.533,-3.315,-3.955,-4.815,-5.490,-5.581,
0.00024632,-1.80000,10.23045,0.7285490632,2.3908910751,0.660,3.217,3.6367,0.539,7,0.521,0.381,49.32,28.87,18.94,15.11,12.25,1,-1e-30,0.00,7.486e-01,2.512e-01,3.229e-05,3.006e-05,1.124e-04,-1.000,2.683e-04,-3.273,0.237,-1.038,-2.541,-3.326,-3.967,-4.830,-5.506,-5.597,
0.00024632,-1.80000,10.23045,0.7285491228,2.3908913136,0.659,3.216,3.6342,0.530,8,0.521,0.393,50.31,29.36,19.25,15.36,12.46,1,-4.99e-07,0.00,7.463e-01,2.534e-01,3.363e-05,3.073e-05,1.142e-04,-1.000,2.684e-04,-3.270,0.324,-0.986,-2.512,-3.309,-3.958,-4.833,-5.519,-5.612,
0.00024632,-1.80000,10.23045,0.7285491824,2.3908913136,0.658,2.988,3.6513,0.825,8,0.521,0.392,26.68,17.19,11.55,9.14,7.40,1,-1.88e-07,0.00,7.463e-01,2.534e-01,3.363e-05,3.073e-05,1.142e-04,-1.000,2.684e-04,-2.700,0.146,-0.823,-2.130,-2.826,-3.411,-4.206,-4.837,-4.921,
0.00024632,-1.80000,10.23045,0.7285493016,2.3908913136,0.656,2.824,3.6635,1.037,8,0.521,0.392,16.93,11.71,8.01,6.30,5.10,1,-9.78e-08,0.00,7.463e-01,2.534e-01,3.363e-05,3.073e-05,1.142e-04,-1.000,2.684e-04,-2.289,-0.035,-0.713,-1.833,-2.456,-2.998,-3.743,-4.340,-4.422,
0.00024632,-1.80000,10.23045,0.7285494804,2.3908913136,0.652,2.628,3.6780,1.288,8,0.521,0.392,9.87,7.44,5.19,4.06,3.28,2,-4.79e-08,0.00,7.463e-01,2.534e-01,3.363e-05,3.073e-05,1.142e-04,-1.000,2.684e-04,-1.801,-0.178,-0.521,-1.436,-1.987,-2.491,-3.185,-3.745,-3.831,
0.00024632,-1.80000,10.23045,0.7285497785,2.3908915520,0.647,2.633,3.6775,1.278,8,0.521,0.392,10.07,7.56,5.27,4.12,3.33,2,-4.93e-08,0.00,7.463e-01,2.534e-01,3.363e-05,3.073e-05,1.142e-04,-1.000,2.684e-04,-1.813,-0.173,-0.526,-1.446,-1.999,-2.504,-3.200,-3.761,-3.846,
0.00024632,-1.80000,10.23045,0.7285501361,2.3908915520,0.641,2.733,3.6699,1.143,8,0.521,0.392,13.40,9.62,6.63,5.21,4.21,2,-7.22e-08,0.00,7.463e-01,2.534e-01,3.363e-05,3.073e-05,1.142e-04,-1.000,2.684e-04,-2.063,-0.117,-0.632,-1.653,-2.242,-2.766,-3.487,-4.067,-4.150,
0.00024632,-1.80000,10.23045,0.7285505533,2.3908917904,0.633,2.918,3.6560,0.897,8,0.522,0.392,22.65,14.95,10.09,7.98,6.46,1,-1.53e-07,0.00,7.463e-01,2.534e-01,3.363e-05,3.073e-05,1.142e-04,-1.000,2.684e-04,-2.525,0.133,-0.750,-2.000,-2.671,-3.240,-4.014,-4.631,-4.713,
0.00024632,-1.80000,10.23045,0.7285510898,2.3908920288,0.624,3.079,3.6439,0.682,8,0.522,0.392,35.89,21.98,14.59,11.61,9.41,1,-3.08e-07,0.00,7.463e-01,2.534e-01,3.363e-05,3.073e-05,1.142e-04,-1.000,2.685e-04,-2.927,0.242,-0.878,-2.281,-3.020,-3.632,-4.460,-5.113,-5.201,
0.00024632,-1.80000,10.23045,0.7285516858,2.3908922672,0.614,3.184,3.6358,0.537,8,0.522,0.392,48.88,28.45,18.65,14.91,12.09,1,-5.07e-07,0.00,7.463e-01,2.534e-01,3.363e-05,3.073e-05,1.142e-04,-1.000,2.684e-04,-3.191,0.347,-0.940,-2.451,-3.240,-3.883,-4.751,-5.430,-5.522,
0.00024632,-1.80000,10.23045,0.7285523415,2.3908925056,0.603,3.242,3.6314,0.454,8,0.523,0.392,58.30,32.91,21.43,17.18,13.93,1,-6.82e-07,0.00,7.463e-01,2.534e-01,3.363e-05,3.073e-05,1.142e-04,-1.000,2.684e-04,-3.335,0.421,-0.959,-2.534,-3.355,-4.018,-4.909,-5.602,-5.697,
0.00024632,-1.80000,10.23045,0.7285530567,2.3908929825,0.591,3.270,3.6291,0.408,8,0.523,0.392,64.20,35.59,23.08,18.54,15.03,1,-8.1e-07,0.00,7.463e-01,2.534e-01,3.363e-05,3.073e-05,1.142e-04,-1.000,2.684e-04,-3.405,0.469,-0.958,-2.569,-3.409,-4.084,-4.988,-5.688,-5.784,
0.00024632,-1.80000,10.23045,0.7285538316,2.3908932209,0.578,3.286,3.6276,0.376,8,0.524,0.392,68.49,37.47,24.23,19.49,15.80,1,-9.16e-07,0.00,7.463e-01,2.534e-01,3.363e-05,3.073e-05,1.142e-04,-1.000,2.684e-04,-3.446,0.506,-0.952,-2.586,-3.439,-4.121,-5.033,-5.738,-5.835,
0.00024632,-1.80000,10.23045,0.7285561562,2.3908941746,0.524,-9.999,4.0000,1.892,9,0.524,0.000,0.00,0.00,0.00,0.00,0.00,-1,-1e-30,0.00,7.463e-01,2.534e-01,3.363e-05,3.073e-05,1.142e-04,-1.000,2.684e-04,29.767,29.819,30.063,30.105,30.091,30.078,30.111,30.103,30.116,
