Zini,MH,logAge,Mini,int_IMF,Mass,logL,logTe,logg,label,McoreTP,C_O,period0,period1,period2,period3,period4,pmode,Mloss,tau1m,X,Y,Xc,Xn,Xo,Cexcess,Z,mbolmag,Gmag,G_BPbrmag,G_BPftmag,G_RPmag
0.0013794,-1.05000,10.07918,0.0900000036,1.0816895962,0.090,-3.232,3.4473,5.365,1,0.000,0.545,0.00,0.00,0.00,0.00,0.00,-1,-4.08e-17,0.00,7.454e-01,2.532e-01,2.632e-04,7.102e-05,6.441e-04,-1.000,1.464e-03,12.849,14.067,16.456,16.497,12.725
0.0013794,-1.05000,10.07918,0.0974611938,1.1495419741,0.097,-3.048,3.4733,5.320,1,0.000,0.545,0.00,0.00,0.00,0.00,0.00,-1,-6.8e-17,0.00,7.444e-01,2.541e-01,2.632e-04,7.102e-05,6.441e-04,-1.000,1.464e-03,12.390,13.418,15.322,15.365,12.161
0.0013794,-1.05000,10.07918,0.1000000089,1.1711064577,0.100,-2.989,3.4817,5.305,1,0.000,0.545,0.00,0.00,0.00,0.00,0.00,-1,-9.08e-17,0.00,7.441e-01,2.544e-01,2.632e-04,7.102e-05,6.441e-04,-1.000,1.464e-03,12.242,13.208,14.973,15.018,11.981
0.0013794,-1.05000,10.07918,0.1199999973,1.3193154335,0.120,-2.707,3.5149,5.235,1,0.000,0.545,0.00,0.00,0.00,0.00,0.00,-1,-1.72e-16,0.00,7.420e-01,2.565e-01,2.632e-04,7.102e-05,6.442e-04,-1.000,1.464e-03,11.537,12.267,13.598,13.646,11.165
0.0013794,-1.05000,10.07918,0.1400000006,1.4384527206,0.140,-2.523,3.5323,5.188,1,0.000,0.545,0.00,0.00,0.00,0.00,0.00,-1,-2.57e-16,0.00,7.404e-01,2.582e-01,2.632e-04,7.102e-05,6.442e-04,-1.000,1.464e-03,11.076,11.696,12.867,12.916,10.653
0.0013794,-1.05000,10.07918,0.1599999964,1.5372931957,0.160,-2.382,3.5433,5.149,1,0.000,0.545,0.00,0.00,0.00,0.00,0.00,-1,-3.48e-16,0.00,7.391e-01,2.594e-01,2.632e-04,7.102e-05,6.442e-04,-1.000,1.464e-03,10.724,11.280,12.370,12.418,10.270
0.0013794,-1.05000,10.07918,0.2000000179,1.6938792467,0.200,-2.161,3.5578,5.083,1,0.000,0.545,0.00,0.00,0.00,0.00,0.00,-1,-5.58e-16,0.00,7.377e-01,2.609e-01,2.632e-04,7.102e-05,6.442e-04,-1.000,1.464e-03,10.172,10.649,11.646,11.694,9.682
0.0013794,-1.05000,10.07918,0.2500000000,1.8403258324,0.250,-1.955,3.5693,5.020,1,0.000,0.545,0.00,0.00,0.00,0.00,0.00,-1,-2.4e-16,0.00,7.373e-01,2.612e-01,2.632e-04,7.102e-05,6.442e-04,-1.000,1.464e-03,9.658,10.079,11.012,11.060,9.144
0.0013794,-1.05000,10.07918,0.3000000715,1.9529141188,0.300,-1.797,3.5779,4.976,1,0.000,0.545,0.00,0.00,0.00,0.00,0.00,-1,-2.57e-18,0.00,7.375e-01,2.610e-01,2.632e-04,7.103e-05,6.442e-04,-1.000,1.464e-03,9.263,9.646,10.538,10.585,8.733
0.0013794,-1.05000,10.07918,0.3500000238,2.0434176922,0.350,-1.667,3.5852,4.942,1,0.000,0.545,0.00,0.00,0.00,0.00,0.00,-1,-1.42e-15,0.00,7.469e-01,2.516e-01,2.632e-04,7.102e-05,6.441e-04,-1.000,1.464e-03,8.937,9.290,10.149,10.196,8.395
0.0013794,-1.05000,10.07918,0.4000000358,2.1185026169,0.400,-1.514,3.5965,4.892,1,0.000,0.545,0.00,0.00,0.00,0.00,0.00,-1,-2.18e-15,0.00,7.475e-01,2.510e-01,2.632e-04,7.102e-05,6.441e-04,-1.000,1.464e-03,8.556,8.867,9.678,9.724,7.999
0.0013794,-1.05000,10.07918,0.4500000477,2.1822810173,0.450,-1.336,3.6136,4.834,1,0.000,0.545,0.00,0.00,0.00,0.00,0.00,-1,-3.31e-15,0.00,7.475e-01,2.510e-01,2.632e-04,7.102e-05,6.441e-04,-1.000,1.464e-03,8.111,8.364,9.106,9.151,7.537
0.0013794,-1.05000,10.07918,0.4999949038,2.2374489307,0.500,-1.134,3.6410,4.787,1,0.000,0.545,0.00,0.00,0.00,0.00,0.00,-1,-5.29e-15,0.00,7.475e-01,2.510e-01,2.632e-04,7.102e-05,6.441e-04,-1.000,1.464e-03,7.604,7.768,8.406,8.449,7.012
0.0013794,-1.05000,10.07918,0.5000000000,2.2374541759,0.500,-1.134,3.6410,4.786,1,0.000,0.545,0.00,0.00,0.00,0.00,0.00,-1,-5.29e-15,0.00,7.475e-01,2.510e-01,2.632e-04,7.102e-05,6.441e-04,-1.000,1.464e-03,7.604,7.768,8.406,8.449,7.012
0.0013794,-1.05000,10.07918,0.5500000715,2.2836585045,0.550,-0.909,3.6736,4.733,1,0.000,0.544,0.00,0.00,0.00,0.00,0.00,-1,-8.99e-15,0.00,7.817e-01,2.170e-01,2.302e-04,6.215e-05,5.640e-04,-1.000,1.274e-03,7.042,7.103,7.625,7.663,6.435
0.0013794,-1.05000,10.07918,0.6000000238,2.3211214542,0.600,-0.701,3.7036,4.683,1,0.000,0.544,0.00,0.00,0.00,0.00,0.00,-1,-1.47e-14,0.00,7.898e-01,2.089e-01,2.231e-04,6.027e-05,5.471e-04,-1.000,1.249e-03,6.523,6.510,6.950,6.982,5.913
0.0013794,-1.05000,10.07918,0.6060090661,2.3251478672,0.606,-0.676,3.7075,4.678,1,0.000,0.544,0.00,0.00,0.00,0.00,0.00,-1,-1.56e-14,0.00,7.909e-01,2.079e-01,2.222e-04,6.001e-05,5.448e-04,-1.000,1.252e-03,6.459,6.439,6.869,6.900,5.850
0.0013794,-1.05000,10.07918,0.6218854189,2.3353564739,0.622,-0.608,3.7179,4.663,1,0.000,0.544,0.00,0.00,0.00,0.00,0.00,-1,-1.83e-14,0.00,7.937e-01,2.050e-01,2.195e-04,5.931e-05,5.385e-04,-1.000,1.235e-03,6.290,6.254,6.660,6.689,5.687
0.0013794,-1.05000,10.07918,0.6366711259,2.3443391323,0.636,-0.545,3.7273,4.648,1,0.000,0.543,0.00,0.00,0.00,0.00,0.00,-1,-1.78e-14,0.00,7.965e-01,2.023e-01,2.170e-04,5.864e-05,5.325e-04,-1.000,1.246e-03,6.132,6.084,6.470,6.497,5.537
0.0013794,-1.05000,10.07918,0.6499999762,2.3520355225,0.650,-0.488,3.7357,4.633,1,0.000,0.543,0.00,0.00,0.00,0.00,0.00,-1,-2.44e-14,0.00,7.991e-01,1.998e-01,2.146e-04,5.801e-05,5.269e-04,-1.000,1.190e-03,5.989,5.933,6.302,6.327,5.402
0.0013794,-1.05000,10.07918,0.6567568183,2.3557999134,0.657,-0.459,3.7395,4.624,1,0.000,0.543,0.00,0.00,0.00,0.00,0.00,-1,-2.62e-14,0.00,8.006e-01,1.982e-01,2.133e-04,5.765e-05,5.236e-04,-1.000,1.178e-03,5.916,5.858,6.219,6.243,5.334
0.0013794,-1.05000,10.07918,0.6702272296,2.3630449772,0.670,-0.400,3.7470,4.604,1,0.000,0.543,0.00,0.00,0.00,0.00,0.00,-1,-3.04e-14,0.00,8.039e-01,1.949e-01,2.104e-04,5.689e-05,5.168e-04,-1.000,1.172e-03,5.770,5.707,6.053,6.076,5.199
0.0013794,-1.05000,10.07918,0.6826715469,2.3694469929,0.682,-0.345,3.7538,4.584,1,0.000,0.543,0.00,0.00,0.00,0.00,0.00,-1,-2.52e-14,0.00,8.071e-01,1.917e-01,2.076e-04,5.615e-05,5.102e-04,-1.000,1.164e-03,5.633,5.568,5.900,5.921,5.074
0.0013794,-1.05000,10.07918,0.6948624253,2.3754634857,0.695,-0.290,3.7602,4.563,1,0.000,0.542,0.00,0.00,0.00,0.00,0.00,-1,-7.03e-15,0.00,8.104e-01,1.885e-01,2.048e-04,5.541e-05,5.035e-04,-1.000,1.138e-03,5.495,5.429,5.748,5.767,4.949
0.0013794,-1.05000,10.07918,0.7000000477,2.3779268265,0.700,-0.267,3.7628,4.553,1,0.000,0.542,0.00,0.00,0.00,0.00,0.00,-1,-4.29e-14,0.00,8.118e-01,1.871e-01,2.036e-04,5.508e-05,5.007e-04,-1.000,1.166e-03,5.437,5.371,5.684,5.703,4.897
0.0013794,-1.05000,10.07918,0.7002598047,2.3780503273,0.700,-0.266,3.7629,4.552,1,0.000,0.542,0.00,0.00,0.00,0.00,0.00,-1,-4.31e-14,0.00,8.119e-01,1.870e-01,2.035e-04,5.506e-05,5.005e-04,-1.000,1.167e-03,5.434,5.368,5.681,5.700,4.894
0.0013794,-1.05000,10.07918,0.7091422677,2.3822090626,0.709,-0.224,3.7673,4.533,1,0.000,0.541,0.00,0.00,0.00,0.00,0.00,-1,-4.81e-14,0.00,8.149e-01,1.840e-01,2.005e-04,5.436e-05,4.944e-04,-1.000,1.117e-03,5.329,5.264,5.568,5.587,4.799
0.0013794,-1.05000,10.07918,0.7177638412,2.3861329556,0.717,-0.182,3.7714,4.514,1,0.000,0.539,0.00,0.00,0.00,0.00,0.00,-1,-5.38e-14,0.00,8.179e-01,1.810e-01,1.974e-04,5.366e-05,4.881e-04,-1.000,1.071e-03,5.226,5.160,5.457,5.474,4.705
0.0013794,-1.05000,10.07918,0.7260491848,2.3898026943,0.726,-0.141,3.7752,4.492,1,0.000,0.537,0.00,0.00,0.00,0.00,0.00,-1,-6.03e-14,0.00,8.210e-01,1.779e-01,1.943e-04,5.295e-05,4.819e-04,-1.000,1.091e-03,5.123,5.058,5.347,5.364,4.611
0.0013794,-1.05000,10.07918,0.7370356917,2.3945231438,0.737,-0.084,3.7800,4.462,1,0.000,0.536,0.00,0.00,0.00,0.00,0.00,-1,-4.42e-15,0.00,8.253e-01,1.736e-01,1.902e-04,5.196e-05,4.732e-04,-1.000,1.072e-03,4.981,4.918,5.197,5.213,4.481
0.0013794,-1.05000,10.07918,0.7473580241,2.3988127708,0.747,-0.028,3.7843,4.429,1,0.000,0.534,0.00,0.00,0.00,0.00,0.00,-1,-3.31e-14,0.00,8.296e-01,1.693e-01,1.860e-04,5.098e-05,4.646e-04,-1.000,1.071e-03,4.841,4.779,5.050,5.065,4.351
0.0013794,-1.05000,10.07918,0.7500000000,2.3998889923,0.750,-0.013,3.7853,4.419,1,0.000,0.533,0.00,0.00,0.00,0.00,0.00,-1,-8.65e-14,0.00,8.308e-01,1.682e-01,1.849e-04,5.072e-05,4.623e-04,-1.000,1.071e-03,4.803,4.742,5.011,5.026,4.316
0.0013794,-1.05000,10.07918,0.7537917495,2.4014184475,0.753,0.008,3.7867,4.405,1,0.000,0.533,0.00,0.00,0.00,0.00,0.00,-1,-9.21e-14,0.00,8.327e-01,1.663e-01,1.833e-04,5.028e-05,4.583e-04,-1.000,1.068e-03,4.750,4.688,4.955,4.970,4.266
0.0013794,-1.05000,10.07918,0.7616067529,2.4045152664,0.761,0.055,3.7893,4.373,1,0.000,0.533,0.00,0.00,0.00,0.00,0.00,-1,-1.06e-13,0.00,8.365e-01,1.624e-01,1.800e-04,4.939e-05,4.504e-04,-1.000,1.060e-03,4.632,4.571,4.833,4.848,4.155
0.0013794,-1.05000,10.07918,0.7719408870,2.4084999561,0.771,0.121,3.7924,4.326,1,0.000,0.532,0.00,0.00,0.00,0.00,0.00,-1,-1.29e-13,0.00,8.414e-01,1.576e-01,1.758e-04,4.826e-05,4.403e-04,-1.000,1.009e-03,4.468,4.408,4.663,4.677,3.998
0.0013794,-1.05000,10.07918,0.7816251516,2.4121243954,0.781,0.186,3.7948,4.275,1,0.000,0.531,0.00,0.00,0.00,0.00,0.00,-1,-1.58e-13,0.00,8.454e-01,1.537e-01,1.724e-04,4.734e-05,4.321e-04,-1.000,9.890e-04,4.304,4.244,4.495,4.509,3.840
0.0013794,-1.05000,10.07918,0.7901658416,2.4152359962,0.789,0.249,3.7962,4.223,1,0.000,0.531,0.00,0.00,0.00,0.00,0.00,-1,-1.93e-13,0.00,8.470e-01,1.520e-01,1.709e-04,4.696e-05,4.288e-04,-1.000,1.011e-03,4.148,4.087,4.335,4.349,3.687
0.0013794,-1.05000,10.07918,0.7920861840,2.4159250259,0.791,0.264,3.7964,4.210,1,0.000,0.531,0.00,0.00,0.00,0.00,0.00,-1,-1.2e-14,0.00,8.472e-01,1.518e-01,1.707e-04,4.691e-05,4.283e-04,-1.000,1.017e-03,4.111,4.050,4.298,4.312,3.651
0.0013794,-1.05000,10.07918,0.7952927351,2.4170670509,0.794,0.290,3.7962,4.184,1,0.000,0.531,0.00,0.00,0.00,0.00,0.00,-1,-4.13e-14,0.00,8.474e-01,1.516e-01,1.705e-04,4.687e-05,4.280e-04,-1.000,1.018e-03,4.044,3.983,4.231,4.244,3.584
0.0013794,-1.05000,10.07918,0.8000000715,2.4187245369,0.799,0.332,3.7954,4.142,1,0.000,0.531,0.00,0.00,0.00,0.00,0.00,-1,-2.54e-13,0.00,8.477e-01,1.513e-01,1.704e-04,4.683e-05,4.276e-04,-1.000,9.905e-04,3.940,3.878,4.127,4.141,3.478
0.0013794,-1.05000,10.07918,0.8009552956,2.4190580845,0.800,0.341,3.7952,4.133,1,0.000,0.531,0.00,0.00,0.00,0.00,0.00,-1,-2.62e-13,0.00,8.476e-01,1.514e-01,1.705e-04,4.687e-05,4.280e-04,-1.000,9.847e-04,3.919,3.857,4.106,4.120,3.456
0.0013794,-1.05000,10.07918,0.8059163094,2.4207761288,0.805,0.389,3.7929,4.078,1,0.000,0.531,0.00,0.00,0.00,0.00,0.00,-1,-3.11e-13,0.00,8.464e-01,1.526e-01,1.722e-04,4.733e-05,4.322e-04,-1.000,1.017e-03,3.797,3.734,3.987,4.001,3.329
0.0013794,-1.05000,10.07918,0.8068724275,2.4211044312,0.806,0.399,3.7923,4.066,1,0.000,0.531,0.00,0.00,0.00,0.00,0.00,-1,-3.23e-13,0.00,8.462e-01,1.528e-01,1.725e-04,4.743e-05,4.331e-04,-1.000,1.025e-03,3.772,3.709,3.963,3.977,3.303
0.0013794,-1.05000,10.07918,0.8100257516,2.4221808910,0.809,0.436,3.7884,4.015,2,0.000,0.531,0.00,0.00,0.00,0.00,0.00,-1,-3.72e-13,0.00,8.439e-01,1.551e-01,1.758e-04,4.834e-05,4.414e-04,-1.000,1.028e-03,3.679,3.616,3.876,3.890,3.202
0.0013794,-1.05000,10.07918,0.8133774400,2.4233145714,0.812,0.480,3.7816,3.946,2,0.000,0.531,0.00,0.00,0.00,0.00,0.00,-1,-4.44e-13,0.00,8.366e-01,1.624e-01,1.852e-04,5.089e-05,4.646e-04,-1.000,1.045e-03,3.570,3.506,3.777,3.793,3.078
0.0013794,-1.05000,10.07918,0.8156740665,2.4240851402,0.814,0.513,3.7737,3.883,2,0.000,0.532,0.00,0.00,0.00,0.00,0.00,-1,-5.15e-13,0.00,8.193e-01,1.795e-01,2.018e-04,5.541e-05,5.055e-04,-1.000,1.126e-03,3.488,3.423,3.709,3.726,2.979
0.0013794,-1.05000,10.07918,0.8173598647,2.4246478081,0.816,0.538,3.7649,3.823,2,0.000,0.534,0.00,0.00,0.00,0.00,0.00,-1,-5.85e-13,0.00,7.979e-01,2.008e-01,2.192e-04,6.007e-05,5.472e-04,-1.000,1.233e-03,3.424,3.361,3.663,3.682,2.898
0.0013794,-1.05000,10.07918,0.8187394738,2.4251060486,0.817,0.563,3.7554,3.761,2,0.000,0.535,0.00,0.00,0.00,0.00,0.00,-1,-6.64e-13,0.00,7.822e-01,2.165e-01,2.312e-04,6.329e-05,5.760e-04,-1.000,1.310e-03,3.363,3.303,3.624,3.643,2.821
0.0013794,-1.05000,10.07918,0.8198109865,2.4254608154,0.818,0.591,3.7473,3.701,2,0.000,0.536,0.00,0.00,0.00,0.00,0.00,-1,-7.58e-13,0.00,7.736e-01,2.251e-01,2.378e-04,6.505e-05,5.916e-04,-1.000,1.331e-03,3.292,3.237,3.573,3.594,2.738
0.0013794,-1.05000,10.07918,0.8206777573,2.4257469177,0.819,0.625,3.7412,3.643,2,0.000,0.536,0.00,0.00,0.00,0.00,0.00,-1,-8.74e-13,0.00,7.685e-01,2.302e-01,2.418e-04,6.610e-05,6.010e-04,-1.000,1.345e-03,3.208,3.158,3.505,3.527,2.647
0.0013794,-1.05000,10.07918,0.8213636279,2.4259729385,0.820,0.659,3.7370,3.592,2,0.000,0.537,0.00,0.00,0.00,0.00,0.00,-1,-1e-12,0.00,7.652e-01,2.334e-01,2.442e-04,6.674e-05,6.067e-04,-1.000,1.392e-03,3.121,3.075,3.430,3.453,2.556
0.0013794,-1.05000,10.07918,0.8217034936,2.4260847569,0.820,0.679,3.7351,3.566,2,0.000,0.537,0.00,0.00,0.00,0.00,0.00,-1,-1.08e-12,0.00,7.637e-01,2.349e-01,2.452e-04,6.702e-05,6.092e-04,-1.000,1.418e-03,3.073,3.029,3.387,3.411,2.506
0.0013794,-1.05000,10.07918,0.8218243718,2.4261245728,0.820,0.687,3.7346,3.556,3,0.000,0.537,0.00,0.00,0.00,0.00,0.00,-1,-1.12e-12,0.00,7.633e-01,2.353e-01,2.455e-04,6.710e-05,6.099e-04,-1.000,1.418e-03,3.053,3.009,3.369,3.392,2.486
0.0013794,-1.05000,10.07918,0.8224607110,2.4263334274,0.821,0.731,3.7319,3.501,3,0.000,0.537,0.00,0.00,0.00,0.00,0.00,-1,-1.31e-12,0.00,7.608e-01,2.378e-01,2.469e-04,6.750e-05,6.134e-04,-1.000,1.411e-03,2.943,2.902,3.266,3.290,2.373
0.0013794,-1.05000,10.07918,0.8229968548,2.4265093803,0.821,0.772,3.7299,3.452,3,0.000,0.537,0.00,0.00,0.00,0.00,0.00,-1,-1.53e-12,0.00,7.588e-01,2.398e-01,2.480e-04,6.778e-05,6.160e-04,-1.000,1.371e-03,2.840,2.802,3.170,3.194,2.269
0.0013794,-1.05000,10.07918,0.8235918283,2.4267041683,0.822,0.821,3.7280,3.396,3,0.000,0.537,0.00,0.00,0.00,0.00,0.00,-1,-1.82e-12,0.00,7.565e-01,2.420e-01,2.490e-04,6.806e-05,6.184e-04,-1.000,1.422e-03,2.718,2.681,3.053,3.078,2.145
0.0013794,-1.05000,10.07918,0.8241416216,2.4268839359,0.822,0.870,3.7262,3.340,3,0.000,0.537,0.00,0.00,0.00,0.00,0.00,-1,-2.18e-12,0.00,7.545e-01,2.441e-01,2.496e-04,6.830e-05,6.203e-04,-1.000,1.376e-03,2.594,2.560,2.936,2.960,2.021
0.0013794,-1.05000,10.07918,0.8246932626,2.4270639420,0.823,0.924,3.7245,3.279,3,0.000,0.536,0.00,0.00,0.00,0.00,0.00,-1,-2.64e-12,0.00,7.523e-01,2.463e-01,2.498e-04,6.863e-05,6.220e-04,-1.000,1.398e-03,2.459,2.428,2.806,2.831,1.886
0.0013794,-1.05000,10.07918,0.8251817822,2.4272229671,0.823,0.977,3.7229,3.221,3,0.000,0.534,0.00,0.00,0.00,0.00,0.00,-1,-3.18e-12,0.00,7.503e-01,2.483e-01,2.493e-04,6.917e-05,6.232e-04,-1.000,1.382e-03,2.329,2.299,2.681,2.706,1.754
0.0013794,-1.05000,10.07918,0.8255962133,2.4273579121,0.823,1.025,3.7214,3.167,3,0.000,0.531,0.00,0.00,0.00,0.00,0.00,-1,-3.78e-12,0.00,7.486e-01,2.500e-01,2.484e-04,7.006e-05,6.242e-04,-1.000,1.417e-03,2.208,2.181,2.565,2.591,1.633
0.0013794,-1.05000,10.07918,0.8259205818,2.4274632931,0.824,1.065,3.7202,3.121,3,0.000,0.528,0.00,0.00,0.00,0.00,0.00,-1,-4.38e-12,0.00,7.474e-01,2.512e-01,2.473e-04,7.112e-05,6.248e-04,-1.000,1.404e-03,2.107,2.081,2.468,2.493,1.531
0.0013794,-1.05000,10.07918,0.8262797594,2.4275801182,0.824,1.114,3.7187,3.067,3,0.000,0.524,0.00,0.00,0.00,0.00,0.00,-1,-5.21e-12,0.00,7.461e-01,2.525e-01,2.457e-04,7.272e-05,6.254e-04,-1.000,1.414e-03,1.985,1.962,2.351,2.377,1.409
0.0013794,-1.05000,10.07918,0.8266231418,2.4276914597,0.824,1.165,3.7170,3.009,3,0.000,0.520,0.00,0.00,0.00,0.00,0.00,-1,-6.26e-12,0.00,7.449e-01,2.537e-01,2.439e-04,7.477e-05,6.260e-04,-1.000,1.430e-03,1.858,1.837,2.230,2.256,1.281
0.0013794,-1.05000,10.07918,0.8269340992,2.4277923107,0.824,1.216,3.7153,2.951,3,0.000,0.516,0.00,0.00,0.00,0.00,0.00,-1,-7.52e-12,0.00,7.439e-01,2.547e-01,2.421e-04,7.674e-05,6.264e-04,-1.000,1.449e-03,1.731,1.713,2.110,2.136,1.154
0.0013794,-1.05000,10.07918,0.8272055984,2.4278802872,0.824,1.264,3.7135,2.896,3,0.000,0.513,0.00,0.00,0.00,0.00,0.00,-1,-8.97e-12,0.00,7.432e-01,2.554e-01,2.409e-04,7.826e-05,6.267e-04,-1.000,1.399e-03,1.609,1.595,1.995,2.022,1.031
0.0013794,-1.05000,10.07918,0.8274510503,2.4279596806,0.825,1.312,3.7117,2.841,3,0.000,0.511,0.00,0.00,0.00,0.00,0.00,-1,-1.07e-11,0.00,7.427e-01,2.559e-01,2.399e-04,7.943e-05,6.268e-04,-1.000,1.415e-03,1.489,1.478,1.882,1.909,0.911
0.0013794,-1.05000,10.07918,0.8276718259,2.4280312061,0.825,1.359,3.7099,2.787,3,0.000,0.509,0.00,0.00,0.00,0.00,0.00,-1,-1.26e-11,0.00,7.423e-01,2.562e-01,2.391e-04,8.036e-05,6.270e-04,-1.000,1.428e-03,1.372,1.363,1.771,1.799,0.793
0.0013794,-1.05000,10.07918,0.8278768063,2.4280974865,0.825,1.407,3.7081,2.732,3,0.000,0.508,0.00,0.00,0.00,0.00,0.00,-1,-1.5e-11,0.00,7.421e-01,2.565e-01,2.388e-04,8.080e-05,6.270e-04,-1.000,1.404e-03,1.253,1.248,1.659,1.688,0.673
0.0013794,-1.05000,10.07918,0.8280581832,2.4281561375,0.825,1.453,3.7062,2.678,3,0.000,0.508,0.00,0.00,0.00,0.00,0.00,-1,-1.78e-11,0.00,7.421e-01,2.565e-01,2.386e-04,8.100e-05,6.271e-04,-1.000,1.420e-03,1.137,1.136,1.552,1.581,0.558
0.0013794,-1.05000,10.07918,0.8282274008,2.4282107353,0.825,1.500,3.7041,2.623,3,0.000,0.508,0.00,0.00,0.00,0.00,0.00,-1,-2.11e-11,0.00,7.420e-01,2.565e-01,2.386e-04,8.105e-05,6.271e-04,-1.000,1.421e-03,1.020,1.023,1.443,1.472,0.440
0.0013794,-1.05000,10.07918,0.8283770084,2.4282588959,0.825,1.545,3.7022,2.570,3,0.000,0.508,0.00,0.00,0.00,0.00,0.00,-1,-2.49e-11,0.00,7.420e-01,2.565e-01,2.386e-04,8.108e-05,6.271e-04,-1.000,1.422e-03,0.907,0.913,1.338,1.367,0.326
0.0013794,-1.05000,10.07918,0.8285102844,2.4283020496,0.825,1.589,3.7002,2.518,3,0.000,0.508,0.00,0.00,0.00,0.00,0.00,-1,-2.93e-11,0.00,7.420e-01,2.566e-01,2.386e-04,8.111e-05,6.271e-04,-1.000,1.422e-03,0.797,0.808,1.237,1.267,0.217
0.0013794,-1.05000,10.07918,0.8286339045,2.4283418655,0.825,1.633,3.6982,2.466,3,0.000,0.508,0.00,0.00,0.00,0.00,0.00,-1,-3.44e-11,0.00,7.420e-01,2.566e-01,2.386e-04,8.114e-05,6.271e-04,-1.000,1.422e-03,0.687,0.702,1.136,1.166,0.107
0.0013794,-1.05000,10.07918,0.8287435770,2.4283771515,0.825,1.676,3.6961,2.415,3,0.000,0.507,0.00,0.00,0.00,0.00,0.00,-1,-4.02e-11,0.00,7.420e-01,2.566e-01,2.385e-04,8.116e-05,6.271e-04,-1.000,1.422e-03,0.581,0.600,1.039,1.070,0.000
0.0013794,-1.05000,10.07918,0.8288470507,2.4284105301,0.824,1.719,3.6940,2.364,3,0.000,0.507,0.00,0.00,0.00,0.00,0.00,-1,-4.71e-11,0.00,7.420e-01,2.566e-01,2.385e-04,8.118e-05,6.271e-04,-1.000,1.422e-03,0.474,0.497,0.941,0.972,-0.108
0.0013794,-1.05000,10.07918,0.8289402723,2.4284405708,0.824,1.760,3.6919,2.314,3,0.000,0.507,0.00,0.00,0.00,0.00,0.00,-1,-5.49e-11,0.00,7.420e-01,2.566e-01,2.385e-04,8.120e-05,6.271e-04,-1.000,1.423e-03,0.370,0.397,0.847,0.879,-0.212
0.0013794,-1.05000,10.07918,0.8290273547,2.4284687042,0.824,1.801,3.6899,2.265,3,0.000,0.507,0.00,0.00,0.00,0.00,0.00,-1,-6.39e-11,0.00,7.420e-01,2.566e-01,2.385e-04,8.122e-05,6.272e-04,-1.000,1.423e-03,0.268,0.300,0.755,0.787,-0.314
0.0013794,-1.05000,10.07918,0.8291108012,2.4284956455,0.824,1.840,3.6878,2.217,3,0.000,0.507,0.00,0.00,0.00,0.00,0.00,-1,-7.39e-11,0.00,7.420e-01,2.566e-01,2.385e-04,8.124e-05,6.272e-04,-1.000,1.423e-03,0.169,0.206,0.667,0.699,-0.412
0.0013794,-1.05000,10.07918,0.8291963935,2.4285233021,0.824,1.876,3.6860,2.174,3,0.000,0.507,0.00,0.00,0.00,0.00,0.00,-1,-8.45e-11,0.00,7.420e-01,2.566e-01,2.385e-04,8.126e-05,6.272e-04,-1.000,1.423e-03,0.080,0.122,0.587,0.620,-0.501
0.0013794,-1.05000,10.07918,0.8292741776,2.4285483360,0.823,1.898,3.6849,2.147,3,0.000,0.507,0.00,0.00,0.00,0.00,0.00,-1,-9.21e-11,0.00,7.420e-01,2.566e-01,2.385e-04,8.128e-05,6.272e-04,-1.000,1.423e-03,0.025,0.069,0.537,0.570,-0.556
0.0013794,-1.05000,10.07918,0.8293491006,2.4285724163,0.823,1.875,3.6866,2.177,3,0.000,0.507,0.00,0.00,0.00,0.00,0.00,-1,-8.5e-11,0.00,7.420e-01,2.566e-01,2.384e-04,8.129e-05,6.272e-04,-1.000,1.423e-03,0.082,0.122,0.586,0.619,-0.499
0.0013794,-1.05000,10.07918,0.8293623924,2.4285767078,0.823,1.871,3.6870,2.183,3,0.000,0.507,0.00,0.00,0.00,0.00,0.00,-1,-8.36e-11,0.00,7.420e-01,2.566e-01,2.384e-04,8.130e-05,6.272e-04,-1.000,1.423e-03,0.093,0.132,0.595,0.628,-0.488
0.0013794,-1.05000,10.07918,0.8294184804,2.4285945892,0.823,1.907,3.6850,2.138,3,0.000,0.507,0.00,0.00,0.00,0.00,0.00,-1,-9.47e-11,0.00,7.420e-01,2.566e-01,2.384e-04,8.131e-05,6.272e-04,-1.000,1.424e-03,0.003,0.047,0.515,0.548,-0.578
0.0013794,-1.05000,10.07918,0.8294804096,2.4286146164,0.823,1.948,3.6827,2.088,3,0.000,0.507,0.00,0.00,0.00,0.00,0.00,-1,-1.1e-10,0.00,7.419e-01,2.566e-01,2.384e-04,8.132e-05,6.272e-04,-1.000,1.424e-03,-0.100,-0.050,0.424,0.457,-0.680
0.0013794,-1.05000,10.07918,0.8295401931,2.4286339283,0.822,1.990,3.6803,2.036,3,0.000,0.507,0.00,0.00,0.00,0.00,0.00,-1,-1.29e-10,0.00,7.419e-01,2.566e-01,2.384e-04,8.134e-05,6.272e-04,-1.000,1.424e-03,-0.206,-0.149,0.331,0.365,-0.784
0.0013794,-1.05000,10.07918,0.8295948505,2.4286513329,0.822,2.031,3.6779,1.985,3,0.000,0.507,0.00,0.00,0.00,0.00,0.00,-1,-1.5e-10,0.00,7.419e-01,2.566e-01,2.384e-04,8.135e-05,6.272e-04,-1.000,1.424e-03,-0.309,-0.246,0.241,0.276,-0.887
0.0013794,-1.05000,10.07918,0.8296465874,2.4286680222,0.822,2.073,3.6754,1.933,3,0.000,0.507,0.00,0.00,0.00,0.00,0.00,-1,-1.76e-10,0.00,7.419e-01,2.566e-01,2.384e-04,8.136e-05,6.272e-04,-1.000,1.424e-03,-0.413,-0.346,0.150,0.186,-0.993
0.0013794,-1.05000,10.07918,0.8296931982,2.4286830425,0.821,2.114,3.6730,1.883,3,0.000,0.507,0.00,0.00,0.00,0.00,0.00,-1,-2.04e-10,0.00,7.419e-01,2.566e-01,2.384e-04,8.137e-05,6.272e-04,-1.000,1.424e-03,-0.514,-0.441,0.063,0.099,-1.095
0.0013794,-1.05000,10.07918,0.8297365904,2.4286971092,0.821,2.154,3.6705,1.832,3,0.000,0.507,0.00,0.00,0.00,0.00,0.00,-1,-2.38e-10,0.00,7.419e-01,2.566e-01,2.384e-04,8.138e-05,6.272e-04,-1.000,1.424e-03,-0.615,-0.537,-0.024,0.013,-1.198
0.0013794,-1.05000,10.07918,0.8297763467,2.4287097454,0.820,2.194,3.6680,1.782,3,0.000,0.507,0.00,0.00,0.00,0.00,0.00,-1,-2.76e-10,0.00,7.419e-01,2.566e-01,2.384e-04,8.139e-05,6.272e-04,-1.000,1.424e-03,-0.715,-0.631,-0.109,-0.071,-1.298
0.0013794,-1.05000,10.07918,0.8298131824,2.4287216663,0.820,2.234,3.6654,1.731,3,0.000,0.507,0.00,0.00,0.00,0.00,0.00,-1,-3.21e-10,0.00,7.419e-01,2.567e-01,2.384e-04,8.140e-05,6.272e-04,-1.000,1.424e-03,-0.815,-0.723,-0.192,-0.153,-1.398
0.0013794,-1.05000,10.07918,0.8298466206,2.4287323952,0.819,2.273,3.6629,1.682,3,0.000,0.507,0.00,0.00,0.00,0.00,0.00,-1,-3.72e-10,0.00,7.419e-01,2.567e-01,2.384e-04,8.140e-05,6.272e-04,-1.000,1.424e-03,-0.913,-0.813,-0.273,-0.233,-1.495
0.0013794,-1.05000,10.07918,0.8298782110,2.4287426472,0.819,2.313,3.6603,1.632,3,0.000,0.507,0.00,0.00,0.00,0.00,0.00,-1,-4.32e-10,0.00,7.419e-01,2.567e-01,2.384e-04,8.141e-05,6.272e-04,-1.000,1.424e-03,-1.012,-0.904,-0.354,-0.313,-1.593
0.0013794,-1.05000,10.07918,0.8299070001,2.4287517071,0.818,2.352,3.6577,1.582,3,0.000,0.507,0.00,0.00,0.00,0.00,0.00,-1,-5e-10,0.00,7.419e-01,2.567e-01,2.384e-04,8.142e-05,6.272e-04,-1.000,1.424e-03,-1.109,-0.992,-0.432,-0.390,-1.688
0.0013794,-1.05000,10.07918,0.8299337029,2.4287602901,0.817,2.390,3.6551,1.533,3,0.000,0.507,0.00,0.00,0.00,0.00,0.00,-1,-5.78e-10,0.00,7.419e-01,2.567e-01,2.384e-04,8.142e-05,6.272e-04,-1.000,1.425e-03,-1.205,-1.078,-0.508,-0.466,-1.782
0.0013794,-1.05000,10.07918,0.8299582005,2.4287681580,0.817,2.428,3.6525,1.484,3,0.000,0.507,0.00,0.00,0.00,0.00,0.00,-1,-6.67e-10,0.00,7.419e-01,2.567e-01,2.384e-04,8.143e-05,6.272e-04,-1.000,1.425e-03,-1.299,-1.162,-0.582,-0.539,-1.873
0.0013794,-1.05000,10.07918,0.8299861550,2.4287772179,0.816,2.474,3.6492,1.424,3,0.000,0.507,0.00,0.00,0.00,0.00,0.00,-1,-7.96e-10,0.00,7.419e-01,2.567e-01,2.383e-04,8.143e-05,6.272e-04,-1.000,1.425e-03,-1.416,-1.264,-0.671,-0.627,-1.985
0.0013794,-1.05000,10.07918,0.8300071955,2.4287838936,0.815,2.512,3.6466,1.375,3,0.000,0.507,8.78,6.72,4.73,3.67,2.97,3,-9.2e-10,0.00,7.419e-01,2.567e-01,2.383e-04,8.144e-05,6.272e-04,-1.000,1.425e-03,-1.510,-1.346,-0.742,-0.698,-2.074
0.0013794,-1.05000,10.07918,0.8300303221,2.4287915230,0.814,2.557,3.6434,1.317,3,0.000,0.507,9.92,7.46,5.23,4.06,3.28,3,-1.09e-09,0.00,7.419e-01,2.567e-01,2.383e-04,8.144e-05,6.272e-04,-1.000,1.425e-03,-1.622,-1.441,-0.825,-0.780,-2.179
0.0013794,-1.05000,10.07918,0.8300521374,2.4287984371,0.812,2.602,3.6401,1.258,3,0.000,0.507,11.24,8.30,5.79,4.50,3.64,3,-1.3e-09,0.00,7.419e-01,2.567e-01,2.383e-04,8.145e-05,6.272e-04,-1.000,1.425e-03,-1.735,-1.539,-0.909,-0.863,-2.285
0.0013794,-1.05000,10.07918,0.8300687075,2.4288036823,0.811,2.639,3.6375,1.210,3,0.000,0.507,12.44,9.06,6.29,4.89,3.96,3,-1.49e-09,0.00,7.419e-01,2.567e-01,2.383e-04,8.145e-05,6.272e-04,-1.000,1.425e-03,-1.828,-1.617,-0.976,-0.930,-2.372
0.0013794,-1.05000,10.07918,0.8300867677,2.4288096428,0.810,2.682,3.6342,1.153,3,0.000,0.507,14.03,10.03,6.94,5.41,4.38,3,-1.76e-09,0.00,7.419e-01,2.567e-01,2.383e-04,8.146e-05,6.272e-04,-1.000,1.425e-03,-1.936,-1.708,-1.054,-1.006,-2.472
0.0013794,-1.05000,10.07918,0.8301039338,2.4288151264,0.808,2.726,3.6310,1.095,3,0.000,0.507,15.85,11.14,7.66,5.98,4.85,2,-2.09e-09,0.00,7.419e-01,2.567e-01,2.383e-04,8.146e-05,6.272e-04,-1.000,1.425e-03,-2.046,-1.800,-1.132,-1.084,-2.574
0.0013794,-1.05000,10.07918,0.8301202059,2.4288203716,0.806,2.772,3.6276,1.035,3,0.000,0.507,17.97,12.39,8.49,6.64,5.38,2,-2.48e-09,0.00,7.419e-01,2.567e-01,2.383e-04,8.146e-05,6.272e-04,-1.000,1.425e-03,-2.159,-1.893,-1.210,-1.162,-2.677
0.0013794,-1.05000,10.07918,0.8301340938,2.4288246632,0.804,2.813,3.6244,0.980,3,0.000,0.507,20.18,13.68,9.33,7.30,5.92,2,-2.91e-09,0.00,7.419e-01,2.567e-01,2.383e-04,8.147e-05,6.272e-04,-1.000,1.425e-03,-2.262,-1.977,-1.279,-1.230,-2.770
0.0013794,-1.05000,10.07918,0.8301474452,2.4288289547,0.802,2.855,3.6212,0.924,3,0.000,0.507,22.72,15.15,10.28,8.06,6.54,2,-3.43e-09,0.00,7.419e-01,2.567e-01,2.383e-04,8.147e-05,6.272e-04,-1.000,1.425e-03,-2.368,-2.062,-1.348,-1.299,-2.866
0.0013794,-1.05000,10.07918,0.8301600814,2.4288330078,0.800,2.898,3.6178,0.866,3,0.000,0.507,25.66,16.80,11.35,8.91,7.23,2,-4.06e-09,0.00,7.419e-01,2.567e-01,2.383e-04,8.147e-05,6.272e-04,-1.000,1.425e-03,-2.475,-2.147,-1.416,-1.366,-2.963
0.0013794,-1.05000,10.07918,0.8301714659,2.4288368225,0.797,2.940,3.6145,0.810,3,0.000,0.507,28.87,18.58,12.49,9.83,7.97,2,-4.77e-09,0.00,7.419e-01,2.567e-01,2.383e-04,8.147e-05,6.272e-04,-1.000,1.425e-03,-2.579,-2.229,-1.481,-1.430,-3.055
0.0013794,-1.05000,10.07918,0.8301820159,2.4288401604,0.795,2.981,3.6113,0.755,3,0.000,0.507,32.42,20.51,13.72,10.82,8.78,1,-5.6e-09,0.00,7.419e-01,2.567e-01,2.383e-04,8.148e-05,6.272e-04,-1.000,1.425e-03,-2.682,-2.310,-1.544,-1.494,-3.147
0.0013794,-1.05000,10.07918,0.8301918507,2.4288432598,0.792,3.021,3.6081,0.699,3,0.000,0.507,36.43,22.65,15.09,11.91,9.67,1,-6.56e-09,0.00,7.419e-01,2.567e-01,2.383e-04,8.148e-05,6.273e-04,-1.000,1.425e-03,-2.784,-2.389,-1.606,-1.555,-3.237
0.0013794,-1.05000,10.07918,0.8302013874,2.4288463593,0.788,3.063,3.6048,0.642,3,0.000,0.507,41.06,25.07,16.63,13.14,10.67,1,-7.74e-09,0.00,7.419e-01,2.567e-01,2.383e-04,8.148e-05,6.273e-04,-1.000,1.425e-03,-2.889,-2.470,-1.668,-1.617,-3.329
0.0013794,-1.05000,10.07918,0.8302096725,2.4288489819,0.785,3.102,3.6016,0.589,3,0.000,0.507,45.92,27.58,18.20,14.42,11.71,1,-9.01e-09,0.00,7.419e-01,2.567e-01,2.383e-04,8.148e-05,6.273e-04,-1.000,1.425e-03,-2.985,-2.544,-1.724,-1.672,-3.413
0.0013794,-1.05000,10.07918,0.8302177787,2.4288516045,0.781,3.142,3.5984,0.534,3,0.000,0.507,51.56,30.43,20.00,15.86,12.88,1,-1.06e-08,0.00,7.419e-01,2.567e-01,2.383e-04,8.148e-05,6.273e-04,-1.000,1.425e-03,-3.086,-2.619,-1.780,-1.728,-3.499
0.0013794,-1.05000,10.07918,0.8302254081,2.4288539886,0.776,3.182,3.5952,0.479,3,0.000,0.507,57.92,33.58,21.97,17.45,14.18,1,-1.24e-08,0.00,7.419e-01,2.567e-01,2.383e-04,8.149e-05,6.273e-04,-1.000,1.425e-03,-3.186,-2.693,-1.833,-1.781,-3.585
0.0013794,-1.05000,10.07918,0.8302323818,2.4288563728,0.772,3.221,3.5920,0.425,3,0.000,0.507,64.89,36.98,24.08,19.16,15.57,1,-1.44e-08,0.00,7.419e-01,2.567e-01,2.383e-04,8.149e-05,6.273e-04,-1.000,1.425e-03,-3.283,-2.764,-1.882,-1.830,-3.667
0.0013794,-1.05000,10.07918,0.8302388191,2.4288585186,0.767,3.259,3.5889,0.372,3,0.000,0.507,72.52,40.62,26.34,20.99,17.06,1,-1.68e-08,0.00,7.419e-01,2.567e-01,2.383e-04,8.149e-05,6.273e-04,-1.000,1.425e-03,-3.377,-2.831,-1.927,-1.875,-3.746
0.0013794,-1.05000,10.07918,0.8302448392,2.4288604259,0.761,3.295,3.5859,0.320,3,0.000,0.507,80.82,44.51,28.74,22.94,18.65,1,-1.95e-08,0.00,7.419e-01,2.567e-01,2.383e-04,8.149e-05,6.273e-04,-1.000,1.425e-03,-3.467,-2.895,-1.968,-1.916,-3.822
0.0013794,-1.05000,10.07918,0.8302507401,2.4288623333,0.755,3.330,3.5830,0.270,3,0.000,0.507,89.82,48.65,31.28,25.01,20.33,1,-2.25e-08,0.00,7.419e-01,2.567e-01,2.383e-04,8.149e-05,6.273e-04,-1.000,1.425e-03,-3.555,-2.957,-2.008,-1.955,-3.895
0.0013794,-1.05000,10.07918,0.8302520514,2.4288625717,0.753,3.337,3.5823,0.259,3,0.000,0.507,91.86,49.57,31.85,25.47,20.71,1,-2.32e-08,0.00,7.419e-01,2.567e-01,2.383e-04,8.149e-05,6.273e-04,-1.000,1.425e-03,-3.573,-2.969,-2.015,-1.963,-3.910
0.0013794,-1.05000,10.07918,0.8302520514,2.4288625717,0.753,1.728,3.7359,2.483,4,0.000,0.514,0.00,0.00,0.00,0.00,0.00,-1,-1e-30,0.00,7.394e-01,2.592e-01,2.433e-04,7.932e-05,6.328e-04,-1.000,1.418e-03,0.451,0.406,0.757,0.780,-0.109
0.0013794,-1.05000,10.07918,0.8303035498,2.4288792610,0.753,1.744,3.7347,2.462,4,0.000,0.514,0.00,0.00,0.00,0.00,0.00,-1,-1e-30,0.00,7.394e-01,2.592e-01,2.433e-04,7.932e-05,6.328e-04,-1.000,1.418e-03,0.410,0.366,0.719,0.742,-0.152
0.0013794,-1.05000,10.07918,0.8303523064,2.4288947582,0.753,1.747,3.7346,2.459,4,0.000,0.514,0.00,0.00,0.00,0.00,0.00,-1,-1e-30,0.00,7.394e-01,2.592e-01,2.433e-04,7.932e-05,6.328e-04,-1.000,1.418e-03,0.403,0.359,0.713,0.736,-0.159
0.0013794,-1.05000,10.07918,0.8304005861,2.4289102554,0.754,1.748,3.7347,2.458,4,0.000,0.514,0.00,0.00,0.00,0.00,0.00,-1,-1e-30,0.00,7.394e-01,2.592e-01,2.433e-04,7.932e-05,6.328e-04,-1.000,1.418e-03,0.400,0.356,0.709,0.732,-0.162
0.0013794,-1.05000,10.07918,0.8304504156,2.4289262295,0.754,1.749,3.7351,2.459,4,0.000,0.514,0.00,0.00,0.00,0.00,0.00,-1,-1e-30,0.00,7.394e-01,2.592e-01,2.433e-04,7.932e-05,6.328e-04,-1.000,1.418e-03,0.399,0.354,0.707,0.730,-0.163
0.0013794,-1.05000,10.07918,0.8305001259,2.4289422035,0.754,1.748,3.7356,2.461,4,0.000,0.514,0.00,0.00,0.00,0.00,0.00,-1,-1e-30,0.00,7.394e-01,2.592e-01,2.433e-04,7.932e-05,6.328e-04,-1.000,1.418e-03,0.399,0.354,0.706,0.729,-0.161
0.0013794,-1.05000,10.07918,0.8305504322,2.4289584160,0.754,1.747,3.7363,2.465,4,0.000,0.514,0.00,0.00,0.00,0.00,0.00,-1,-1e-30,0.00,7.394e-01,2.592e-01,2.433e-04,7.932e-05,6.328e-04,-1.000,1.418e-03,0.402,0.356,0.706,0.729,-0.158
0.0013794,-1.05000,10.07918,0.8306004405,2.4289743900,0.754,1.746,3.7371,2.470,4,0.000,0.514,0.00,0.00,0.00,0.00,0.00,-1,-1e-30,0.00,7.394e-01,2.592e-01,2.433e-04,7.932e-05,6.328e-04,-1.000,1.418e-03,0.405,0.358,0.707,0.730,-0.154
0.0013794,-1.05000,10.07918,0.8306509256,2.4289906025,0.754,1.744,3.7379,2.474,4,0.000,0.514,0.00,0.00,0.00,0.00,0.00,-1,-1e-30,0.00,7.394e-01,2.592e-01,2.433e-04,7.932e-05,6.328e-04,-1.000,1.418e-03,0.409,0.361,0.708,0.731,-0.150
0.0013794,-1.05000,10.07918,0.8307024240,2.4290072918,0.754,1.743,3.7386,2.479,4,0.000,0.514,0.00,0.00,0.00,0.00,0.00,-1,-1e-30,0.00,7.394e-01,2.592e-01,2.433e-04,7.932e-05,6.328e-04,-1.000,1.418e-03,0.412,0.364,0.709,0.732,-0.145
0.0013794,-1.05000,10.07918,0.8307547569,2.4290239811,0.754,1.742,3.7394,2.483,4,0.000,0.514,0.00,0.00,0.00,0.00,0.00,-1,-1e-30,0.00,7.394e-01,2.592e-01,2.433e-04,7.932e-05,6.328e-04,-1.000,1.418e-03,0.416,0.366,0.710,0.732,-0.141
0.0013794,-1.05000,10.07918,0.8308021426,2.4290392399,0.754,1.741,3.7400,2.487,4,0.000,0.514,0.00,0.00,0.00,0.00,0.00,-1,-1e-30,0.00,7.394e-01,2.592e-01,2.433e-04,7.932e-05,6.328e-04,-1.000,1.418e-03,0.418,0.368,0.711,0.733,-0.138
0.0013794,-1.05000,10.07918,0.8308548331,2.4290561676,0.754,1.740,3.7407,2.491,4,0.000,0.514,0.00,0.00,0.00,0.00,0.00,-1,-1e-30,0.00,7.394e-01,2.592e-01,2.433e-04,7.932e-05,6.328e-04,-1.000,1.418e-03,0.421,0.370,0.711,0.733,-0.134
0.0013794,-1.05000,10.07918,0.8309058547,2.4290723801,0.754,1.739,3.7413,2.494,4,0.000,0.514,0.00,0.00,0.00,0.00,0.00,-1,-1e-30,0.00,7.394e-01,2.592e-01,2.433e-04,7.932e-05,6.328e-04,-1.000,1.418e-03,0.423,0.372,0.711,0.733,-0.132
0.0013794,-1.05000,10.07918,0.8309555650,2.4290883541,0.754,1.738,3.7417,2.496,4,0.000,0.514,0.00,0.00,0.00,0.00,0.00,-1,-1e-30,0.00,7.394e-01,2.592e-01,2.433e-04,7.932e-05,6.328e-04,-1.000,1.418e-03,0.424,0.372,0.711,0.733,-0.130
0.0013794,-1.05000,10.07918,0.8309611082,2.4290900230,0.754,1.738,3.7418,2.496,4,0.000,0.514,0.00,0.00,0.00,0.00,0.00,-1,-1e-30,0.00,7.394e-01,2.592e-01,2.433e-04,7.932e-05,6.328e-04,-1.000,1.418e-03,0.425,0.372,0.711,0.733,-0.130
0.0013794,-1.05000,10.07918,0.8310055733,2.4291043282,0.754,1.738,3.7421,2.498,4,0.000,0.514,0.00,0.00,0.00,0.00,0.00,-1,-1e-30,0.00,7.394e-01,2.592e-01,2.433e-04,7.932e-05,6.328e-04,-1.000,1.418e-03,0.425,0.373,0.711,0.733,-0.129
0.0013794,-1.05000,10.07918,0.8310527802,2.4291195869,0.754,1.738,3.7424,2.499,4,0.000,0.514,0.00,0.00,0.00,0.00,0.00,-1,-1e-30,0.00,7.394e-01,2.592e-01,2.433e-04,7.932e-05,6.328e-04,-1.000,1.418e-03,0.425,0.372,0.710,0.732,-0.129
0.0013794,-1.05000,10.07918,0.8311026096,2.4291355610,0.754,1.738,3.7426,2.500,4,0.000,0.514,0.00,0.00,0.00,0.00,0.00,-1,-1e-30,0.00,7.394e-01,2.592e-01,2.433e-04,7.932e-05,6.328e-04,-1.000,1.418e-03,0.424,0.372,0.709,0.731,-0.129
0.0013794,-1.05000,10.07918,0.8311495781,2.4291505814,0.754,1.739,3.7426,2.499,4,0.000,0.514,0.00,0.00,0.00,0.00,0.00,-1,-1e-30,0.00,7.394e-01,2.592e-01,2.433e-04,7.932e-05,6.328e-04,-1.000,1.418e-03,0.423,0.370,0.707,0.729,-0.131
0.0013794,-1.05000,10.07918,0.8312034607,2.4291677475,0.754,1.740,3.7426,2.498,4,0.000,0.514,0.00,0.00,0.00,0.00,0.00,-1,-1e-30,0.00,7.394e-01,2.592e-01,2.433e-04,7.932e-05,6.328e-04,-1.000,1.418e-03,0.420,0.367,0.704,0.726,-0.133
0.0013794,-1.05000,10.07918,0.8312530518,2.4291837215,0.754,1.741,3.7424,2.496,4,0.000,0.514,0.00,0.00,0.00,0.00,0.00,-1,-1e-30,0.00,7.394e-01,2.592e-01,2.433e-04,7.932e-05,6.328e-04,-1.000,1.418e-03,0.417,0.364,0.702,0.724,-0.137
0.0013794,-1.05000,10.07918,0.8313017488,2.4291992188,0.755,1.743,3.7420,2.493,4,0.000,0.514,0.00,0.00,0.00,0.00,0.00,-1,-1e-30,0.00,7.394e-01,2.592e-01,2.433e-04,7.932e-05,6.328e-04,-1.000,1.418e-03,0.412,0.360,0.698,0.720,-0.142
0.0013794,-1.05000,10.07918,0.8313251138,2.4292066097,0.755,1.744,3.7419,2.491,4,0.000,0.514,0.00,0.00,0.00,0.00,0.00,-1,-1e-30,0.00,7.394e-01,2.592e-01,2.433e-04,7.932e-05,6.328e-04,-1.000,1.418e-03,0.410,0.358,0.696,0.718,-0.145
0.0013794,-1.05000,10.07918,0.8313466907,2.4292135239,0.755,1.745,3.7416,2.489,4,0.000,0.514,0.00,0.00,0.00,0.00,0.00,-1,-1e-30,0.00,7.394e-01,2.592e-01,2.433e-04,7.932e-05,6.328e-04,-1.000,1.418e-03,0.407,0.355,0.694,0.716,-0.148
0.0013794,-1.05000,10.07918,0.8313919902,2.4292280674,0.755,1.748,3.7412,2.485,4,0.000,0.514,0.00,0.00,0.00,0.00,0.00,-1,-1e-30,0.00,7.394e-01,2.592e-01,2.433e-04,7.932e-05,6.328e-04,-1.000,1.418e-03,0.401,0.350,0.689,0.712,-0.154
0.0013794,-1.05000,10.07918,0.8314374089,2.4292426109,0.755,1.751,3.7406,2.480,4,0.000,0.514,0.00,0.00,0.00,0.00,0.00,-1,-1e-30,0.00,7.394e-01,2.592e-01,2.433e-04,7.932e-05,6.328e-04,-1.000,1.418e-03,0.394,0.343,0.684,0.706,-0.162
0.0013794,-1.05000,10.07918,0.8314831853,2.4292573929,0.755,1.754,3.7400,2.474,4,0.000,0.514,0.00,0.00,0.00,0.00,0.00,-1,-1e-30,0.00,7.394e-01,2.592e-01,2.433e-04,7.932e-05,6.328e-04,-1.000,1.418e-03,0.386,0.335,0.678,0.700,-0.171
0.0013794,-1.05000,10.07918,0.8315294385,2.4292721748,0.755,1.758,3.7392,2.467,4,0.000,0.514,0.00,0.00,0.00,0.00,0.00,-1,-1e-30,0.00,7.394e-01,2.592e-01,2.433e-04,7.932e-05,6.328e-04,-1.000,1.418e-03,0.376,0.327,0.670,0.693,-0.181
0.0013794,-1.05000,10.07918,0.8315739632,2.4292862415,0.755,1.762,3.7384,2.460,4,0.000,0.514,0.00,0.00,0.00,0.00,0.00,-1,-1e-30,0.00,7.394e-01,2.592e-01,2.433e-04,7.932e-05,6.328e-04,-1.000,1.418e-03,0.366,0.317,0.663,0.685,-0.193
0.0013794,-1.05000,10.07918,0.8316186666,2.4293005466,0.755,1.767,3.7375,2.451,4,0.000,0.514,0.00,0.00,0.00,0.00,0.00,-1,-1e-30,0.00,7.394e-01,2.592e-01,2.433e-04,7.932e-05,6.328e-04,-1.000,1.418e-03,0.353,0.306,0.653,0.676,-0.206
0.0013794,-1.05000,10.07918,0.8316637874,2.4293150902,0.755,1.771,3.7368,2.444,4,0.000,0.514,0.00,0.00,0.00,0.00,0.00,-1,-1e-30,0.00,7.394e-01,2.592e-01,2.433e-04,7.932e-05,6.328e-04,-1.000,1.418e-03,0.342,0.295,0.644,0.667,-0.218
0.0013794,-1.05000,10.07918,0.8317087293,2.4293293953,0.755,1.778,3.7356,2.432,4,0.000,0.514,0.00,0.00,0.00,0.00,0.00,-1,-1e-30,0.00,7.394e-01,2.592e-01,2.433e-04,7.932e-05,6.328e-04,-1.000,1.418e-03,0.325,0.280,0.631,0.654,-0.236
0.0013794,-1.05000,10.07918,0.8317547441,2.4293441772,0.755,1.787,3.7340,2.418,4,0.000,0.514,0.00,0.00,0.00,0.00,0.00,-1,-1e-30,0.00,7.394e-01,2.592e-01,2.433e-04,7.932e-05,6.328e-04,-1.000,1.418e-03,0.304,0.260,0.614,0.638,-0.259
0.0013794,-1.05000,10.07918,0.8317993879,2.4293584824,0.755,1.792,3.7332,2.409,4,0.000,0.514,0.00,0.00,0.00,0.00,0.00,-1,-1e-30,0.00,7.394e-01,2.592e-01,2.433e-04,7.932e-05,6.328e-04,-1.000,1.418e-03,0.291,0.248,0.604,0.628,-0.273
0.0013794,-1.05000,10.07918,0.8318467736,2.4293735027,0.755,1.807,3.7307,2.383,4,0.000,0.514,0.00,0.00,0.00,0.00,0.00,-1,-1e-30,0.00,7.394e-01,2.592e-01,2.433e-04,7.932e-05,6.328e-04,-1.000,1.418e-03,0.251,0.211,0.573,0.597,-0.316
0.0013794,-1.05000,10.07918,0.8318918943,2.4293880463,0.755,1.833,3.7271,2.343,4,0.000,0.514,0.00,0.00,0.00,0.00,0.00,-1,-1e-30,0.00,7.394e-01,2.592e-01,2.433e-04,7.932e-05,6.328e-04,-1.000,1.418e-03,0.188,0.151,0.521,0.546,-0.383
0.0013794,-1.05000,10.07918,0.8319254518,2.4293987751,0.755,1.868,3.7223,2.289,4,0.000,0.514,0.00,0.00,0.00,0.00,0.00,-1,-1e-30,0.00,7.394e-01,2.592e-01,2.433e-04,7.932e-05,6.328e-04,-1.000,1.418e-03,0.099,0.069,0.449,0.475,-0.476
0.0013794,-1.05000,10.07918,0.8319417834,2.4294040203,0.755,1.905,3.7175,2.233,4,0.000,0.514,0.00,0.00,0.00,0.00,0.00,-1,-1e-30,0.00,7.394e-01,2.592e-01,2.433e-04,7.932e-05,6.328e-04,-1.000,1.418e-03,0.008,-0.016,0.375,0.402,-0.571
0.0013794,-1.05000,10.07918,0.8319488168,2.4294061661,0.755,1.939,3.7132,2.182,4,0.000,0.514,0.00,0.00,0.00,0.00,0.00,-1,-1e-30,0.00,7.394e-01,2.592e-01,2.433e-04,7.932e-05,6.328e-04,-1.000,1.418e-03,-0.079,-0.096,0.305,0.333,-0.660
0.0013794,-1.05000,10.07918,0.8319523335,2.4294073582,0.755,1.975,3.7090,2.129,4,0.000,0.514,0.00,0.00,0.00,0.00,0.00,-1,-1e-30,0.00,7.394e-01,2.592e-01,2.433e-04,7.932e-05,6.328e-04,-1.000,1.418e-03,-0.169,-0.179,0.232,0.261,-0.753
0.0013794,-1.05000,10.07918,0.8319540620,2.4294078350,0.755,2.009,3.7052,2.080,4,0.000,0.514,0.00,0.00,0.00,0.00,0.00,-1,-1e-30,0.00,7.394e-01,2.592e-01,2.433e-04,7.932e-05,6.328e-04,-1.000,1.418e-03,-0.252,-0.256,0.165,0.194,-0.837
0.0013794,-1.05000,10.07918,0.8319550753,2.4294083118,0.755,2.040,3.7019,2.036,4,0.000,0.514,0.00,0.00,0.00,0.00,0.00,-1,-1e-30,0.00,7.394e-01,2.592e-01,2.433e-04,7.932e-05,6.328e-04,-1.000,1.418e-03,-0.330,-0.328,0.101,0.131,-0.917
0.0013794,-1.05000,10.07918,0.8319553733,2.4294083118,0.755,2.050,3.7008,2.021,7,0.000,0.514,0.00,0.00,0.00,0.00,0.00,-1,-1.01e-09,0.00,7.394e-01,2.575e-01,2.433e-04,7.932e-05,6.328e-04,-1.000,3.064e-03,-0.355,-0.351,0.080,0.111,-0.942
0.0013794,-1.05000,10.07918,0.8319562674,2.4294085503,0.755,2.090,3.6969,1.966,7,0.000,0.514,0.00,0.00,0.00,0.00,0.00,-1,-1.28e-09,0.00,7.394e-01,2.575e-01,2.433e-04,7.932e-05,6.328e-04,-1.000,3.064e-03,-0.455,-0.443,-0.002,0.029,-1.044
0.0013794,-1.05000,10.07918,0.8319571018,2.4294087887,0.755,2.127,3.6935,1.915,7,0.000,0.514,0.00,0.00,0.00,0.00,0.00,-1,-1.57e-09,0.00,7.394e-01,2.575e-01,2.433e-04,7.932e-05,6.328e-04,-1.000,3.064e-03,-0.548,-0.528,-0.077,-0.045,-1.136
0.0013794,-1.05000,10.07918,0.8319578171,2.4294090271,0.755,2.160,3.6904,1.870,7,0.000,0.514,0.00,0.00,0.00,0.00,0.00,-1,-1.9e-09,0.00,7.394e-01,2.575e-01,2.433e-04,7.932e-05,6.328e-04,-1.000,3.064e-03,-0.629,-0.602,-0.144,-0.111,-1.218
0.0013794,-1.05000,10.07918,0.8319586515,2.4294092655,0.755,2.187,3.6879,1.833,7,0.000,0.514,0.00,0.00,0.00,0.00,0.00,-1,-2.22e-09,0.00,7.394e-01,2.575e-01,2.433e-04,7.932e-05,6.328e-04,-1.000,3.064e-03,-0.697,-0.663,-0.198,-0.165,-1.285
0.0013794,-1.05000,10.07918,0.8319600224,2.4294097424,0.755,2.200,3.6867,1.814,7,0.000,0.514,0.00,0.00,0.00,0.00,0.00,-1,-2.4e-09,0.00,7.394e-01,2.575e-01,2.433e-04,7.932e-05,6.328e-04,-1.000,3.064e-03,-0.731,-0.695,-0.226,-0.193,-1.319
0.0013794,-1.05000,10.07918,0.8319618106,2.4294104576,0.755,2.177,3.6889,1.847,7,0.000,0.514,0.00,0.00,0.00,0.00,0.00,-1,-2.09e-09,0.00,7.394e-01,2.575e-01,2.433e-04,7.932e-05,6.328e-04,-1.000,3.064e-03,-0.672,-0.642,-0.179,-0.146,-1.261
0.0013794,-1.05000,10.07918,0.8319640160,2.4294111729,0.754,2.157,3.6908,1.874,7,0.000,0.514,0.00,0.00,0.00,0.00,0.00,-1,-1.87e-09,0.00,7.394e-01,2.575e-01,2.433e-04,7.932e-05,6.328e-04,-1.000,3.064e-03,-0.621,-0.596,-0.138,-0.105,-1.211
0.0013794,-1.05000,10.07918,0.8319723010,2.4294137955,0.754,2.137,3.6926,1.901,7,0.000,0.514,0.00,0.00,0.00,0.00,0.00,-1,-1.67e-09,0.00,7.394e-01,2.575e-01,2.433e-04,7.932e-05,6.328e-04,-1.000,3.064e-03,-0.571,-0.550,-0.097,-0.065,-1.160
0.0013794,-1.05000,10.07918,0.8319979310,2.4294219017,0.751,2.165,3.6898,1.860,7,0.000,0.514,0.00,0.00,0.00,0.00,0.00,-1,-1.98e-09,0.00,7.394e-01,2.575e-01,2.433e-04,7.932e-05,6.328e-04,-1.000,3.064e-03,-0.643,-0.615,-0.155,-0.122,-1.232
0.0013794,-1.05000,10.07918,0.8320140839,2.4294271469,0.750,2.203,3.6862,1.807,7,0.000,0.514,0.00,0.00,0.00,0.00,0.00,-1,-2.49e-09,0.00,7.394e-01,2.575e-01,2.433e-04,7.932e-05,6.328e-04,-1.000,3.064e-03,-0.738,-0.700,-0.230,-0.197,-1.326
0.0013794,-1.05000,10.07918,0.8320321441,2.4294328690,0.747,2.253,3.6816,1.737,7,0.000,0.514,0.00,0.00,0.00,0.00,0.00,-1,-3.33e-09,0.00,7.394e-01,2.575e-01,2.433e-04,7.932e-05,6.328e-04,-1.000,3.064e-03,-0.861,-0.814,-0.330,-0.295,-1.451
0.0013794,-1.05000,10.07918,0.8320485950,2.4294381142,0.744,2.298,3.6776,1.674,7,0.000,0.514,0.00,0.00,0.00,0.00,0.00,-1,-4.36e-09,0.00,7.394e-01,2.575e-01,2.433e-04,7.932e-05,6.328e-04,-1.000,3.064e-03,-0.974,-0.918,-0.421,-0.384,-1.566
0.0013794,-1.05000,10.07918,0.8320628405,2.4294426441,0.740,2.340,3.6739,1.615,7,0.000,0.514,0.00,0.00,0.00,0.00,0.00,-1,-5.59e-09,0.00,7.394e-01,2.575e-01,2.433e-04,7.932e-05,6.328e-04,-1.000,3.064e-03,-1.079,-1.015,-0.505,-0.467,-1.672
0.0013794,-1.05000,10.07918,0.8320754170,2.4294466972,0.736,2.381,3.6702,1.557,7,0.000,0.514,0.00,0.00,0.00,0.00,0.00,-1,-7.18e-09,0.00,7.394e-01,2.576e-01,2.433e-04,7.932e-05,6.328e-04,-1.000,3.044e-03,-1.183,-1.109,-0.586,-0.547,-1.776
0.0013794,-1.05000,10.07918,0.8320864439,2.4294502735,0.732,2.422,3.6667,1.500,7,0.000,0.514,0.00,0.00,0.00,0.00,0.00,-1,-9.14e-09,0.00,7.394e-01,2.576e-01,2.433e-04,7.932e-05,6.328e-04,-1.000,2.979e-03,-1.284,-1.200,-0.664,-0.624,-1.877
0.0013794,-1.05000,10.07918,0.8320961595,2.4294533730,0.727,2.461,3.6632,1.443,7,0.000,0.514,0.00,0.00,0.00,0.00,0.00,-1,-1.16e-08,0.00,7.394e-01,2.576e-01,2.432e-04,7.934e-05,6.328e-04,-1.000,2.964e-03,-1.383,-1.288,-0.738,-0.697,-1.976
0.0013794,-1.05000,10.07918,0.8321049213,2.4294559956,0.721,2.501,3.6597,1.386,7,0.000,0.513,8.25,6.39,4.50,3.50,2.83,3,-1.47e-08,0.00,7.394e-01,2.577e-01,2.428e-04,7.947e-05,6.328e-04,-1.000,2.950e-03,-1.482,-1.375,-0.812,-0.769,-2.073
0.0013794,-1.05000,10.07918,0.8321129084,2.4294586182,0.715,2.540,3.6562,1.329,7,0.000,0.510,9.30,7.07,4.95,3.86,3.12,3,-1.87e-08,0.00,7.394e-01,2.577e-01,2.418e-04,8.011e-05,6.328e-04,-1.000,2.880e-03,-1.581,-1.459,-0.882,-0.838,-2.168
0.0013794,-1.05000,10.07918,0.8321202993,2.4294610023,0.707,2.580,3.6511,1.264,7,0.000,0.505,10.64,7.93,5.52,4.31,3.49,2,-2.4e-08,0.00,7.394e-01,2.577e-01,2.395e-04,8.219e-05,6.328e-04,-1.000,2.864e-03,-1.680,-1.536,-0.940,-0.895,-2.258
0.0013794,-1.05000,10.07918,0.8321254849,2.4294626713,0.700,2.610,3.6435,1.199,7,0.000,0.500,12.18,8.89,6.16,4.82,3.90,2,-2.94e-08,0.00,7.394e-01,2.578e-01,2.370e-04,8.496e-05,6.328e-04,-1.000,2.854e-03,-1.755,-1.574,-0.951,-0.905,-2.315
0.0013794,-1.05000,10.07918,0.8321319818,2.4294648170,0.689,2.649,3.6399,1.139,7,0.000,0.492,13.80,9.88,6.81,5.34,4.32,2,-3.78e-08,0.00,7.394e-01,2.578e-01,2.334e-04,8.944e-05,6.328e-04,-1.000,2.814e-03,-1.853,-1.654,-1.018,-0.971,-2.406
0.0013794,-1.05000,10.07918,0.8321381807,2.4294667244,0.676,2.689,3.6365,1.077,7,0.000,0.484,15.66,10.98,7.53,5.92,4.79,2,-4.91e-08,0.00,7.394e-01,2.579e-01,2.299e-04,9.367e-05,6.328e-04,-1.000,2.767e-03,-1.951,-1.735,-1.083,-1.036,-2.496
0.0013794,-1.05000,10.07918,0.8321442604,2.4294686317,0.658,2.728,3.6333,1.014,7,0.000,0.478,17.82,12.24,8.35,6.57,5.32,2,-6.51e-08,0.00,7.393e-01,2.579e-01,2.269e-04,9.736e-05,6.328e-04,-1.000,2.810e-03,-2.049,-1.815,-1.149,-1.102,-2.586
0.0013794,-1.05000,10.07918,0.8321500421,2.4294705391,0.636,2.767,3.6302,0.947,7,0.000,0.472,20.37,13.68,9.27,7.32,5.93,1,-8.8e-08,0.00,7.393e-01,2.579e-01,2.243e-04,1.006e-04,6.328e-04,-1.000,2.778e-03,-2.148,-1.895,-1.214,-1.166,-2.676
0.0013794,-1.05000,10.07918,0.8321551681,2.4294722080,0.610,2.805,3.6282,0.883,7,0.000,0.467,23.18,15.20,10.25,8.12,6.57,1,-1.22e-07,0.00,7.393e-01,2.580e-01,2.220e-04,1.034e-04,6.328e-04,-1.000,2.728e-03,-2.243,-1.976,-1.283,-1.234,-2.766
0.0013794,-1.05000,10.07918,0.8321599364,2.4294736385,0.575,2.844,3.6287,0.820,7,0.000,0.463,26.18,16.76,11.24,8.94,7.23,1,-1.74e-07,0.00,7.392e-01,2.580e-01,2.200e-04,1.058e-04,6.327e-04,-1.000,2.753e-03,-2.340,-2.075,-1.377,-1.328,-2.867
0.0013794,-1.05000,10.07918,0.8321636319,2.4294748306,0.537,2.879,3.6376,0.790,7,0.000,0.459,27.54,17.38,11.62,9.27,7.49,1,-2.47e-07,0.00,7.392e-01,2.581e-01,2.183e-04,1.078e-04,6.327e-04,-1.000,2.720e-03,-2.428,-2.212,-1.542,-1.493,-2.985
0.0013794,-1.05000,10.07918,0.8321650624,2.4294753075,0.508,2.896,3.6564,0.826,7,0.000,0.457,25.22,16.08,10.77,8.60,6.95,1,-2.81e-07,0.00,7.391e-01,2.581e-01,2.173e-04,1.091e-04,6.327e-04,-1.000,2.740e-03,-2.469,-2.343,-1.734,-1.688,-3.073
0.0013794,-1.05000,10.07918,1.0957379341,2.4909605980,0.545,-9.999,3.5894,7.955,9,0.545,0.000,0.00,0.00,0.00,0.00,0.00,-1,-1e-30,0.00,7.258e-01,2.727e-01,2.008e-04,1.499e-04,6.442e-04,-1.000,1.416e-03,29.767,30.097,30.974,31.022,29.194
