Zini,MH,logAge,Mini,int_IMF,Mass,logL,logTe,logg,label,McoreTP,C_O,period0,period1,period2,period3,period4,pmode,Mloss,tau1m,X,Y,Xc,Xn,Xo,Cexcess,Z,,mbolmag,Gmag,G_BPbrmag,G_BPftmag,G_RPmag
0.0027383,-0.75000,10.06070,0.0900000036,1.0816895962,0.090,-3.279,3.4257,5.326,1,0.000,0.545,0.00,0.00,0.00,0.00,0.00,-1,-4.61e-17,0.00,7.414e-01,2.557e-01,5.226e-04,1.410e-04,1.279e-03,-1.000,2.907e-03,12.967,14.480,17.306,17.350,13.068,
0.0027383,-0.75000,10.06070,0.0995518640,1.1673520803,0.100,-3.068,3.4552,5.277,1,0.000,0.545,0.00,0.00,0.00,0.00,0.00,-1,-7.58e-17,0.00,7.405e-01,2.566e-01,5.226e-04,1.410e-04,1.279e-03,-1.000,2.907e-03,12.441,13.702,15.949,15.994,12.374,
0.0027383,-0.75000,10.06070,0.1186555773,1.3103898764,0.118,-2.801,3.4877,5.215,1,0.000,0.545,0.00,0.00,0.00,0.00,0.00,-1,-1.43e-16,0.00,7.389e-01,2.582e-01,5.226e-04,1.410e-04,1.279e-03,-1.000,2.907e-03,11.772,12.753,14.437,14.484,11.541,
0.0027383,-0.75000,10.06070,0.1377592981,1.4262396097,0.138,-2.616,3.5068,5.172,1,0.000,0.545,0.00,0.00,0.00,0.00,0.00,-1,-2.13e-16,0.00,7.376e-01,2.595e-01,5.226e-04,1.410e-04,1.279e-03,-1.000,2.906e-03,11.311,12.139,13.571,13.618,10.999,
0.0027383,-0.75000,10.06070,0.1568630189,1.5228853226,0.157,-2.475,3.5194,5.138,1,0.000,0.545,0.00,0.00,0.00,0.00,0.00,-1,-2.87e-16,0.00,7.365e-01,2.606e-01,5.226e-04,1.410e-04,1.279e-03,-1.000,2.906e-03,10.957,11.690,12.982,13.030,10.596,
0.0027383,-0.75000,10.06070,0.1667163670,1.5669417381,0.166,-2.414,3.5240,5.121,1,0.000,0.545,0.00,0.00,0.00,0.00,0.00,-1,-3.27e-16,0.00,7.360e-01,2.611e-01,5.226e-04,1.410e-04,1.279e-03,-1.000,2.907e-03,10.806,11.507,12.758,12.806,10.429,
0.0027383,-0.75000,10.06070,0.1950704604,1.6768825054,0.195,-2.258,3.5356,5.079,1,0.000,0.545,0.00,0.00,0.00,0.00,0.00,-1,-4.54e-16,0.00,7.349e-01,2.622e-01,5.226e-04,1.410e-04,1.279e-03,-1.000,2.907e-03,10.414,11.039,12.194,12.242,10.000,
0.0027383,-0.75000,10.06070,0.2428297698,1.8217788935,0.242,-2.052,3.5482,5.019,1,0.000,0.545,0.00,0.00,0.00,0.00,0.00,-1,-4.31e-17,0.00,7.342e-01,2.629e-01,5.226e-04,1.410e-04,1.279e-03,-1.000,2.907e-03,9.901,10.450,11.515,11.563,9.449,
0.0027383,-0.75000,10.06070,0.2905890644,1.9336736202,0.290,-1.892,3.5573,4.973,1,0.000,0.545,0.00,0.00,0.00,0.00,0.00,-1,-8.08e-17,0.00,7.342e-01,2.629e-01,5.226e-04,1.410e-04,1.279e-03,-1.000,2.907e-03,9.501,10.001,11.010,11.057,9.026,
0.0027383,-0.75000,10.06070,0.3383483291,2.0238966942,0.338,-1.757,3.5649,4.935,1,0.000,0.545,0.00,0.00,0.00,0.00,0.00,-1,-7.91e-16,0.00,7.409e-01,2.562e-01,5.226e-04,1.410e-04,1.279e-03,-1.000,2.906e-03,9.162,9.623,10.590,10.637,8.670,
0.0027383,-0.75000,10.06070,0.3861076236,2.0989179611,0.385,-1.614,3.5751,4.890,1,0.000,0.545,0.00,0.00,0.00,0.00,0.00,-1,-1.77e-15,0.00,7.431e-01,2.540e-01,5.226e-04,1.410e-04,1.279e-03,-1.000,2.907e-03,8.804,9.217,10.132,10.179,8.290,
0.0027383,-0.75000,10.06070,0.4338669777,2.1627519131,0.433,-1.454,3.5888,4.835,1,0.000,0.545,0.00,0.00,0.00,0.00,0.00,-1,-2.57e-15,0.00,7.432e-01,2.539e-01,5.226e-04,1.410e-04,1.279e-03,-1.000,2.907e-03,8.404,8.758,9.611,9.658,7.866,
0.0027383,-0.75000,10.06070,0.4816262424,2.2180478573,0.481,-1.275,3.6084,4.781,1,0.000,0.545,0.00,0.00,0.00,0.00,0.00,-1,-3.91e-15,0.00,7.432e-01,2.539e-01,5.226e-04,1.410e-04,1.279e-03,-1.000,2.907e-03,7.958,8.242,9.016,9.062,7.396,
0.0027383,-0.75000,10.06070,0.5293855667,2.2658236027,0.529,-1.074,3.6363,4.733,1,0.000,0.545,0.00,0.00,0.00,0.00,0.00,-1,-6.26e-15,0.00,7.618e-01,2.355e-01,4.802e-04,1.296e-04,1.176e-03,-1.000,2.695e-03,7.456,7.648,8.314,8.358,6.872,
0.0027383,-0.75000,10.06070,0.5771448612,2.3049225807,0.576,-0.872,3.6680,4.695,1,0.000,0.544,0.00,0.00,0.00,0.00,0.00,-1,-9.97e-15,0.00,7.779e-01,2.195e-01,4.569e-04,1.234e-04,1.120e-03,-1.000,2.539e-03,6.951,7.032,7.576,7.617,6.346,
0.0027383,-0.75000,10.06070,0.6249040365,2.3372302055,0.624,-0.679,3.6986,4.659,1,0.000,0.544,0.00,0.00,0.00,0.00,0.00,-1,-1.56e-14,0.00,7.836e-01,2.139e-01,4.475e-04,1.209e-04,1.098e-03,-1.000,2.515e-03,6.468,6.462,6.916,6.951,5.852,
0.0027383,-0.75000,10.06070,0.6404733658,2.3465721607,0.640,-0.616,3.7085,4.646,1,0.000,0.544,0.00,0.00,0.00,0.00,0.00,-1,-1.81e-14,0.00,7.858e-01,2.117e-01,4.442e-04,1.200e-04,1.090e-03,-1.000,2.471e-03,6.310,6.284,6.714,6.746,5.696,
0.0027383,-0.75000,10.06070,0.6553526521,2.3550250530,0.655,-0.556,3.7177,4.633,1,0.000,0.544,0.00,0.00,0.00,0.00,0.00,-1,-2.08e-14,0.00,7.879e-01,2.096e-01,4.410e-04,1.192e-04,1.082e-03,-1.000,2.466e-03,6.159,6.117,6.525,6.556,5.550,
0.0027383,-0.75000,10.06070,0.6697689891,2.3628041744,0.669,-0.497,3.7265,4.619,1,0.000,0.543,0.00,0.00,0.00,0.00,0.00,-1,-2.17e-14,0.00,7.900e-01,2.075e-01,4.378e-04,1.183e-04,1.075e-03,-1.000,2.453e-03,6.013,5.959,6.348,6.376,5.409,
0.0027383,-0.75000,10.06070,0.6726634502,2.3643198013,0.672,-0.485,3.7283,4.616,1,0.000,0.543,0.00,0.00,0.00,0.00,0.00,-1,-2.46e-14,0.00,7.904e-01,2.071e-01,4.372e-04,1.181e-04,1.073e-03,-1.000,2.451e-03,5.983,5.927,6.312,6.340,5.381,
0.0027383,-0.75000,10.06070,0.6818327308,2.3690237999,0.681,-0.448,3.7335,4.605,1,0.000,0.543,0.00,0.00,0.00,0.00,0.00,-1,-2.7e-14,0.00,7.920e-01,2.056e-01,4.338e-04,1.174e-04,1.067e-03,-1.000,2.420e-03,5.889,5.828,6.202,6.229,5.292,
0.0027383,-0.75000,10.06070,0.6963669062,2.3761889935,0.696,-0.388,3.7415,4.586,1,0.000,0.541,0.00,0.00,0.00,0.00,0.00,-1,-3.13e-14,0.00,7.946e-01,2.030e-01,4.283e-04,1.162e-04,1.056e-03,-1.000,2.380e-03,5.740,5.670,6.029,6.054,5.151,
0.0027383,-0.75000,10.06070,0.7093809843,2.3823192120,0.709,-0.334,3.7485,4.568,1,0.000,0.540,0.00,0.00,0.00,0.00,0.00,-1,-3.59e-14,0.00,7.970e-01,2.007e-01,4.234e-04,1.152e-04,1.047e-03,-1.000,2.386e-03,5.604,5.530,5.874,5.898,5.025,
0.0027383,-0.75000,10.06070,0.7213617563,2.3877384663,0.721,-0.283,3.7548,4.550,1,0.000,0.539,0.00,0.00,0.00,0.00,0.00,-1,-1.57e-14,0.00,7.992e-01,1.984e-01,4.188e-04,1.141e-04,1.038e-03,-1.000,2.318e-03,5.477,5.400,5.732,5.754,4.909,
0.0027383,-0.75000,10.06070,0.7217063904,2.3878912926,0.721,-0.281,3.7549,4.549,1,0.000,0.539,0.00,0.00,0.00,0.00,0.00,-1,-1.54e-14,0.00,7.993e-01,1.984e-01,4.187e-04,1.141e-04,1.037e-03,-1.000,2.316e-03,5.473,5.397,5.728,5.750,4.905,
0.0027383,-0.75000,10.06070,0.7328908443,2.3927612305,0.732,-0.233,3.7602,4.528,1,0.000,0.538,0.00,0.00,0.00,0.00,0.00,-1,-2.21e-14,0.00,8.019e-01,1.957e-01,4.136e-04,1.129e-04,1.027e-03,-1.000,2.314e-03,5.352,5.273,5.594,5.615,4.793,
0.0027383,-0.75000,10.06070,0.7435343862,2.3972396851,0.743,-0.186,3.7650,4.506,1,0.000,0.537,0.00,0.00,0.00,0.00,0.00,-1,-3.11e-14,0.00,8.045e-01,1.932e-01,4.088e-04,1.116e-04,1.016e-03,-1.000,2.283e-03,5.234,5.155,5.466,5.486,4.685,
0.0027383,-0.75000,10.06070,0.7538548112,2.4014437199,0.753,-0.138,3.7695,4.483,1,0.000,0.536,0.00,0.00,0.00,0.00,0.00,-1,-4.35e-14,0.00,8.071e-01,1.906e-01,4.039e-04,1.104e-04,1.005e-03,-1.000,2.285e-03,5.116,5.036,5.339,5.358,4.576,
0.0027383,-0.75000,10.06070,0.7631389499,2.4051139355,0.762,-0.095,3.7733,4.460,1,0.000,0.535,0.00,0.00,0.00,0.00,0.00,-1,-1.21e-14,0.00,8.096e-01,1.881e-01,3.994e-04,1.093e-04,9.950e-04,-1.000,2.287e-03,5.007,4.927,5.222,5.241,4.475,
0.0027383,-0.75000,10.06070,0.7700599432,2.4077839851,0.769,-0.062,3.7760,4.441,1,0.000,0.535,0.00,0.00,0.00,0.00,0.00,-1,-1.1e-14,0.00,8.114e-01,1.863e-01,3.959e-04,1.084e-04,9.873e-04,-1.000,2.272e-03,4.924,4.844,5.134,5.152,4.398,
0.0027383,-0.75000,10.06070,0.7705718279,2.4079792500,0.769,-0.059,3.7762,4.440,1,0.000,0.535,0.00,0.00,0.00,0.00,0.00,-1,-1.03e-14,0.00,8.116e-01,1.861e-01,3.956e-04,1.083e-04,9.865e-04,-1.000,2.270e-03,4.918,4.838,5.127,5.146,4.392,
0.0027383,-0.75000,10.06070,0.7809268236,2.4118664265,0.780,-0.007,3.7796,4.407,1,0.000,0.534,0.00,0.00,0.00,0.00,0.00,-1,-1.85e-14,0.00,8.156e-01,1.821e-01,3.888e-04,1.065e-04,9.704e-04,-1.000,2.221e-03,4.786,4.707,4.989,5.007,4.269,
0.0027383,-0.75000,10.06070,0.7906798720,2.4154207706,0.789,0.045,3.7827,4.373,1,0.000,0.534,0.00,0.00,0.00,0.00,0.00,-1,-3.23e-14,0.00,8.196e-01,1.782e-01,3.821e-04,1.047e-04,9.542e-04,-1.000,2.187e-03,4.656,4.577,4.854,4.871,4.146,
0.0027383,-0.75000,10.06070,0.7998598218,2.4186754227,0.798,0.097,3.7852,4.336,1,0.000,0.533,0.00,0.00,0.00,0.00,0.00,-1,-5.48e-14,0.00,8.235e-01,1.744e-01,3.755e-04,1.030e-04,9.386e-04,-1.000,2.106e-03,4.528,4.449,4.720,4.737,4.023,
0.0027383,-0.75000,10.06070,0.8085685372,2.4216847420,0.807,0.147,3.7871,4.298,1,0.000,0.533,0.00,0.00,0.00,0.00,0.00,-1,-9.14e-14,0.00,8.270e-01,1.709e-01,3.697e-04,1.014e-04,9.245e-04,-1.000,2.069e-03,4.402,4.323,4.591,4.607,3.902,
0.0027383,-0.75000,10.06070,0.8169580698,2.4245138168,0.815,0.198,3.7885,4.257,1,0.000,0.533,0.00,0.00,0.00,0.00,0.00,-1,-1.51e-13,0.00,8.293e-01,1.686e-01,3.658e-04,1.004e-04,9.155e-04,-1.000,2.067e-03,4.274,4.195,4.460,4.476,3.777,
0.0027383,-0.75000,10.06070,0.8187582493,2.4251122475,0.817,0.210,3.7887,4.248,1,0.000,0.533,0.00,0.00,0.00,0.00,0.00,-1,-1.68e-13,0.00,8.297e-01,1.683e-01,3.653e-04,1.002e-04,9.141e-04,-1.000,2.073e-03,4.246,4.167,4.431,4.447,3.750,
0.0027383,-0.75000,10.06070,0.8206303716,2.4257314205,0.819,0.221,3.7890,4.238,1,0.000,0.533,0.00,0.00,0.00,0.00,0.00,-1,-1.75e-13,0.00,8.300e-01,1.679e-01,3.648e-04,1.001e-04,9.129e-04,-1.000,2.080e-03,4.216,4.137,4.401,4.417,3.721,
0.0027383,-0.75000,10.06070,0.8225650787,2.4263677597,0.821,0.234,3.7892,4.227,1,0.000,0.532,0.00,0.00,0.00,0.00,0.00,-1,-1.07e-14,0.00,8.302e-01,1.678e-01,3.645e-04,1.001e-04,9.124e-04,-1.000,2.080e-03,4.184,4.105,4.368,4.384,3.689,
0.0027383,-0.75000,10.06070,0.8256160617,2.4273643494,0.824,0.255,3.7892,4.207,1,0.000,0.532,0.00,0.00,0.00,0.00,0.00,-1,-1.39e-14,0.00,8.304e-01,1.676e-01,3.643e-04,1.000e-04,9.121e-04,-1.000,2.080e-03,4.131,4.052,4.315,4.331,3.636,
0.0027383,-0.75000,10.06070,0.8314473033,2.4292457104,0.830,0.298,3.7887,4.165,1,0.000,0.532,0.00,0.00,0.00,0.00,0.00,-1,-2.31e-14,0.00,8.306e-01,1.673e-01,3.643e-04,9.998e-05,9.119e-04,-1.000,2.056e-03,4.024,3.944,4.208,4.224,3.528,
0.0027383,-0.75000,10.06070,0.8380519152,2.4313404560,0.836,0.351,3.7866,4.108,1,0.000,0.532,0.00,0.00,0.00,0.00,0.00,-1,-4.2e-14,0.00,8.302e-01,1.677e-01,3.658e-04,1.004e-04,9.162e-04,-1.000,2.072e-03,3.893,3.813,4.079,4.096,3.393,
0.0027383,-0.75000,10.06070,0.8403720260,2.4320673943,0.838,0.370,3.7856,4.085,1,0.000,0.532,0.00,0.00,0.00,0.00,0.00,-1,-5.24e-14,0.00,8.297e-01,1.682e-01,3.674e-04,1.009e-04,9.203e-04,-1.000,2.105e-03,3.844,3.764,4.033,4.049,3.342,
0.0027383,-0.75000,10.06070,0.8441891670,2.4332530499,0.842,0.406,3.7822,4.039,2,0.000,0.532,0.00,0.00,0.00,0.00,0.00,-1,-7.59e-14,0.00,8.260e-01,1.719e-01,3.763e-04,1.033e-04,9.425e-04,-1.000,2.145e-03,3.756,3.676,3.950,3.967,3.247,
0.0027383,-0.75000,10.06070,0.8482296467,2.4344949722,0.846,0.446,3.7759,3.975,2,0.000,0.532,0.00,0.00,0.00,0.00,0.00,-1,-1.15e-13,0.00,8.146e-01,1.831e-01,4.004e-04,1.099e-04,1.002e-03,-1.000,2.290e-03,3.656,3.576,3.861,3.879,3.135,
0.0027383,-0.75000,10.06070,0.8513396978,2.4354414940,0.849,0.477,3.7670,3.910,2,0.000,0.534,0.00,0.00,0.00,0.00,0.00,-1,-1.62e-13,0.00,7.935e-01,2.041e-01,4.364e-04,1.196e-04,1.090e-03,-1.000,2.487e-03,3.577,3.499,3.801,3.820,3.039,
0.0027383,-0.75000,10.06070,0.8532379866,2.4360156059,0.851,0.495,3.7578,3.856,2,0.000,0.535,0.00,0.00,0.00,0.00,0.00,-1,-2.02e-13,0.00,7.796e-01,2.178e-01,4.581e-04,1.255e-04,1.142e-03,-1.000,2.592e-03,3.533,3.459,3.778,3.799,2.980,
0.0027383,-0.75000,10.06070,0.8548026085,2.4364862442,0.852,0.511,3.7475,3.799,2,0.000,0.536,0.00,0.00,0.00,0.00,0.00,-1,-2.47e-13,0.00,7.701e-01,2.272e-01,4.726e-04,1.293e-04,1.176e-03,-1.000,2.679e-03,3.492,3.425,3.763,3.786,2.925,
0.0027383,-0.75000,10.06070,0.8560327888,2.4368550777,0.854,0.534,3.7386,3.741,2,0.000,0.536,0.00,0.00,0.00,0.00,0.00,-1,-3e-13,0.00,7.644e-01,2.329e-01,4.812e-04,1.316e-04,1.196e-03,-1.000,2.704e-03,3.435,3.376,3.731,3.755,2.859,
0.0027383,-0.75000,10.06070,0.8571001887,2.4371740818,0.855,0.568,3.7318,3.681,2,0.000,0.537,0.00,0.00,0.00,0.00,0.00,-1,-3.7e-13,0.00,7.604e-01,2.369e-01,4.872e-04,1.332e-04,1.211e-03,-1.000,2.742e-03,3.350,3.299,3.667,3.693,2.768,
0.0027383,-0.75000,10.06070,0.8580892682,2.4374690056,0.856,0.612,3.7269,3.617,2,0.000,0.537,0.00,0.00,0.00,0.00,0.00,-1,-4.69e-13,0.00,7.570e-01,2.402e-01,4.915e-04,1.343e-04,1.221e-03,-1.000,2.794e-03,3.239,3.194,3.572,3.599,2.654,
0.0027383,-0.75000,10.06070,0.8582305312,2.4375109673,0.856,0.619,3.7263,3.608,2,0.000,0.537,0.00,0.00,0.00,0.00,0.00,-1,-4.88e-13,0.00,7.566e-01,2.407e-01,4.920e-04,1.345e-04,1.222e-03,-1.000,2.760e-03,3.221,3.178,3.557,3.583,2.636,
0.0027383,-0.75000,10.06070,0.8590484262,2.4377541542,0.856,0.667,3.7233,3.549,3,0.000,0.537,0.00,0.00,0.00,0.00,0.00,-1,-6.11e-13,0.00,7.539e-01,2.433e-01,4.947e-04,1.352e-04,1.229e-03,-1.000,2.778e-03,3.103,3.063,3.448,3.475,2.516,
0.0027383,-0.75000,10.06070,0.8597180843,2.4379527569,0.857,0.710,3.7212,3.498,3,0.000,0.537,0.00,0.00,0.00,0.00,0.00,-1,-7.44e-13,0.00,7.517e-01,2.455e-01,4.965e-04,1.357e-04,1.233e-03,-1.000,2.798e-03,2.995,2.959,3.348,3.375,2.408,
0.0027383,-0.75000,10.06070,0.8604519963,2.4381699562,0.858,0.762,3.7192,3.438,3,0.000,0.536,0.00,0.00,0.00,0.00,0.00,-1,-9.38e-13,0.00,7.492e-01,2.480e-01,4.977e-04,1.364e-04,1.238e-03,-1.000,2.820e-03,2.866,2.833,3.225,3.253,2.278,
0.0027383,-0.75000,10.06070,0.8609896898,2.4383289814,0.858,0.802,3.7178,3.392,3,0.000,0.535,0.00,0.00,0.00,0.00,0.00,-1,-1.12e-12,0.00,7.472e-01,2.500e-01,4.978e-04,1.370e-04,1.240e-03,-1.000,2.828e-03,2.764,2.733,3.128,3.156,2.176,
0.0027383,-0.75000,10.06070,0.8616344929,2.4385192394,0.859,0.856,3.7161,3.333,3,0.000,0.533,0.00,0.00,0.00,0.00,0.00,-1,-1.42e-12,0.00,7.448e-01,2.524e-01,4.961e-04,1.387e-04,1.243e-03,-1.000,2.807e-03,2.631,2.603,3.001,3.030,2.042,
0.0027383,-0.75000,10.06070,0.8621132970,2.4386601448,0.859,0.899,3.7148,3.284,3,0.000,0.529,0.00,0.00,0.00,0.00,0.00,-1,-1.71e-12,0.00,7.429e-01,2.543e-01,4.928e-04,1.417e-04,1.245e-03,-1.000,2.814e-03,2.522,2.497,2.898,2.927,1.934,
0.0027383,-0.75000,10.06070,0.8625324368,2.4387836456,0.860,0.940,3.7137,3.239,3,0.000,0.525,0.00,0.00,0.00,0.00,0.00,-1,-2.02e-12,0.00,7.413e-01,2.558e-01,4.886e-04,1.460e-04,1.246e-03,-1.000,2.844e-03,2.421,2.397,2.801,2.830,1.832,
0.0027383,-0.75000,10.06070,0.8629277349,2.4388997555,0.860,0.980,3.7125,3.194,3,0.000,0.519,0.00,0.00,0.00,0.00,0.00,-1,-2.4e-12,0.00,7.398e-01,2.573e-01,4.836e-04,1.515e-04,1.248e-03,-1.000,2.885e-03,2.319,2.298,2.704,2.733,1.730,
0.0027383,-0.75000,10.06070,0.8633046746,2.4390106201,0.860,1.022,3.7111,3.147,3,0.000,0.514,0.00,0.00,0.00,0.00,0.00,-1,-2.85e-12,0.00,7.385e-01,2.586e-01,4.786e-04,1.574e-04,1.249e-03,-1.000,2.873e-03,2.215,2.196,2.604,2.634,1.625,
0.0027383,-0.75000,10.06070,0.8636364937,2.4391078949,0.861,1.062,3.7098,3.102,3,0.000,0.510,0.00,0.00,0.00,0.00,0.00,-1,-3.37e-12,0.00,7.375e-01,2.596e-01,4.743e-04,1.628e-04,1.249e-03,-1.000,2.855e-03,2.115,2.098,2.509,2.539,1.525,
0.0027383,-0.75000,10.06070,0.8639519811,2.4392004013,0.861,1.103,3.7085,3.056,3,0.000,0.505,0.00,0.00,0.00,0.00,0.00,-1,-3.99e-12,0.00,7.365e-01,2.606e-01,4.703e-04,1.678e-04,1.250e-03,-1.000,2.854e-03,2.012,1.998,2.412,2.442,1.423,
0.0027383,-0.75000,10.06070,0.8643080592,2.4393045902,0.861,1.153,3.7067,2.999,3,0.000,0.501,0.00,0.00,0.00,0.00,0.00,-1,-4.89e-12,0.00,7.356e-01,2.615e-01,4.663e-04,1.727e-04,1.251e-03,-1.000,2.847e-03,1.887,1.876,2.294,2.324,1.297,
0.0027383,-0.75000,10.06070,0.8645741940,2.4393825531,0.861,1.194,3.7052,2.952,3,0.000,0.498,0.00,0.00,0.00,0.00,0.00,-1,-5.76e-12,0.00,7.351e-01,2.621e-01,4.641e-04,1.756e-04,1.251e-03,-1.000,2.838e-03,1.785,1.777,2.199,2.229,1.195,
0.0027383,-0.75000,10.06070,0.8648819327,2.4394724369,0.861,1.246,3.7033,2.893,3,0.000,0.496,0.00,0.00,0.00,0.00,0.00,-1,-7.08e-12,0.00,7.346e-01,2.626e-01,4.620e-04,1.783e-04,1.251e-03,-1.000,2.844e-03,1.656,1.653,2.079,2.109,1.066,
0.0027383,-0.75000,10.06070,0.8651530147,2.4395518303,0.862,1.295,3.7013,2.835,3,0.000,0.494,0.00,0.00,0.00,0.00,0.00,-1,-8.64e-12,0.00,7.342e-01,2.629e-01,4.606e-04,1.800e-04,1.252e-03,-1.000,2.845e-03,1.532,1.533,1.963,1.994,0.942,
0.0027383,-0.75000,10.06070,0.8653921485,2.4396214485,0.862,1.343,3.6993,2.779,3,0.000,0.494,0.00,0.00,0.00,0.00,0.00,-1,-1.05e-11,0.00,7.341e-01,2.631e-01,4.600e-04,1.808e-04,1.252e-03,-1.000,2.855e-03,1.412,1.417,1.852,1.884,0.822,
0.0027383,-0.75000,10.06070,0.8656122088,2.4396858215,0.862,1.392,3.6972,2.723,3,0.000,0.493,0.00,0.00,0.00,0.00,0.00,-1,-1.26e-11,0.00,7.340e-01,2.631e-01,4.598e-04,1.811e-04,1.252e-03,-1.000,2.893e-03,1.291,1.302,1.742,1.773,0.703,
0.0027383,-0.75000,10.06070,0.8657987714,2.4397401810,0.862,1.436,3.6952,2.670,3,0.000,0.493,0.00,0.00,0.00,0.00,0.00,-1,-1.51e-11,0.00,7.340e-01,2.631e-01,4.597e-04,1.812e-04,1.252e-03,-1.000,2.893e-03,1.179,1.195,1.640,1.672,0.592,
0.0027383,-0.75000,10.06070,0.8659721017,2.4397907257,0.862,1.481,3.6932,2.617,3,0.000,0.493,0.00,0.00,0.00,0.00,0.00,-1,-1.8e-11,0.00,7.340e-01,2.631e-01,4.597e-04,1.813e-04,1.252e-03,-1.000,2.894e-03,1.067,1.088,1.537,1.570,0.480,
0.0027383,-0.75000,10.06070,0.8661301732,2.4398367405,0.862,1.526,3.6910,2.564,3,0.000,0.493,0.00,0.00,0.00,0.00,0.00,-1,-2.14e-11,0.00,7.340e-01,2.631e-01,4.596e-04,1.813e-04,1.252e-03,-1.000,2.894e-03,0.956,0.982,1.436,1.469,0.370,
0.0027383,-0.75000,10.06070,0.8662708998,2.4398777485,0.862,1.568,3.6890,2.513,3,0.000,0.493,0.00,0.00,0.00,0.00,0.00,-1,-2.53e-11,0.00,7.340e-01,2.631e-01,4.596e-04,1.814e-04,1.252e-03,-1.000,2.894e-03,0.849,0.881,1.340,1.373,0.265,
0.0027383,-0.75000,10.06070,0.8663994670,2.4399151802,0.862,1.610,3.6869,2.463,3,0.000,0.493,0.00,0.00,0.00,0.00,0.00,-1,-2.98e-11,0.00,7.340e-01,2.631e-01,4.596e-04,1.814e-04,1.252e-03,-1.000,2.894e-03,0.744,0.782,1.246,1.280,0.161,
0.0027383,-0.75000,10.06070,0.8665134311,2.4399483204,0.862,1.650,3.6848,2.414,3,0.000,0.493,0.00,0.00,0.00,0.00,0.00,-1,-3.48e-11,0.00,7.340e-01,2.632e-01,4.595e-04,1.815e-04,1.252e-03,-1.000,2.894e-03,0.645,0.688,1.158,1.193,0.062,
0.0027383,-0.75000,10.06070,0.8666179180,2.4399788380,0.862,1.688,3.6828,2.368,3,0.000,0.493,0.00,0.00,0.00,0.00,0.00,-1,-4.03e-11,0.00,7.339e-01,2.632e-01,4.595e-04,1.815e-04,1.252e-03,-1.000,2.895e-03,0.549,0.598,1.073,1.108,-0.033,
0.0027383,-0.75000,10.06070,0.8667182922,2.4400079250,0.861,1.726,3.6808,2.322,3,0.000,0.493,0.00,0.00,0.00,0.00,0.00,-1,-4.67e-11,0.00,7.339e-01,2.632e-01,4.595e-04,1.816e-04,1.252e-03,-1.000,2.895e-03,0.455,0.509,0.990,1.026,-0.126,
0.0027383,-0.75000,10.06070,0.8668196201,2.4400374889,0.861,1.759,3.6791,2.283,3,0.000,0.493,0.00,0.00,0.00,0.00,0.00,-1,-5.31e-11,0.00,7.339e-01,2.632e-01,4.594e-04,1.816e-04,1.252e-03,-1.000,2.895e-03,0.374,0.433,0.919,0.954,-0.207,
0.0027383,-0.75000,10.06070,0.8669327497,2.4400703907,0.861,1.785,3.6778,2.251,3,0.000,0.493,0.00,0.00,0.00,0.00,0.00,-1,-5.92e-11,0.00,7.339e-01,2.632e-01,4.594e-04,1.817e-04,1.252e-03,-1.000,2.895e-03,0.308,0.371,0.861,0.897,-0.271,
0.0027383,-0.75000,10.06070,0.8669817448,2.4400846958,0.861,1.775,3.6785,2.264,3,0.000,0.493,0.00,0.00,0.00,0.00,0.00,-1,-5.77e-11,0.00,7.339e-01,2.632e-01,4.594e-04,1.817e-04,1.252e-03,-1.000,2.895e-03,0.332,0.392,0.880,0.916,-0.248,
0.0027383,-0.75000,10.06070,0.8670650125,2.4401087761,0.861,1.746,3.6806,2.301,3,0.000,0.493,0.00,0.00,0.00,0.00,0.00,-1,-5.23e-11,0.00,7.339e-01,2.632e-01,4.594e-04,1.817e-04,1.252e-03,-1.000,2.895e-03,0.404,0.458,0.940,0.975,-0.177,
0.0027383,-0.75000,10.06070,0.8670789599,2.4401128292,0.861,1.753,3.6802,2.292,3,0.000,0.493,0.00,0.00,0.00,0.00,0.00,-1,-5.36e-11,0.00,7.339e-01,2.632e-01,4.594e-04,1.817e-04,1.252e-03,-1.000,2.895e-03,0.387,0.442,0.925,0.960,-0.194,
0.0027383,-0.75000,10.06070,0.8671640754,2.4401376247,0.861,1.796,3.6778,2.240,3,0.000,0.493,0.00,0.00,0.00,0.00,0.00,-1,-6.24e-11,0.00,7.339e-01,2.632e-01,4.593e-04,1.818e-04,1.252e-03,-1.000,2.896e-03,0.280,0.343,0.832,0.868,-0.300,
0.0027383,-0.75000,10.06070,0.8672496080,2.4401624203,0.860,1.841,3.6752,2.185,3,0.000,0.493,0.00,0.00,0.00,0.00,0.00,-1,-7.4e-11,0.00,7.339e-01,2.632e-01,4.593e-04,1.818e-04,1.252e-03,-1.000,2.896e-03,0.168,0.238,0.736,0.772,-0.410,
0.0027383,-0.75000,10.06070,0.8673295379,2.4401855469,0.860,1.885,3.6726,2.130,3,0.000,0.493,0.00,0.00,0.00,0.00,0.00,-1,-8.79e-11,0.00,7.339e-01,2.632e-01,4.593e-04,1.818e-04,1.252e-03,-1.000,2.896e-03,0.057,0.135,0.640,0.676,-0.520,
0.0027383,-0.75000,10.06070,0.8674021363,2.4402067661,0.860,1.929,3.6700,2.076,3,0.000,0.493,0.00,0.00,0.00,0.00,0.00,-1,-1.04e-10,0.00,7.339e-01,2.632e-01,4.593e-04,1.819e-04,1.252e-03,-1.000,2.896e-03,-0.052,0.034,0.546,0.584,-0.628,
0.0027383,-0.75000,10.06070,0.8674564362,2.4402225018,0.860,1.963,3.6679,2.033,3,0.000,0.493,0.00,0.00,0.00,0.00,0.00,-1,-1.19e-10,0.00,7.339e-01,2.632e-01,4.593e-04,1.819e-04,1.252e-03,-1.000,2.896e-03,-0.138,-0.046,0.473,0.511,-0.712,
0.0027383,-0.75000,10.06070,0.8675112128,2.4402384758,0.860,2.000,3.6656,1.986,3,0.000,0.493,0.00,0.00,0.00,0.00,0.00,-1,-1.36e-10,0.00,7.339e-01,2.632e-01,4.592e-04,1.819e-04,1.252e-03,-1.000,2.896e-03,-0.231,-0.132,0.395,0.433,-0.804,
0.0027383,-0.75000,10.06070,0.8675677180,2.4402546883,0.859,2.041,3.6630,1.935,3,0.000,0.493,0.00,0.00,0.00,0.00,0.00,-1,-1.59e-10,0.00,7.339e-01,2.632e-01,4.592e-04,1.819e-04,1.252e-03,-1.000,2.896e-03,-0.334,-0.228,0.308,0.347,-0.907,
0.0027383,-0.75000,10.06070,0.8676214218,2.4402704239,0.859,2.084,3.6603,1.881,3,0.000,0.493,0.00,0.00,0.00,0.00,0.00,-1,-1.87e-10,0.00,7.339e-01,2.632e-01,4.592e-04,1.820e-04,1.252e-03,-1.000,2.896e-03,-0.439,-0.325,0.220,0.260,-1.012,
0.0027383,-0.75000,10.06070,0.8676690459,2.4402842522,0.858,2.124,3.6577,1.830,3,0.000,0.493,0.00,0.00,0.00,0.00,0.00,-1,-2.17e-10,0.00,7.339e-01,2.632e-01,4.592e-04,1.820e-04,1.252e-03,-1.000,2.896e-03,-0.540,-0.417,0.137,0.178,-1.111,
0.0027383,-0.75000,10.06070,0.8677140474,2.4402971268,0.858,2.165,3.6549,1.778,3,0.000,0.493,0.00,0.00,0.00,0.00,0.00,-1,-2.54e-10,0.00,7.339e-01,2.632e-01,4.592e-04,1.820e-04,1.252e-03,-1.000,2.896e-03,-0.643,-0.510,0.054,0.096,-1.211,
0.0027383,-0.75000,10.06070,0.8677552938,2.4403092861,0.858,2.206,3.6522,1.727,3,0.000,0.493,0.00,0.00,0.00,0.00,0.00,-1,-2.96e-10,0.00,7.339e-01,2.632e-01,4.592e-04,1.820e-04,1.252e-03,-1.000,2.896e-03,-0.744,-0.602,-0.028,0.015,-1.309,
0.0027383,-0.75000,10.06070,0.8677933216,2.4403202534,0.857,2.246,3.6494,1.675,3,0.000,0.493,0.00,0.00,0.00,0.00,0.00,-1,-3.44e-10,0.00,7.339e-01,2.632e-01,4.592e-04,1.820e-04,1.252e-03,-1.000,2.896e-03,-0.845,-0.692,-0.108,-0.064,-1.406,
0.0027383,-0.75000,10.06070,0.8678283095,2.4403305054,0.856,2.286,3.6467,1.624,3,0.000,0.493,0.00,0.00,0.00,0.00,0.00,-1,-4e-10,0.00,7.339e-01,2.632e-01,4.591e-04,1.820e-04,1.252e-03,-1.000,2.896e-03,-0.944,-0.780,-0.186,-0.142,-1.502,
0.0027383,-0.75000,10.06070,0.8678607941,2.4403398037,0.856,2.326,3.6439,1.573,3,0.000,0.493,0.00,0.00,0.00,0.00,0.00,-1,-4.66e-10,0.00,7.339e-01,2.632e-01,4.591e-04,1.821e-04,1.252e-03,-1.000,2.896e-03,-1.044,-0.867,-0.263,-0.218,-1.596,
0.0027383,-0.75000,10.06070,0.8678917885,2.4403488636,0.855,2.366,3.6410,1.520,3,0.000,0.492,0.00,0.00,0.00,0.00,0.00,-1,-5.43e-10,0.00,7.339e-01,2.632e-01,4.591e-04,1.821e-04,1.252e-03,-1.000,2.896e-03,-1.146,-0.956,-0.341,-0.296,-1.693,
0.0027383,-0.75000,10.06070,0.8679187894,2.4403567314,0.854,2.405,3.6383,1.470,3,0.000,0.492,0.00,0.00,0.00,0.00,0.00,-1,-6.29e-10,0.00,7.339e-01,2.632e-01,4.591e-04,1.821e-04,1.252e-03,-1.000,2.896e-03,-1.242,-1.038,-0.413,-0.367,-1.782,
0.0027383,-0.75000,10.06070,0.8679446578,2.4403641224,0.854,2.444,3.6354,1.419,3,0.000,0.492,0.00,0.00,0.00,0.00,0.00,-1,-7.31e-10,0.00,7.339e-01,2.633e-01,4.591e-04,1.821e-04,1.252e-03,-1.000,2.896e-03,-1.340,-1.122,-0.485,-0.438,-1.874,
0.0027383,-0.75000,10.06070,0.8679681420,2.4403710365,0.853,2.483,3.6326,1.369,3,0.000,0.492,0.00,0.00,0.00,0.00,0.00,-1,-8.47e-10,0.00,7.339e-01,2.633e-01,4.591e-04,1.821e-04,1.252e-03,-1.000,2.896e-03,-1.437,-1.203,-0.555,-0.508,-1.963,
0.0027383,-0.75000,10.06070,0.8679900169,2.4403772354,0.852,2.521,3.6298,1.319,3,0.000,0.492,10.04,7.53,5.28,4.09,3.31,3,-9.8e-10,0.00,7.339e-01,2.633e-01,4.591e-04,1.821e-04,1.252e-03,-1.000,2.896e-03,-1.532,-1.283,-0.624,-0.576,-2.052,
0.0027383,-0.75000,10.06070,0.8680107594,2.4403831959,0.851,2.560,3.6269,1.268,3,0.000,0.492,11.17,8.25,5.76,4.47,3.62,3,-1.14e-09,0.00,7.338e-01,2.633e-01,4.591e-04,1.821e-04,1.252e-03,-1.000,2.896e-03,-1.629,-1.364,-0.692,-0.644,-2.140,
0.0027383,-0.75000,10.06070,0.8680338860,2.4403901100,0.850,2.606,3.6233,1.206,3,0.000,0.492,12.71,9.22,6.41,4.98,4.03,3,-1.36e-09,0.00,7.338e-01,2.633e-01,4.591e-04,1.821e-04,1.252e-03,-1.000,2.896e-03,-1.745,-1.459,-0.772,-0.724,-2.246,
0.0027383,-0.75000,10.06070,0.8680515885,2.4403951168,0.848,2.644,3.6204,1.156,3,0.000,0.492,14.13,10.10,6.99,5.44,4.41,3,-1.57e-09,0.00,7.338e-01,2.633e-01,4.591e-04,1.821e-04,1.252e-03,-1.000,2.896e-03,-1.841,-1.537,-0.838,-0.789,-2.333,
0.0027383,-0.75000,10.06070,0.8680678010,2.4403998852,0.847,2.682,3.6177,1.107,3,0.000,0.492,15.66,11.03,7.60,5.92,4.80,3,-1.81e-09,0.00,7.338e-01,2.633e-01,4.591e-04,1.822e-04,1.252e-03,-1.000,2.896e-03,-1.934,-1.614,-0.902,-0.853,-2.417,
0.0027383,-0.75000,10.06070,0.8680865169,2.4404051304,0.845,2.728,3.6140,1.045,3,0.000,0.492,17.83,12.32,8.45,6.59,5.35,2,-2.17e-09,0.00,7.338e-01,2.633e-01,4.591e-04,1.822e-04,1.252e-03,-1.000,2.896e-03,-2.050,-1.706,-0.978,-0.928,-2.521,
0.0027383,-0.75000,10.06070,0.8681036234,2.4404101372,0.844,2.773,3.6104,0.984,3,0.000,0.492,20.27,13.75,9.38,7.33,5.95,2,-2.59e-09,0.00,7.338e-01,2.633e-01,4.591e-04,1.822e-04,1.252e-03,-1.000,2.896e-03,-2.164,-1.797,-1.052,-1.002,-2.622,
0.0027383,-0.75000,10.06070,0.8681167364,2.4404139519,0.842,2.811,3.6075,0.934,3,0.000,0.492,22.51,15.04,10.22,8.00,6.49,2,-2.99e-09,0.00,7.338e-01,2.633e-01,4.591e-04,1.822e-04,1.252e-03,-1.000,2.896e-03,-2.257,-1.870,-1.109,-1.059,-2.705,
0.0027383,-0.75000,10.06070,0.8681314588,2.4404182434,0.840,2.855,3.6040,0.875,3,0.000,0.492,25.51,16.74,11.32,8.88,7.20,2,-3.55e-09,0.00,7.338e-01,2.633e-01,4.591e-04,1.822e-04,1.252e-03,-1.000,2.896e-03,-2.368,-1.957,-1.178,-1.127,-2.803,
0.0027383,-0.75000,10.06070,0.8681449890,2.4404222965,0.837,2.900,3.6004,0.815,3,0.000,0.492,28.93,18.65,12.55,9.86,8.00,2,-4.22e-09,0.00,7.338e-01,2.633e-01,4.590e-04,1.822e-04,1.252e-03,-1.000,2.896e-03,-2.479,-2.042,-1.243,-1.192,-2.900,
0.0027383,-0.75000,10.06070,0.8681578040,2.4404258728,0.834,2.944,3.5967,0.754,3,0.000,0.492,32.87,20.80,13.93,10.96,8.90,2,-5.03e-09,0.00,7.338e-01,2.633e-01,4.590e-04,1.822e-04,1.252e-03,-1.000,2.896e-03,-2.591,-2.126,-1.306,-1.254,-2.996,
0.0027383,-0.75000,10.06070,0.8681696057,2.4404292107,0.831,2.988,3.5931,0.694,3,0.000,0.492,37.27,23.16,15.43,12.16,9.87,1,-5.97e-09,0.00,7.338e-01,2.633e-01,4.590e-04,1.822e-04,1.252e-03,-1.000,2.896e-03,-2.701,-2.209,-1.368,-1.316,-3.091,
0.0027383,-0.75000,10.06070,0.8681801558,2.4404323101,0.828,3.031,3.5897,0.637,3,0.000,0.492,42.04,25.67,17.02,13.44,10.91,1,-7.04e-09,0.00,7.338e-01,2.633e-01,4.590e-04,1.822e-04,1.252e-03,-1.000,2.896e-03,-2.806,-2.287,-1.427,-1.375,-3.181,
0.0027383,-0.75000,10.06070,0.8681902289,2.4404354095,0.825,3.073,3.5860,0.577,3,0.000,0.492,47.66,28.57,18.85,14.91,12.11,1,-8.35e-09,0.00,7.338e-01,2.633e-01,4.590e-04,1.822e-04,1.252e-03,-1.000,2.896e-03,-2.914,-2.364,-1.479,-1.427,-3.270,
0.0027383,-0.75000,10.06070,0.8681995273,2.4404380322,0.821,3.115,3.5824,0.518,3,0.000,0.492,53.87,31.71,20.82,16.50,13.40,1,-9.86e-09,0.00,7.338e-01,2.633e-01,4.590e-04,1.822e-04,1.252e-03,-1.000,2.896e-03,-3.019,-2.439,-1.531,-1.479,-3.358,
0.0027383,-0.75000,10.06070,0.8682081103,2.4404404163,0.817,3.157,3.5788,0.461,3,0.000,0.492,60.80,35.15,22.97,18.23,14.82,1,-1.16e-08,0.00,7.338e-01,2.633e-01,4.590e-04,1.822e-04,1.252e-03,-1.000,2.896e-03,-3.122,-2.510,-1.577,-1.524,-3.443,
0.0027383,-0.75000,10.06070,0.8682159781,2.4404428005,0.812,3.197,3.5752,0.403,3,0.000,0.492,68.52,38.91,25.31,20.12,16.36,1,-1.36e-08,0.00,7.338e-01,2.633e-01,4.590e-04,1.822e-04,1.252e-03,-1.000,2.896e-03,-3.222,-2.576,-1.613,-1.561,-3.523,
0.0027383,-0.75000,10.06070,0.8682233691,2.4404449463,0.807,3.237,3.5716,0.346,3,0.000,0.492,77.23,43.08,27.89,22.21,18.06,1,-1.6e-08,0.00,7.338e-01,2.633e-01,4.590e-04,1.822e-04,1.252e-03,-1.000,2.896e-03,-3.322,-2.640,-1.647,-1.594,-3.602,
0.0027383,-0.75000,10.06070,0.8682301641,2.4404468536,0.801,3.275,3.5679,0.291,3,0.000,0.492,86.82,47.57,30.66,24.46,19.89,1,-1.87e-08,0.00,7.338e-01,2.633e-01,4.590e-04,1.822e-04,1.252e-03,-1.000,2.896e-03,-3.417,-2.698,-1.671,-1.619,-3.676,
0.0027383,-0.75000,10.06070,0.8682366014,2.4404487610,0.795,3.313,3.5643,0.235,3,0.000,0.492,97.50,52.48,33.67,26.90,21.88,1,-2.19e-08,0.00,7.338e-01,2.633e-01,4.590e-04,1.822e-04,1.252e-03,-1.000,2.896e-03,-3.512,-2.753,-1.690,-1.638,-3.747,
0.0027383,-0.75000,10.06070,0.8682428002,2.4404504299,0.789,3.349,3.5609,0.181,3,0.000,0.492,109.10,57.71,36.86,29.50,24.00,1,-2.54e-08,0.00,7.338e-01,2.633e-01,4.590e-04,1.822e-04,1.252e-03,-1.000,2.896e-03,-3.603,-2.807,-1.711,-1.658,-3.816,
0.0027383,-0.75000,10.06070,0.8682447672,2.4404511452,0.786,3.359,3.5599,0.166,3,0.000,0.492,112.68,59.30,37.82,30.29,24.64,1,-2.66e-08,0.00,7.338e-01,2.633e-01,4.590e-04,1.822e-04,1.252e-03,-1.000,2.896e-03,-3.629,-2.822,-1.715,-1.663,-3.835,
0.0027383,-0.75000,10.06070,0.8682447672,2.4404511452,0.786,1.724,3.7169,2.429,4,0.000,0.503,0.00,0.00,0.00,0.00,0.00,-1,-1e-30,0.00,7.341e-01,2.630e-01,4.717e-04,1.683e-04,1.253e-03,-1.000,2.869e-03,0.460,0.432,0.827,0.855,-0.126,
0.0027383,-0.75000,10.06070,0.8683052063,2.4404685497,0.786,1.738,3.7159,2.411,4,0.000,0.503,0.00,0.00,0.00,0.00,0.00,-1,-1e-30,0.00,7.341e-01,2.630e-01,4.717e-04,1.683e-04,1.253e-03,-1.000,2.869e-03,0.426,0.399,0.798,0.826,-0.160,
0.0027383,-0.75000,10.06070,0.8683647513,2.4404859543,0.786,1.741,3.7157,2.407,4,0.000,0.503,0.00,0.00,0.00,0.00,0.00,-1,-1e-30,0.00,7.341e-01,2.630e-01,4.717e-04,1.684e-04,1.253e-03,-1.000,2.869e-03,0.417,0.391,0.790,0.818,-0.169,
0.0027383,-0.75000,10.06070,0.8684251904,2.4405033588,0.786,1.743,3.7158,2.406,4,0.000,0.503,0.00,0.00,0.00,0.00,0.00,-1,-1e-30,0.00,7.341e-01,2.630e-01,4.717e-04,1.684e-04,1.253e-03,-1.000,2.869e-03,0.413,0.387,0.785,0.814,-0.173,
0.0027383,-0.75000,10.06070,0.8684872389,2.4405212402,0.786,1.743,3.7161,2.407,4,0.000,0.503,0.00,0.00,0.00,0.00,0.00,-1,-1e-30,0.00,7.341e-01,2.630e-01,4.717e-04,1.684e-04,1.253e-03,-1.000,2.869e-03,0.413,0.386,0.783,0.812,-0.174,
0.0027383,-0.75000,10.06070,0.8685494065,2.4405393600,0.786,1.742,3.7167,2.410,4,0.000,0.503,0.00,0.00,0.00,0.00,0.00,-1,-1e-30,0.00,7.341e-01,2.630e-01,4.717e-04,1.684e-04,1.253e-03,-1.000,2.869e-03,0.415,0.387,0.783,0.811,-0.171,
0.0027383,-0.75000,10.06070,0.8686121106,2.4405574799,0.786,1.741,3.7173,2.414,4,0.000,0.503,0.00,0.00,0.00,0.00,0.00,-1,-1e-30,0.00,7.341e-01,2.630e-01,4.717e-04,1.684e-04,1.253e-03,-1.000,2.869e-03,0.418,0.389,0.784,0.812,-0.168,
0.0027383,-0.75000,10.06070,0.8686745167,2.4405755997,0.786,1.739,3.7180,2.418,4,0.000,0.503,0.00,0.00,0.00,0.00,0.00,-1,-1e-30,0.00,7.341e-01,2.631e-01,4.717e-04,1.684e-04,1.253e-03,-1.000,2.869e-03,0.422,0.392,0.786,0.814,-0.163,
0.0027383,-0.75000,10.06070,0.8687357903,2.4405932426,0.786,1.737,3.7186,2.423,4,0.000,0.503,0.00,0.00,0.00,0.00,0.00,-1,-1e-30,0.00,7.341e-01,2.631e-01,4.717e-04,1.684e-04,1.253e-03,-1.000,2.869e-03,0.426,0.395,0.787,0.815,-0.159,
0.0027383,-0.75000,10.06070,0.8687962294,2.4406106472,0.787,1.736,3.7193,2.427,4,0.000,0.503,0.00,0.00,0.00,0.00,0.00,-1,-1e-30,0.00,7.341e-01,2.631e-01,4.717e-04,1.684e-04,1.253e-03,-1.000,2.869e-03,0.430,0.398,0.788,0.816,-0.155,
0.0027383,-0.75000,10.06070,0.8688605428,2.4406292439,0.787,1.735,3.7199,2.431,4,0.000,0.503,0.00,0.00,0.00,0.00,0.00,-1,-1e-30,0.00,7.341e-01,2.631e-01,4.717e-04,1.684e-04,1.253e-03,-1.000,2.870e-03,0.434,0.400,0.789,0.817,-0.151,
0.0027383,-0.75000,10.06070,0.8689255118,2.4406480789,0.787,1.733,3.7205,2.434,4,0.000,0.503,0.00,0.00,0.00,0.00,0.00,-1,-1e-30,0.00,7.341e-01,2.631e-01,4.717e-04,1.684e-04,1.253e-03,-1.000,2.870e-03,0.437,0.402,0.790,0.818,-0.147,
0.0027383,-0.75000,10.06070,0.8689889312,2.4406664371,0.787,1.732,3.7210,2.437,4,0.000,0.503,0.00,0.00,0.00,0.00,0.00,-1,-1e-30,0.00,7.341e-01,2.631e-01,4.717e-04,1.684e-04,1.253e-03,-1.000,2.870e-03,0.439,0.404,0.791,0.818,-0.145,
0.0027383,-0.75000,10.06070,0.8690509796,2.4406843185,0.787,1.732,3.7214,2.440,4,0.000,0.503,0.00,0.00,0.00,0.00,0.00,-1,-1e-30,0.00,7.341e-01,2.631e-01,4.717e-04,1.684e-04,1.253e-03,-1.000,2.870e-03,0.441,0.406,0.791,0.818,-0.142,
0.0027383,-0.75000,10.06070,0.8691115379,2.4407019615,0.787,1.731,3.7218,2.442,4,0.000,0.503,0.00,0.00,0.00,0.00,0.00,-1,-1e-30,0.00,7.341e-01,2.631e-01,4.717e-04,1.684e-04,1.253e-03,-1.000,2.870e-03,0.443,0.406,0.791,0.818,-0.141,
0.0027383,-0.75000,10.06070,0.8691182137,2.4407038689,0.787,1.731,3.7219,2.443,4,0.000,0.503,0.00,0.00,0.00,0.00,0.00,-1,-1e-30,0.00,7.341e-01,2.631e-01,4.717e-04,1.684e-04,1.253e-03,-1.000,2.870e-03,0.443,0.406,0.791,0.818,-0.140,
0.0027383,-0.75000,10.06070,0.8691307902,2.4407074451,0.787,1.731,3.7219,2.443,4,0.000,0.503,0.00,0.00,0.00,0.00,0.00,-1,-1e-30,0.00,7.341e-01,2.631e-01,4.717e-04,1.684e-04,1.253e-03,-1.000,2.870e-03,0.443,0.407,0.791,0.818,-0.140,
0.0027383,-0.75000,10.06070,0.8691928387,2.4407253265,0.787,1.731,3.7223,2.444,4,0.000,0.503,0.00,0.00,0.00,0.00,0.00,-1,-1e-30,0.00,7.340e-01,2.631e-01,4.717e-04,1.684e-04,1.253e-03,-1.000,2.870e-03,0.443,0.407,0.791,0.818,-0.139,
0.0027383,-0.75000,10.06070,0.8692529798,2.4407427311,0.787,1.731,3.7225,2.445,4,0.000,0.503,0.00,0.00,0.00,0.00,0.00,-1,-1e-30,0.00,7.340e-01,2.631e-01,4.717e-04,1.684e-04,1.253e-03,-1.000,2.870e-03,0.444,0.406,0.790,0.817,-0.139,
0.0027383,-0.75000,10.06070,0.8693155646,2.4407608509,0.787,1.731,3.7227,2.446,4,0.000,0.503,0.00,0.00,0.00,0.00,0.00,-1,-1e-30,0.00,7.340e-01,2.631e-01,4.716e-04,1.685e-04,1.253e-03,-1.000,2.870e-03,0.443,0.406,0.788,0.816,-0.140,
0.0027383,-0.75000,10.06070,0.8693789244,2.4407792091,0.787,1.731,3.7228,2.446,4,0.000,0.503,0.00,0.00,0.00,0.00,0.00,-1,-1e-30,0.00,7.340e-01,2.631e-01,4.716e-04,1.685e-04,1.253e-03,-1.000,2.870e-03,0.441,0.404,0.787,0.814,-0.141,
0.0027383,-0.75000,10.06070,0.8694390059,2.4407966137,0.787,1.732,3.7228,2.445,4,0.000,0.503,0.00,0.00,0.00,0.00,0.00,-1,-1e-30,0.00,7.340e-01,2.631e-01,4.716e-04,1.685e-04,1.253e-03,-1.000,2.870e-03,0.439,0.402,0.784,0.811,-0.143,
0.0027383,-0.75000,10.06070,0.8695040345,2.4408152103,0.787,1.734,3.7227,2.443,4,0.000,0.503,0.00,0.00,0.00,0.00,0.00,-1,-1e-30,0.00,7.340e-01,2.631e-01,4.716e-04,1.685e-04,1.253e-03,-1.000,2.870e-03,0.436,0.398,0.781,0.808,-0.147,
0.0027383,-0.75000,10.06070,0.8695674539,2.4408335686,0.787,1.736,3.7224,2.440,4,0.000,0.503,0.00,0.00,0.00,0.00,0.00,-1,-1e-30,0.00,7.340e-01,2.631e-01,4.716e-04,1.685e-04,1.253e-03,-1.000,2.870e-03,0.431,0.394,0.778,0.805,-0.152,
0.0027383,-0.75000,10.06070,0.8695801497,2.4408373833,0.787,1.736,3.7224,2.440,4,0.000,0.503,0.00,0.00,0.00,0.00,0.00,-1,-1e-30,0.00,7.340e-01,2.631e-01,4.716e-04,1.685e-04,1.253e-03,-1.000,2.870e-03,0.430,0.393,0.777,0.804,-0.153,
0.0027383,-0.75000,10.06070,0.8696380258,2.4408540726,0.788,1.738,3.7221,2.436,4,0.000,0.503,0.00,0.00,0.00,0.00,0.00,-1,-1e-30,0.00,7.340e-01,2.631e-01,4.716e-04,1.685e-04,1.253e-03,-1.000,2.871e-03,0.424,0.388,0.772,0.799,-0.159,
0.0027383,-0.75000,10.06070,0.8696979880,2.4408712387,0.788,1.741,3.7217,2.432,4,0.000,0.503,0.00,0.00,0.00,0.00,0.00,-1,-1e-30,0.00,7.340e-01,2.631e-01,4.716e-04,1.685e-04,1.253e-03,-1.000,2.871e-03,0.417,0.381,0.766,0.794,-0.166,
0.0027383,-0.75000,10.06070,0.8697606921,2.4408893585,0.788,1.744,3.7212,2.427,4,0.000,0.503,0.00,0.00,0.00,0.00,0.00,-1,-1e-30,0.00,7.340e-01,2.631e-01,4.716e-04,1.685e-04,1.253e-03,-1.000,2.871e-03,0.409,0.374,0.760,0.787,-0.175,
0.0027383,-0.75000,10.06070,0.8698207736,2.4409067631,0.788,1.748,3.7206,2.421,4,0.000,0.503,0.00,0.00,0.00,0.00,0.00,-1,-1e-30,0.00,7.340e-01,2.631e-01,4.716e-04,1.685e-04,1.253e-03,-1.000,2.871e-03,0.400,0.365,0.752,0.780,-0.185,
0.0027383,-0.75000,10.06070,0.8698786497,2.4409234524,0.788,1.752,3.7200,2.414,4,0.000,0.503,0.00,0.00,0.00,0.00,0.00,-1,-1e-30,0.00,7.340e-01,2.631e-01,4.716e-04,1.685e-04,1.253e-03,-1.000,2.871e-03,0.389,0.355,0.744,0.772,-0.196,
0.0027383,-0.75000,10.06070,0.8699365854,2.4409401417,0.788,1.757,3.7193,2.407,4,0.000,0.503,0.00,0.00,0.00,0.00,0.00,-1,-1e-30,0.00,7.340e-01,2.631e-01,4.716e-04,1.685e-04,1.253e-03,-1.000,2.871e-03,0.377,0.344,0.735,0.763,-0.208,
0.0027383,-0.75000,10.06070,0.8699953556,2.4409570694,0.788,1.762,3.7186,2.399,4,0.000,0.503,0.00,0.00,0.00,0.00,0.00,-1,-1e-30,0.00,7.340e-01,2.631e-01,4.716e-04,1.685e-04,1.253e-03,-1.000,2.871e-03,0.365,0.333,0.725,0.753,-0.221,
0.0027383,-0.75000,10.06070,0.8700533509,2.4409737587,0.788,1.764,3.7184,2.396,4,0.000,0.503,0.00,0.00,0.00,0.00,0.00,-1,-1e-30,0.00,7.340e-01,2.631e-01,4.716e-04,1.685e-04,1.253e-03,-1.000,2.871e-03,0.359,0.328,0.721,0.749,-0.226,
0.0027383,-0.75000,10.06070,0.8701165318,2.4409921169,0.788,1.770,3.7176,2.387,4,0.000,0.503,0.00,0.00,0.00,0.00,0.00,-1,-1e-30,0.00,7.340e-01,2.631e-01,4.716e-04,1.685e-04,1.253e-03,-1.000,2.871e-03,0.345,0.315,0.710,0.738,-0.241,
0.0027383,-0.75000,10.06070,0.8701758981,2.4410090446,0.788,1.780,3.7162,2.371,4,0.000,0.503,0.00,0.00,0.00,0.00,0.00,-1,-1e-30,0.00,7.340e-01,2.631e-01,4.716e-04,1.685e-04,1.253e-03,-1.000,2.871e-03,0.320,0.293,0.691,0.719,-0.267,
0.0027383,-0.75000,10.06070,0.8702360392,2.4410264492,0.788,1.799,3.7136,2.342,4,0.000,0.503,0.00,0.00,0.00,0.00,0.00,-1,-1e-30,0.00,7.340e-01,2.631e-01,4.716e-04,1.686e-04,1.253e-03,-1.000,2.871e-03,0.273,0.249,0.653,0.682,-0.316,
0.0027383,-0.75000,10.06070,0.8702946305,2.4410433769,0.788,1.830,3.7097,2.296,4,0.000,0.503,0.00,0.00,0.00,0.00,0.00,-1,-1e-30,0.00,7.340e-01,2.631e-01,4.716e-04,1.686e-04,1.253e-03,-1.000,2.871e-03,0.195,0.179,0.592,0.622,-0.395,
0.0027383,-0.75000,10.06070,0.8703294992,2.4410533905,0.788,1.865,3.7055,2.244,4,0.000,0.503,0.00,0.00,0.00,0.00,0.00,-1,-1e-30,0.00,7.340e-01,2.631e-01,4.716e-04,1.686e-04,1.253e-03,-1.000,2.871e-03,0.108,0.100,0.523,0.554,-0.483,
0.0027383,-0.75000,10.06070,0.8703462481,2.4410581589,0.788,1.899,3.7015,2.194,4,0.000,0.503,0.00,0.00,0.00,0.00,0.00,-1,-1e-30,0.00,7.340e-01,2.631e-01,4.716e-04,1.686e-04,1.253e-03,-1.000,2.872e-03,0.023,0.022,0.456,0.487,-0.570,
0.0027383,-0.75000,10.06070,0.8703552485,2.4410607815,0.788,1.936,3.6971,2.139,4,0.000,0.503,0.00,0.00,0.00,0.00,0.00,-1,-1e-30,0.00,7.340e-01,2.631e-01,4.716e-04,1.686e-04,1.253e-03,-1.000,2.872e-03,-0.071,-0.062,0.382,0.415,-0.664,
0.0027383,-0.75000,10.06070,0.8703594804,2.4410619736,0.788,1.972,3.6932,2.088,4,0.000,0.503,0.00,0.00,0.00,0.00,0.00,-1,-1e-30,0.00,7.340e-01,2.631e-01,4.716e-04,1.686e-04,1.253e-03,-1.000,2.872e-03,-0.159,-0.141,0.313,0.346,-0.752,
0.0027383,-0.75000,10.06070,0.8703617454,2.4410626888,0.788,2.006,3.6895,2.039,4,0.000,0.503,0.00,0.00,0.00,0.00,0.00,-1,-1e-30,0.00,7.340e-01,2.631e-01,4.716e-04,1.686e-04,1.253e-03,-1.000,2.872e-03,-0.245,-0.218,0.245,0.279,-0.837,
0.0027383,-0.75000,10.06070,0.8703630567,2.4410631657,0.788,2.037,3.6862,1.994,4,0.000,0.503,0.00,0.00,0.00,0.00,0.00,-1,-1e-30,0.00,7.340e-01,2.631e-01,4.716e-04,1.686e-04,1.253e-03,-1.000,2.872e-03,-0.323,-0.287,0.185,0.220,-0.914,
0.0027383,-0.75000,10.06070,0.8703637123,2.4410631657,0.788,2.056,3.6843,1.968,7,0.000,0.503,0.00,0.00,0.00,0.00,0.00,-1,-9.28e-14,0.00,7.340e-01,2.619e-01,4.716e-04,1.686e-04,1.253e-03,-1.000,4.155e-03,-0.370,-0.330,0.147,0.183,-0.961,
0.0027383,-0.75000,10.06070,0.8703638911,2.4410634041,0.788,2.062,3.6837,1.959,7,0.000,0.503,0.00,0.00,0.00,0.00,0.00,-1,-7.74e-13,0.00,7.340e-01,2.618e-01,4.716e-04,1.686e-04,1.253e-03,-1.000,4.220e-03,-0.385,-0.344,0.135,0.171,-0.976,
0.0027383,-0.75000,10.06070,0.8703651428,2.4410636425,0.788,2.109,3.6791,1.894,7,0.000,0.503,0.00,0.00,0.00,0.00,0.00,-1,-1.3e-09,0.00,7.340e-01,2.616e-01,4.716e-04,1.686e-04,1.253e-03,-1.000,4.441e-03,-0.504,-0.452,0.041,0.078,-1.096,
0.0027383,-0.75000,10.06070,0.8703662753,2.4410638809,0.788,2.147,3.6756,1.842,7,0.000,0.503,0.00,0.00,0.00,0.00,0.00,-1,-1.59e-09,0.00,7.340e-01,2.616e-01,4.716e-04,1.686e-04,1.253e-03,-1.000,4.442e-03,-0.597,-0.536,-0.032,0.006,-1.189,
0.0027383,-0.75000,10.06070,0.8703690171,2.4410648346,0.788,2.164,3.6740,1.818,7,0.000,0.503,0.00,0.00,0.00,0.00,0.00,-1,-1.76e-09,0.00,7.340e-01,2.616e-01,4.716e-04,1.686e-04,1.253e-03,-1.000,4.441e-03,-0.640,-0.576,-0.066,-0.028,-1.232,
0.0027383,-0.75000,10.06070,0.8703726530,2.4410657883,0.788,2.133,3.6769,1.861,7,0.000,0.503,0.00,0.00,0.00,0.00,0.00,-1,-1.49e-09,0.00,7.340e-01,2.616e-01,4.716e-04,1.686e-04,1.253e-03,-1.000,4.442e-03,-0.563,-0.506,-0.006,0.032,-1.155,
0.0027383,-0.75000,10.06070,0.8704106808,2.4410767555,0.785,2.143,3.6759,1.845,7,0.000,0.503,0.00,0.00,0.00,0.00,0.00,-1,-1.58e-09,0.00,7.340e-01,2.616e-01,4.716e-04,1.686e-04,1.253e-03,-1.000,4.441e-03,-0.588,-0.529,-0.025,0.013,-1.181,
0.0027383,-0.75000,10.06070,0.8704361320,2.4410841465,0.784,2.186,3.6717,1.785,7,0.000,0.503,0.00,0.00,0.00,0.00,0.00,-1,-2.02e-09,0.00,7.340e-01,2.616e-01,4.716e-04,1.686e-04,1.253e-03,-1.000,4.441e-03,-0.695,-0.625,-0.108,-0.069,-1.287,
0.0027383,-0.75000,10.06070,0.8704519272,2.4410886765,0.782,2.223,3.6682,1.733,7,0.000,0.503,0.00,0.00,0.00,0.00,0.00,-1,-2.49e-09,0.00,7.340e-01,2.616e-01,4.716e-04,1.686e-04,1.253e-03,-1.000,4.441e-03,-0.787,-0.707,-0.178,-0.138,-1.379,
0.0027383,-0.75000,10.06070,0.8704665899,2.4410929680,0.780,2.258,3.6648,1.683,7,0.000,0.503,0.00,0.00,0.00,0.00,0.00,-1,-3.04e-09,0.00,7.340e-01,2.616e-01,4.716e-04,1.686e-04,1.253e-03,-1.000,4.441e-03,-0.876,-0.785,-0.245,-0.204,-1.465,
0.0027383,-0.75000,10.06070,0.8704832196,2.4410977364,0.778,2.297,3.6612,1.629,7,0.000,0.503,0.00,0.00,0.00,0.00,0.00,-1,-3.81e-09,0.00,7.340e-01,2.616e-01,4.716e-04,1.686e-04,1.253e-03,-1.000,4.441e-03,-0.972,-0.870,-0.318,-0.276,-1.559,
0.0027383,-0.75000,10.06070,0.8704985976,2.4411020279,0.775,2.335,3.6577,1.575,7,0.000,0.503,0.00,0.00,0.00,0.00,0.00,-1,-4.73e-09,0.00,7.340e-01,2.616e-01,4.716e-04,1.686e-04,1.253e-03,-1.000,4.441e-03,-1.068,-0.953,-0.389,-0.346,-1.651,
0.0027383,-0.75000,10.06070,0.8705124855,2.4411060810,0.772,2.374,3.6542,1.521,7,0.000,0.503,0.00,0.00,0.00,0.00,0.00,-1,-5.88e-09,0.00,7.340e-01,2.616e-01,4.716e-04,1.686e-04,1.253e-03,-1.000,4.441e-03,-1.164,-1.036,-0.460,-0.416,-1.742,
0.0027383,-0.75000,10.06070,0.8705250621,2.4411096573,0.769,2.412,3.6507,1.467,7,0.000,0.503,0.00,0.00,0.00,0.00,0.00,-1,-7.34e-09,0.00,7.340e-01,2.616e-01,4.716e-04,1.686e-04,1.253e-03,-1.000,4.414e-03,-1.260,-1.116,-0.528,-0.483,-1.832,
0.0027383,-0.75000,10.06070,0.8705365658,2.4411129951,0.765,2.450,3.6473,1.412,7,0.000,0.503,0.00,0.00,0.00,0.00,0.00,-1,-9.12e-09,0.00,7.340e-01,2.616e-01,4.715e-04,1.686e-04,1.253e-03,-1.000,4.406e-03,-1.355,-1.195,-0.595,-0.549,-1.921,
0.0027383,-0.75000,10.06070,0.8705468178,2.4411160946,0.760,2.488,3.6438,1.358,7,0.000,0.503,0.00,0.00,0.00,0.00,0.00,-1,-1.13e-08,0.00,7.340e-01,2.616e-01,4.713e-04,1.687e-04,1.253e-03,-1.000,4.401e-03,-1.450,-1.273,-0.660,-0.614,-2.008,
0.0027383,-0.75000,10.06070,0.8705560565,2.4411187172,0.755,2.525,3.6401,1.303,7,0.000,0.502,9.98,7.51,5.25,4.08,3.31,3,-1.4e-08,0.00,7.340e-01,2.616e-01,4.707e-04,1.690e-04,1.253e-03,-1.000,4.377e-03,-1.543,-1.349,-0.722,-0.675,-2.093,
0.0027383,-0.75000,10.06070,0.8705604672,2.4411199093,0.753,2.544,3.6379,1.274,7,0.000,0.501,10.61,7.91,5.52,4.30,3.48,3,-1.56e-08,0.00,7.340e-01,2.617e-01,4.700e-04,1.694e-04,1.253e-03,-1.000,4.349e-03,-1.591,-1.384,-0.749,-0.702,-2.135,
0.0027383,-0.75000,10.06070,0.8705685139,2.4411222935,0.747,2.581,3.6339,1.218,7,0.000,0.498,11.94,8.74,6.07,4.74,3.83,3,-1.95e-08,0.00,7.340e-01,2.617e-01,4.679e-04,1.712e-04,1.253e-03,-1.000,4.285e-03,-1.683,-1.455,-0.804,-0.756,-2.217,
0.0027383,-0.75000,10.06070,0.8705762625,2.4411244392,0.740,2.618,3.6274,1.150,7,0.000,0.494,13.74,9.85,6.80,5.32,4.30,2,-2.43e-08,0.00,7.340e-01,2.617e-01,4.646e-04,1.747e-04,1.253e-03,-1.000,4.298e-03,-1.776,-1.513,-0.838,-0.789,-2.292,
0.0027383,-0.75000,10.06070,0.8705836535,2.4411265850,0.731,2.656,3.6226,1.088,7,0.000,0.489,15.62,10.98,7.55,5.91,4.79,2,-3.05e-08,0.00,7.340e-01,2.617e-01,4.603e-04,1.796e-04,1.253e-03,-1.000,4.299e-03,-1.870,-1.579,-0.884,-0.835,-2.371,
0.0027383,-0.75000,10.06070,0.8705908060,2.4411287308,0.721,2.694,3.6187,1.028,7,0.000,0.484,17.68,12.20,8.34,6.54,5.30,2,-3.86e-08,0.00,7.339e-01,2.618e-01,4.557e-04,1.850e-04,1.253e-03,-1.000,4.274e-03,-1.965,-1.650,-0.938,-0.889,-2.453,
0.0027383,-0.75000,10.06070,0.8705976009,2.4411306381,0.708,2.731,3.6153,0.970,7,0.000,0.480,19.92,13.48,9.17,7.21,5.84,2,-4.87e-08,0.00,7.339e-01,2.619e-01,4.515e-04,1.902e-04,1.253e-03,-1.000,4.223e-03,-2.057,-1.720,-0.992,-0.942,-2.534,
0.0027383,-0.75000,10.06070,0.8706040978,2.4411325455,0.693,2.768,3.6118,0.910,7,0.000,0.476,22.55,14.96,10.13,7.98,6.47,2,-6.27e-08,0.00,7.339e-01,2.619e-01,4.476e-04,1.949e-04,1.254e-03,-1.000,4.253e-03,-2.151,-1.791,-1.046,-0.995,-2.616,
0.0027383,-0.75000,10.06070,0.8706102967,2.4411342144,0.674,2.807,3.6084,0.846,7,0.000,0.472,25.68,16.67,11.22,8.87,7.19,1,-8.25e-08,0.00,7.338e-01,2.619e-01,4.441e-04,1.994e-04,1.254e-03,-1.000,4.242e-03,-2.247,-1.864,-1.100,-1.050,-2.700,
0.0027383,-0.75000,10.06070,0.8706154823,2.4411356449,0.654,2.843,3.6055,0.785,7,0.000,0.469,29.08,18.48,12.37,9.81,7.94,1,-1.07e-07,0.00,7.338e-01,2.620e-01,4.412e-04,2.029e-04,1.254e-03,-1.000,4.205e-03,-2.337,-1.933,-1.153,-1.102,-2.779,
0.0027383,-0.75000,10.06070,0.8706190586,2.4411368370,0.635,2.875,3.6031,0.731,7,0.000,0.467,32.45,20.23,13.48,10.71,8.67,1,-1.36e-07,0.00,7.338e-01,2.620e-01,4.391e-04,2.055e-04,1.254e-03,-1.000,4.217e-03,-2.417,-1.995,-1.201,-1.150,-2.849,
0.0027383,-0.75000,10.06070,0.8706220984,2.4411375523,0.616,2.905,3.6013,0.679,7,0.000,0.465,36.01,22.02,14.60,11.63,9.42,1,-1.73e-07,0.00,7.337e-01,2.620e-01,4.373e-04,2.077e-04,1.254e-03,-1.000,4.208e-03,-2.493,-2.058,-1.253,-1.201,-2.919,
0.0027383,-0.75000,10.06070,0.8706250191,2.4411385059,0.591,2.940,3.6003,0.623,7,0.000,0.463,40.34,24.13,15.92,12.72,10.30,1,-2.32e-07,0.00,7.337e-01,2.621e-01,4.354e-04,2.101e-04,1.253e-03,-1.000,4.187e-03,-2.580,-2.137,-1.324,-1.272,-3.003,
0.0027383,-0.75000,10.06070,0.8706274033,2.4411392212,0.564,2.972,3.6025,0.579,7,0.000,0.461,43.98,25.81,16.96,13.58,11.00,1,-3.11e-07,0.00,7.337e-01,2.621e-01,4.338e-04,2.120e-04,1.253e-03,-1.000,4.201e-03,-2.661,-2.230,-1.422,-1.370,-3.092,
0.0027383,-0.75000,10.06070,0.8706292510,2.4411396980,0.537,2.998,3.6135,0.576,7,0.000,0.460,43.85,25.61,16.82,13.49,10.92,1,-4.01e-07,0.00,7.337e-01,2.621e-01,4.327e-04,2.133e-04,1.253e-03,-1.000,4.206e-03,-2.724,-2.365,-1.601,-1.550,-3.200,
0.0027383,-0.75000,10.06070,0.8706300259,2.4411399364,0.512,3.008,3.6280,0.603,7,0.000,0.459,41.05,24.11,15.86,12.73,10.30,1,-4.47e-07,0.00,7.337e-01,2.621e-01,4.319e-04,2.143e-04,1.253e-03,-1.000,4.206e-03,-2.751,-2.480,-1.770,-1.720,-3.279,
0.0027383,-0.75000,10.06070,1.0618820190,2.4850063324,0.538,-9.999,3.6472,7.942,9,0.538,0.000,0.00,0.00,0.00,0.00,0.00,-1,-1e-30,0.00,7.224e-01,2.747e-01,4.246e-04,2.636e-04,1.278e-03,-1.000,2.912e-03,29.767,29.895,30.531,30.575,29.141,
