Zini,MH,logAge,Mini,int_IMF,Mass,logL,logTe,logg,label,McoreTP,C_O,period0,period1,period2,period3,period4,pmode,Mloss,tau1m,X,Y,Xc,Xn,Xo,Cexcess,Z,,mbolmag,Gmag,G_BPbrmag,G_BPftmag,G_RPmag
0.00097797,-1.20000,9.95424,0.0900000036,1.0816895962,0.090,-3.212,3.4571,5.385,1,0.000,0.545,0.00,0.00,0.00,0.00,0.00,-1,-5.22e-17,0.00,7.473e-01,2.517e-01,1.769e-04,4.773e-05,4.329e-04,-1.000,9.838e-04,12.801,13.898,16.089,16.128,12.591,
0.00097797,-1.20000,9.95424,0.0986419395,1.1596609354,0.099,-2.990,3.4889,5.329,1,0.000,0.545,0.00,0.00,0.00,0.00,0.00,-1,-8.88e-17,0.00,7.464e-01,2.527e-01,1.769e-04,4.773e-05,4.329e-04,-1.000,9.839e-04,12.244,13.126,14.772,14.817,11.931,
0.00097797,-1.20000,9.95424,0.1000000015,1.1711064577,0.100,-2.956,3.4937,5.321,1,0.000,0.545,0.00,0.00,0.00,0.00,0.00,-1,-9.61e-17,0.00,7.462e-01,2.528e-01,1.769e-04,4.773e-05,4.329e-04,-1.000,9.839e-04,12.161,13.011,14.591,14.637,11.834,
0.00097797,-1.20000,9.95424,0.1199999973,1.3193154335,0.120,-2.673,3.5264,5.247,1,0.000,0.545,0.00,0.00,0.00,0.00,0.00,-1,-1.84e-16,0.00,7.445e-01,2.545e-01,1.769e-04,4.773e-05,4.329e-04,-1.000,9.840e-04,11.451,12.093,13.308,13.357,11.033,
0.00097797,-1.20000,9.95424,0.1400000006,1.4384527206,0.140,-2.492,3.5427,5.198,1,0.000,0.545,0.00,0.00,0.00,0.00,0.00,-1,-2.73e-16,0.00,7.432e-01,2.558e-01,1.769e-04,4.773e-05,4.329e-04,-1.000,9.839e-04,10.999,11.547,12.637,12.686,10.538,
0.00097797,-1.20000,9.95424,0.1599999964,1.5372931957,0.160,-2.353,3.5530,5.160,1,0.000,0.545,0.00,0.00,0.00,0.00,0.00,-1,-3.67e-16,0.00,7.422e-01,2.568e-01,1.769e-04,4.773e-05,4.329e-04,-1.000,9.840e-04,10.653,11.146,12.168,12.217,10.168,
0.00097797,-1.20000,9.95424,0.2000000179,1.6938792467,0.200,-2.135,3.5672,5.095,1,0.000,0.545,0.00,0.00,0.00,0.00,0.00,-1,-5.83e-16,0.00,7.409e-01,2.581e-01,1.769e-04,4.773e-05,4.329e-04,-1.000,9.840e-04,10.109,10.532,11.473,11.521,9.593,
0.00097797,-1.20000,9.95424,0.2500000000,1.8403258324,0.250,-1.931,3.5785,5.033,1,0.000,0.545,0.00,0.00,0.00,0.00,0.00,-1,-7.23e-16,0.00,7.405e-01,2.585e-01,1.769e-04,4.773e-05,4.329e-04,-1.000,9.840e-04,9.597,9.971,10.856,10.904,9.061,
0.00097797,-1.20000,9.95424,0.3000000417,1.9529141188,0.300,-1.772,3.5869,4.987,1,0.000,0.545,0.00,0.00,0.00,0.00,0.00,-1,-1.24e-15,0.00,7.405e-01,2.585e-01,1.769e-04,4.773e-05,4.329e-04,-1.000,9.839e-04,9.200,9.540,10.387,10.434,8.652,
0.00097797,-1.20000,9.95424,0.3499999940,2.0434174538,0.350,-1.643,3.5940,4.953,1,0.000,0.545,0.00,0.00,0.00,0.00,0.00,-1,-1.61e-15,0.00,7.480e-01,2.510e-01,1.769e-04,4.773e-05,4.329e-04,-1.000,9.840e-04,8.878,9.191,10.007,10.054,8.320,
0.00097797,-1.20000,9.95424,0.4000000060,2.1185026169,0.400,-1.495,3.6049,4.906,1,0.000,0.545,0.00,0.00,0.00,0.00,0.00,-1,-2.24e-15,0.00,7.489e-01,2.501e-01,1.769e-04,4.773e-05,4.329e-04,-1.000,9.840e-04,8.507,8.782,9.553,9.599,7.937,
0.00097797,-1.20000,9.95424,0.4500000179,2.1822810173,0.450,-1.321,3.6218,4.851,1,0.000,0.545,0.00,0.00,0.00,0.00,0.00,-1,-3.36e-15,0.00,7.489e-01,2.501e-01,1.769e-04,4.773e-05,4.329e-04,-1.000,9.840e-04,8.072,8.291,8.997,9.041,7.488,
0.00097797,-1.20000,9.95424,0.5000000000,2.2374541759,0.500,-1.122,3.6493,4.808,1,0.000,0.545,0.00,0.00,0.00,0.00,0.00,-1,-5.29e-15,0.00,7.489e-01,2.501e-01,1.769e-04,4.773e-05,4.329e-04,-1.000,9.840e-04,7.575,7.708,8.311,8.352,6.976,
0.00097797,-1.20000,9.95424,0.5500000715,2.2836585045,0.550,-0.910,3.6796,4.759,1,0.000,0.545,0.00,0.00,0.00,0.00,0.00,-1,-8.69e-15,0.00,7.750e-01,2.241e-01,1.598e-04,4.313e-05,3.913e-04,-1.000,8.855e-04,7.046,7.089,7.590,7.627,6.437,
0.00097797,-1.20000,9.95424,0.6000000238,2.3211214542,0.600,-0.715,3.7065,4.709,1,0.000,0.544,0.00,0.00,0.00,0.00,0.00,-1,-1.38e-14,0.00,7.822e-01,2.170e-01,1.554e-04,4.194e-05,3.806e-04,-1.000,8.113e-04,6.558,6.542,6.973,7.004,5.952,
0.00097797,-1.20000,9.95424,0.6092100739,2.3272552490,0.609,-0.679,3.7121,4.702,1,0.000,0.544,0.00,0.00,0.00,0.00,0.00,-1,-1.5e-14,0.00,7.836e-01,2.156e-01,1.545e-04,4.170e-05,3.785e-04,-1.000,7.891e-04,6.466,6.442,6.860,6.889,5.863,
0.00097797,-1.20000,9.95424,0.6257753968,2.3377671242,0.626,-0.613,3.7222,4.688,1,0.000,0.544,0.00,0.00,0.00,0.00,0.00,-1,-1.75e-14,0.00,7.863e-01,2.129e-01,1.528e-04,4.127e-05,3.746e-04,-1.000,8.571e-04,6.302,6.264,6.660,6.687,5.706,
0.00097797,-1.20000,9.95424,0.6410180330,2.3468897343,0.641,-0.553,3.7313,4.674,1,0.000,0.544,0.00,0.00,0.00,0.00,0.00,-1,-2.02e-14,0.00,7.888e-01,2.103e-01,1.512e-04,4.085e-05,3.708e-04,-1.000,8.758e-04,6.151,6.104,6.480,6.506,5.564,
0.00097797,-1.20000,9.95424,0.6499999762,2.3520355225,0.650,-0.517,3.7366,4.666,1,0.000,0.544,0.00,0.00,0.00,0.00,0.00,-1,-2.2e-14,0.00,7.903e-01,2.088e-01,1.503e-04,4.059e-05,3.685e-04,-1.000,8.855e-04,6.063,6.011,6.377,6.401,5.481,
0.00097797,-1.20000,9.95424,0.6591653824,2.3571205139,0.659,-0.481,3.7415,4.656,1,0.000,0.544,0.00,0.00,0.00,0.00,0.00,-1,-2.4e-14,0.00,7.922e-01,2.069e-01,1.491e-04,4.028e-05,3.657e-04,-1.000,8.753e-04,5.973,5.917,6.274,6.297,5.397,
0.00097797,-1.20000,9.95424,0.6766842604,2.3664007187,0.677,-0.412,3.7508,4.635,1,0.000,0.543,0.00,0.00,0.00,0.00,0.00,-1,-2.84e-14,0.00,7.961e-01,2.031e-01,1.467e-04,3.965e-05,3.601e-04,-1.000,8.516e-04,5.800,5.741,6.079,6.100,5.241,
0.00097797,-1.20000,9.95424,0.6927909255,2.3744583130,0.693,-0.348,3.7589,4.615,1,0.000,0.543,0.00,0.00,0.00,0.00,0.00,-1,-3.33e-14,0.00,7.999e-01,1.993e-01,1.444e-04,3.903e-05,3.546e-04,-1.000,8.118e-04,5.641,5.581,5.901,5.920,5.098,
0.00097797,-1.20000,9.95424,0.6999999881,2.3779268265,0.700,-0.320,3.7625,4.605,1,0.000,0.543,0.00,0.00,0.00,0.00,0.00,-1,-3.58e-14,0.00,8.017e-01,1.975e-01,1.433e-04,3.874e-05,3.520e-04,-1.000,7.903e-04,5.570,5.509,5.823,5.841,5.034,
0.00097797,-1.20000,9.95424,0.7008828521,2.3783459663,0.701,-0.316,3.7629,4.604,1,0.000,0.543,0.00,0.00,0.00,0.00,0.00,-1,-3.61e-14,0.00,8.019e-01,1.973e-01,1.431e-04,3.869e-05,3.516e-04,-1.000,7.871e-04,5.561,5.501,5.813,5.832,5.026,
0.00097797,-1.20000,9.95424,0.7125266790,2.3837623596,0.712,-0.269,3.7685,4.586,1,0.000,0.541,0.00,0.00,0.00,0.00,0.00,-1,-4.07e-14,0.00,8.055e-01,1.937e-01,1.404e-04,3.809e-05,3.463e-04,-1.000,7.869e-04,5.443,5.384,5.686,5.703,4.922,
0.00097797,-1.20000,9.95424,0.7232113481,2.3885567188,0.723,-0.226,3.7734,4.568,1,0.000,0.539,0.00,0.00,0.00,0.00,0.00,-1,-4.56e-14,0.00,8.090e-01,1.902e-01,1.378e-04,3.750e-05,3.411e-04,-1.000,7.871e-04,5.334,5.276,5.568,5.585,4.824,
0.00097797,-1.20000,9.95424,0.7338111401,2.3931543827,0.734,-0.182,3.7781,4.550,1,0.000,0.537,0.00,0.00,0.00,0.00,0.00,-1,-5.11e-14,0.00,8.127e-01,1.865e-01,1.352e-04,3.688e-05,3.356e-04,-1.000,7.822e-04,5.225,5.168,5.451,5.466,4.726,
0.00097797,-1.20000,9.95424,0.7438040972,2.3973512650,0.744,-0.140,3.7824,4.531,1,0.000,0.535,0.00,0.00,0.00,0.00,0.00,-1,-5.72e-14,0.00,8.165e-01,1.828e-01,1.325e-04,3.626e-05,3.301e-04,-1.000,7.565e-04,5.120,5.065,5.339,5.354,4.632,
0.00097797,-1.20000,9.95424,0.7500000000,2.3998889923,0.750,-0.113,3.7849,4.518,1,0.000,0.534,0.00,0.00,0.00,0.00,0.00,-1,-6.14e-14,0.00,8.189e-01,1.804e-01,1.308e-04,3.585e-05,3.265e-04,-1.000,7.103e-04,5.054,5.000,5.270,5.284,4.573,
0.00097797,-1.20000,9.95424,0.7533629537,2.4012463093,0.753,-0.099,3.7861,4.510,1,0.000,0.534,0.00,0.00,0.00,0.00,0.00,-1,-6.38e-14,0.00,8.207e-01,1.787e-01,1.298e-04,3.558e-05,3.240e-04,-1.000,6.872e-04,5.018,4.965,5.232,5.246,4.540,
0.00097797,-1.20000,9.95424,0.7640829682,2.4054813385,0.764,-0.052,3.7899,4.485,1,0.000,0.534,0.00,0.00,0.00,0.00,0.00,-1,-7.27e-14,0.00,8.261e-01,1.732e-01,1.267e-04,3.473e-05,3.165e-04,-1.000,6.879e-04,4.901,4.849,5.110,5.123,4.433,
0.00097797,-1.20000,9.95424,0.7734833956,2.4090843201,0.773,-0.010,3.7932,4.461,1,0.000,0.533,0.00,0.00,0.00,0.00,0.00,-1,-8.18e-14,0.00,8.307e-01,1.686e-01,1.240e-04,3.403e-05,3.102e-04,-1.000,6.887e-04,4.795,4.745,4.999,5.013,4.336,
0.00097797,-1.20000,9.95424,0.7826886773,2.4125161171,0.782,0.033,3.7963,4.436,1,0.000,0.532,0.00,0.00,0.00,0.00,0.00,-1,-9.24e-14,0.00,8.350e-01,1.643e-01,1.216e-04,3.339e-05,3.046e-04,-1.000,6.886e-04,4.688,4.639,4.888,4.901,4.237,
0.00097797,-1.20000,9.95424,0.7947368026,2.4168698788,0.794,0.091,3.8002,4.400,1,0.000,0.532,0.00,0.00,0.00,0.00,0.00,-1,-1.09e-13,0.00,8.403e-01,1.590e-01,1.188e-04,3.265e-05,2.980e-04,-1.000,6.874e-04,4.543,4.494,4.736,4.748,4.101,
0.00097797,-1.20000,9.95424,0.8000000119,2.4187245369,0.799,0.117,3.8019,4.383,1,0.000,0.531,0.00,0.00,0.00,0.00,0.00,-1,-1.18e-13,0.00,8.425e-01,1.569e-01,1.177e-04,3.237e-05,2.955e-04,-1.000,6.871e-04,4.477,4.429,4.667,4.680,4.039,
0.00097797,-1.20000,9.95424,0.8083065748,2.4215953350,0.807,0.161,3.8047,4.355,1,0.000,0.531,0.00,0.00,0.00,0.00,0.00,-1,-1.34e-13,0.00,8.433e-01,1.560e-01,1.179e-04,3.240e-05,2.960e-04,-1.000,6.921e-04,4.368,4.320,4.554,4.566,3.937,
0.00097797,-1.20000,9.95424,0.8167754412,2.4244530201,0.816,0.207,3.8075,4.324,1,0.000,0.531,0.00,0.00,0.00,0.00,0.00,-1,-1.54e-13,0.00,8.441e-01,1.552e-01,1.180e-04,3.246e-05,2.965e-04,-1.000,7.031e-04,4.252,4.204,4.433,4.445,3.827,
0.00097797,-1.20000,9.95424,0.8248556852,2.4271168709,0.824,0.254,3.8099,4.292,1,0.000,0.530,0.00,0.00,0.00,0.00,0.00,-1,-1.76e-13,0.00,8.447e-01,1.546e-01,1.182e-04,3.252e-05,2.972e-04,-1.000,6.999e-04,4.136,4.088,4.313,4.325,3.717,
0.00097797,-1.20000,9.95424,0.8322990537,2.4295182228,0.831,0.298,3.8118,4.259,1,0.000,0.530,0.00,0.00,0.00,0.00,0.00,-1,-2.02e-13,0.00,8.451e-01,1.542e-01,1.184e-04,3.260e-05,2.980e-04,-1.000,6.883e-04,4.025,3.977,4.199,4.210,3.611,
0.00097797,-1.20000,9.95424,0.8417549729,2.4324984550,0.840,0.357,3.8136,4.212,1,0.000,0.530,0.00,0.00,0.00,0.00,0.00,-1,-2.42e-13,0.00,8.448e-01,1.545e-01,1.192e-04,3.281e-05,3.000e-04,-1.000,6.903e-04,3.877,3.828,4.046,4.057,3.466,
0.00097797,-1.20000,9.95424,0.8491640091,2.4347801208,0.848,0.407,3.8145,4.169,1,0.000,0.530,0.00,0.00,0.00,0.00,0.00,-1,-2.87e-13,0.00,8.434e-01,1.559e-01,1.204e-04,3.315e-05,3.031e-04,-1.000,6.904e-04,3.751,3.701,3.918,3.929,3.342,
0.00097797,-1.20000,9.95424,0.8493908644,2.4348492622,0.848,0.409,3.8145,4.167,1,0.000,0.530,0.00,0.00,0.00,0.00,0.00,-1,-2.89e-13,0.00,8.434e-01,1.559e-01,1.205e-04,3.317e-05,3.032e-04,-1.000,6.904e-04,3.747,3.697,3.914,3.925,3.338,
0.00097797,-1.20000,9.95424,0.8500000238,2.4350347519,0.849,0.414,3.8145,4.163,1,0.000,0.530,0.00,0.00,0.00,0.00,0.00,-1,-2.93e-13,0.00,8.433e-01,1.561e-01,1.206e-04,3.320e-05,3.035e-04,-1.000,6.904e-04,3.736,3.686,3.902,3.913,3.326,
0.00097797,-1.20000,9.95424,0.8530273438,2.4359519482,0.852,0.437,3.8144,4.141,1,0.000,0.530,0.00,0.00,0.00,0.00,0.00,-1,-3.15e-13,0.00,8.424e-01,1.569e-01,1.211e-04,3.335e-05,3.049e-04,-1.000,6.963e-04,3.678,3.627,3.844,3.855,3.268,
0.00097797,-1.20000,9.95424,0.8594759107,2.4378809929,0.858,0.490,3.8129,4.086,1,0.000,0.530,0.00,0.00,0.00,0.00,0.00,-1,-3.76e-13,0.00,8.405e-01,1.588e-01,1.223e-04,3.368e-05,3.079e-04,-1.000,7.091e-04,3.546,3.494,3.712,3.723,3.132,
0.00097797,-1.20000,9.95424,0.8648804426,2.4394721985,0.863,0.539,3.8100,4.028,1,0.000,0.530,0.00,0.00,0.00,0.00,0.00,-1,-4.49e-13,0.00,8.390e-01,1.603e-01,1.233e-04,3.395e-05,3.103e-04,-1.000,7.198e-04,3.423,3.370,3.592,3.603,3.002,
0.00097797,-1.20000,9.95424,0.8660299778,2.4398076534,0.864,0.550,3.8092,4.014,1,0.000,0.530,0.00,0.00,0.00,0.00,0.00,-1,-4.68e-13,0.00,8.387e-01,1.606e-01,1.235e-04,3.401e-05,3.108e-04,-1.000,7.220e-04,3.396,3.342,3.565,3.577,2.973,
0.00097797,-1.20000,9.95424,0.8687185645,2.4405882359,0.867,0.579,3.8053,3.970,2,0.000,0.530,0.00,0.00,0.00,0.00,0.00,-1,-5.27e-13,0.00,8.379e-01,1.614e-01,1.240e-04,3.414e-05,3.121e-04,-1.000,7.272e-04,3.321,3.266,3.495,3.507,2.889,
0.00097797,-1.20000,9.95424,0.8715070486,2.4413921833,0.870,0.612,3.7998,3.916,2,0.000,0.530,0.00,0.00,0.00,0.00,0.00,-1,-6.03e-13,0.00,8.371e-01,1.622e-01,1.245e-04,3.428e-05,3.133e-04,-1.000,7.326e-04,3.239,3.182,3.420,3.433,2.794,
0.00097797,-1.20000,9.95424,0.8736305237,2.4420003891,0.872,0.640,3.7934,3.864,2,0.000,0.530,0.00,0.00,0.00,0.00,0.00,-1,-6.81e-13,0.00,8.362e-01,1.631e-01,1.251e-04,3.443e-05,3.147e-04,-1.000,7.367e-04,3.170,3.112,3.361,3.375,2.711,
0.00097797,-1.20000,9.95424,0.8752842546,2.4424715042,0.873,0.662,3.7859,3.812,2,0.000,0.530,0.00,0.00,0.00,0.00,0.00,-1,-7.61e-13,0.00,8.330e-01,1.663e-01,1.271e-04,3.498e-05,3.196e-04,-1.000,7.399e-04,3.114,3.055,3.317,3.332,2.638,
0.00097797,-1.20000,9.95424,0.8766126037,2.4428486824,0.875,0.680,3.7779,3.764,2,0.000,0.531,0.00,0.00,0.00,0.00,0.00,-1,-8.38e-13,0.00,8.208e-01,1.785e-01,1.341e-04,3.686e-05,3.366e-04,-1.000,7.226e-04,3.071,3.012,3.288,3.303,2.578,
0.00097797,-1.20000,9.95424,0.8777164221,2.4431610107,0.876,0.693,3.7702,3.720,2,0.000,0.533,0.00,0.00,0.00,0.00,0.00,-1,-9.08e-13,0.00,8.015e-01,1.977e-01,1.450e-04,3.977e-05,3.625e-04,-1.000,7.706e-04,3.037,2.980,3.270,3.286,2.529,
0.00097797,-1.20000,9.95424,0.8786776662,2.4434323311,0.877,0.705,3.7626,3.678,2,0.000,0.535,0.00,0.00,0.00,0.00,0.00,-1,-9.81e-13,0.00,7.848e-01,2.143e-01,1.543e-04,4.225e-05,3.846e-04,-1.000,8.398e-04,3.007,2.950,3.255,3.273,2.484,
0.00097797,-1.20000,9.95424,0.8797827959,2.4437434673,0.878,0.726,3.7534,3.621,2,0.000,0.536,0.00,0.00,0.00,0.00,0.00,-1,-1.1e-12,0.00,7.728e-01,2.263e-01,1.609e-04,4.401e-05,4.002e-04,-1.000,9.159e-04,2.955,2.902,3.224,3.243,2.417,
0.00097797,-1.20000,9.95424,0.8807034492,2.4440016747,0.879,0.756,3.7466,3.565,2,0.000,0.536,0.00,0.00,0.00,0.00,0.00,-1,-1.25e-12,0.00,7.669e-01,2.321e-01,1.641e-04,4.485e-05,4.077e-04,-1.000,9.654e-04,2.881,2.832,3.167,3.187,2.334,
0.00097797,-1.20000,9.95424,0.8815719485,2.4442451000,0.879,0.795,3.7413,3.504,2,0.000,0.537,0.00,0.00,0.00,0.00,0.00,-1,-1.47e-12,0.00,7.631e-01,2.360e-01,1.660e-04,4.538e-05,4.124e-04,-1.000,9.480e-04,2.782,2.737,3.082,3.103,2.228,
0.00097797,-1.20000,9.95424,0.8818214536,2.4443147182,0.880,0.809,3.7400,3.486,2,0.000,0.537,0.00,0.00,0.00,0.00,0.00,-1,-1.55e-12,0.00,7.622e-01,2.369e-01,1.665e-04,4.551e-05,4.135e-04,-1.000,9.185e-04,2.748,2.705,3.052,3.073,2.193,
0.00097797,-1.20000,9.95424,0.8822780848,2.4444422722,0.880,0.838,3.7381,3.449,3,0.000,0.537,0.00,0.00,0.00,0.00,0.00,-1,-1.72e-12,0.00,7.606e-01,2.385e-01,1.671e-04,4.567e-05,4.151e-04,-1.000,9.405e-04,2.676,2.634,2.984,3.006,2.118,
0.00097797,-1.20000,9.95424,0.8828600049,2.4446046352,0.881,0.877,3.7358,3.401,3,0.000,0.537,0.00,0.00,0.00,0.00,0.00,-1,-1.99e-12,0.00,7.586e-01,2.404e-01,1.678e-04,4.587e-05,4.168e-04,-1.000,9.582e-04,2.578,2.538,2.893,2.915,2.018,
0.00097797,-1.20000,9.95424,0.8834292293,2.4447631836,0.881,0.919,3.7337,3.351,3,0.000,0.537,0.00,0.00,0.00,0.00,0.00,-1,-2.32e-12,0.00,7.568e-01,2.423e-01,1.684e-04,4.603e-05,4.183e-04,-1.000,9.635e-04,2.474,2.436,2.795,2.817,1.913,
0.00097797,-1.20000,9.95424,0.8839726448,2.4449143410,0.882,0.962,3.7320,3.302,3,0.000,0.537,0.00,0.00,0.00,0.00,0.00,-1,-2.71e-12,0.00,7.549e-01,2.441e-01,1.688e-04,4.618e-05,4.194e-04,-1.000,9.747e-04,2.366,2.331,2.692,2.715,1.804,
0.00097797,-1.20000,9.95424,0.8845481277,2.4450743198,0.882,1.010,3.7301,3.246,3,0.000,0.536,0.00,0.00,0.00,0.00,0.00,-1,-3.23e-12,0.00,7.528e-01,2.462e-01,1.689e-04,4.639e-05,4.205e-04,-1.000,9.549e-04,2.244,2.210,2.576,2.599,1.680,
0.00097797,-1.20000,9.95424,0.8850252628,2.4452066422,0.882,1.054,3.7286,3.196,3,0.000,0.533,0.00,0.00,0.00,0.00,0.00,-1,-3.78e-12,0.00,7.509e-01,2.481e-01,1.685e-04,4.679e-05,4.212e-04,-1.000,9.607e-04,2.134,2.103,2.471,2.494,1.570,
0.00097797,-1.20000,9.95424,0.8855147958,2.4453423023,0.883,1.103,3.7271,3.142,3,0.000,0.529,0.00,0.00,0.00,0.00,0.00,-1,-4.5e-12,0.00,7.490e-01,2.500e-01,1.673e-04,4.774e-05,4.219e-04,-1.000,9.721e-04,2.013,1.984,2.355,2.379,1.448,
0.00097797,-1.20000,9.95424,0.8859588504,2.4454650879,0.883,1.150,3.7255,3.088,3,0.000,0.522,0.00,0.00,0.00,0.00,0.00,-1,-5.34e-12,0.00,7.472e-01,2.518e-01,1.655e-04,4.950e-05,4.225e-04,-1.000,9.677e-04,1.895,1.868,2.241,2.265,1.329,
0.00097797,-1.20000,9.95424,0.8863614202,2.4455764294,0.884,1.197,3.7239,3.035,3,0.000,0.515,0.00,0.00,0.00,0.00,0.00,-1,-6.31e-12,0.00,7.456e-01,2.534e-01,1.633e-04,5.191e-05,4.229e-04,-1.000,9.725e-04,1.779,1.753,2.130,2.154,1.212,
0.00097797,-1.20000,9.95424,0.8867343664,2.4456794262,0.884,1.243,3.7223,2.982,3,0.000,0.507,0.00,0.00,0.00,0.00,0.00,-1,-7.47e-12,0.00,7.442e-01,2.548e-01,1.611e-04,5.457e-05,4.233e-04,-1.000,9.589e-04,1.662,1.638,2.018,2.043,1.094,
0.00097797,-1.20000,9.95424,0.8870726228,2.4457726479,0.884,1.290,3.7207,2.930,3,0.000,0.501,0.00,0.00,0.00,0.00,0.00,-1,-8.83e-12,0.00,7.431e-01,2.559e-01,1.591e-04,5.703e-05,4.235e-04,-1.000,9.647e-04,1.546,1.525,1.908,1.933,0.977,
0.00097797,-1.20000,9.95424,0.8873978853,2.4458622932,0.884,1.338,3.7190,2.875,3,0.000,0.495,0.00,0.00,0.00,0.00,0.00,-1,-1.05e-11,0.00,7.421e-01,2.569e-01,1.573e-04,5.918e-05,4.238e-04,-1.000,9.809e-04,1.425,1.407,1.793,1.818,0.856,
0.00097797,-1.20000,9.95424,0.8876745105,2.4459385872,0.884,1.382,3.7173,2.824,3,0.000,0.491,0.00,0.00,0.00,0.00,0.00,-1,-1.23e-11,0.00,7.415e-01,2.576e-01,1.561e-04,6.067e-05,4.239e-04,-1.000,9.781e-04,1.314,1.298,1.688,1.713,0.743,
0.00097797,-1.20000,9.95424,0.8879367709,2.4460108280,0.885,1.428,3.7156,2.771,3,0.000,0.488,0.00,0.00,0.00,0.00,0.00,-1,-1.46e-11,0.00,7.409e-01,2.581e-01,1.552e-04,6.183e-05,4.240e-04,-1.000,9.577e-04,1.200,1.186,1.580,1.606,0.628,
0.00097797,-1.20000,9.95424,0.8881829977,2.4460785389,0.885,1.475,3.7137,2.717,3,0.000,0.486,0.00,0.00,0.00,0.00,0.00,-1,-1.73e-11,0.00,7.405e-01,2.585e-01,1.545e-04,6.271e-05,4.241e-04,-1.000,9.440e-04,1.083,1.072,1.470,1.496,0.511,
0.00097797,-1.20000,9.95424,0.8883948326,2.4461367130,0.885,1.519,3.7119,2.666,3,0.000,0.485,0.00,0.00,0.00,0.00,0.00,-1,-2.03e-11,0.00,7.402e-01,2.588e-01,1.541e-04,6.326e-05,4.242e-04,-1.000,9.582e-04,0.974,0.966,1.367,1.394,0.401,
0.00097797,-1.20000,9.95424,0.8885998130,2.4461929798,0.885,1.564,3.7100,2.612,3,0.000,0.484,0.00,0.00,0.00,0.00,0.00,-1,-2.39e-11,0.00,7.401e-01,2.589e-01,1.539e-04,6.355e-05,4.242e-04,-1.000,9.789e-04,0.859,0.854,1.260,1.287,0.285,
0.00097797,-1.20000,9.95424,0.8887832165,2.4462432861,0.885,1.609,3.7081,2.560,3,0.000,0.484,0.00,0.00,0.00,0.00,0.00,-1,-2.82e-11,0.00,7.400e-01,2.590e-01,1.538e-04,6.363e-05,4.242e-04,-1.000,9.839e-04,0.748,0.747,1.157,1.184,0.174,
0.00097797,-1.20000,9.95424,0.8889466524,2.4462883472,0.885,1.652,3.7062,2.510,3,0.000,0.484,0.00,0.00,0.00,0.00,0.00,-1,-3.29e-11,0.00,7.400e-01,2.590e-01,1.538e-04,6.366e-05,4.242e-04,-1.000,9.840e-04,0.641,0.644,1.058,1.085,0.067,
0.00097797,-1.20000,9.95424,0.8891025782,2.4463310242,0.885,1.696,3.7042,2.458,3,0.000,0.483,0.00,0.00,0.00,0.00,0.00,-1,-3.87e-11,0.00,7.400e-01,2.590e-01,1.538e-04,6.369e-05,4.242e-04,-1.000,9.839e-04,0.531,0.537,0.955,0.983,-0.045,
0.00097797,-1.20000,9.95424,0.8892427087,2.4463694096,0.885,1.739,3.7022,2.407,3,0.000,0.483,0.00,0.00,0.00,0.00,0.00,-1,-4.54e-11,0.00,7.400e-01,2.590e-01,1.538e-04,6.371e-05,4.242e-04,-1.000,9.839e-04,0.423,0.432,0.855,0.884,-0.154,
0.00097797,-1.20000,9.95424,0.8893711567,2.4464046955,0.885,1.781,3.7001,2.356,3,0.000,0.483,0.00,0.00,0.00,0.00,0.00,-1,-5.31e-11,0.00,7.400e-01,2.590e-01,1.538e-04,6.373e-05,4.242e-04,-1.000,9.839e-04,0.317,0.329,0.757,0.786,-0.262,
0.00097797,-1.20000,9.95424,0.8894907236,2.4464373589,0.885,1.824,3.6980,2.305,3,0.000,0.483,0.00,0.00,0.00,0.00,0.00,-1,-6.21e-11,0.00,7.400e-01,2.590e-01,1.537e-04,6.375e-05,4.242e-04,-1.000,9.839e-04,0.210,0.226,0.660,0.689,-0.369,
0.00097797,-1.20000,9.95424,0.8895986080,2.4464669228,0.884,1.865,3.6960,2.256,3,0.000,0.483,0.00,0.00,0.00,0.00,0.00,-1,-7.22e-11,0.00,7.400e-01,2.591e-01,1.537e-04,6.377e-05,4.242e-04,-1.000,9.839e-04,0.108,0.128,0.566,0.596,-0.472,
0.00097797,-1.20000,9.95424,0.8896999955,2.4464948177,0.884,1.906,3.6939,2.206,3,0.000,0.483,0.00,0.00,0.00,0.00,0.00,-1,-8.4e-11,0.00,7.400e-01,2.591e-01,1.537e-04,6.379e-05,4.242e-04,-1.000,9.839e-04,0.006,0.030,0.474,0.504,-0.574,
0.00097797,-1.20000,9.95424,0.8897978067,2.4465215206,0.884,1.946,3.6918,2.158,3,0.000,0.483,0.00,0.00,0.00,0.00,0.00,-1,-9.74e-11,0.00,7.399e-01,2.591e-01,1.537e-04,6.380e-05,4.242e-04,-1.000,9.839e-04,-0.095,-0.066,0.383,0.414,-0.675,
0.00097797,-1.20000,9.95424,0.8898912668,2.4465472698,0.884,1.981,3.6899,2.115,3,0.000,0.483,0.00,0.00,0.00,0.00,0.00,-1,-1.11e-10,0.00,7.399e-01,2.591e-01,1.537e-04,6.382e-05,4.242e-04,-1.000,9.839e-04,-0.183,-0.151,0.303,0.335,-0.764,
0.00097797,-1.20000,9.95424,0.8900090456,2.4465794563,0.883,2.016,3.6881,2.072,3,0.000,0.483,0.00,0.00,0.00,0.00,0.00,-1,-1.27e-10,0.00,7.399e-01,2.591e-01,1.537e-04,6.384e-05,4.242e-04,-1.000,9.839e-04,-0.271,-0.234,0.224,0.256,-0.851,
0.00097797,-1.20000,9.95424,0.8900554180,2.4465920925,0.883,2.002,3.6892,2.091,3,0.000,0.483,0.00,0.00,0.00,0.00,0.00,-1,-1.21e-10,0.00,7.399e-01,2.591e-01,1.537e-04,6.384e-05,4.242e-04,-1.000,9.839e-04,-0.234,-0.201,0.255,0.287,-0.815,
0.00097797,-1.20000,9.95424,0.8901134133,2.4466080666,0.883,1.982,3.6906,2.116,3,0.000,0.483,0.00,0.00,0.00,0.00,0.00,-1,-1.13e-10,0.00,7.399e-01,2.591e-01,1.537e-04,6.385e-05,4.242e-04,-1.000,9.839e-04,-0.186,-0.155,0.297,0.328,-0.767,
0.00097797,-1.20000,9.95424,0.8901521564,2.4466185570,0.883,2.004,3.6894,2.090,3,0.000,0.483,0.00,0.00,0.00,0.00,0.00,-1,-1.21e-10,0.00,7.399e-01,2.591e-01,1.537e-04,6.386e-05,4.242e-04,-1.000,9.839e-04,-0.239,-0.206,0.249,0.281,-0.820,
0.00097797,-1.20000,9.95424,0.8902279139,2.4466392994,0.883,2.046,3.6871,2.038,3,0.000,0.483,0.00,0.00,0.00,0.00,0.00,-1,-1.41e-10,0.00,7.399e-01,2.591e-01,1.537e-04,6.387e-05,4.242e-04,-1.000,9.839e-04,-0.346,-0.307,0.154,0.186,-0.926,
0.00097797,-1.20000,9.95424,0.8902973533,2.4466583729,0.882,2.087,3.6847,1.987,3,0.000,0.483,0.00,0.00,0.00,0.00,0.00,-1,-1.65e-10,0.00,7.399e-01,2.591e-01,1.537e-04,6.388e-05,4.242e-04,-1.000,9.839e-04,-0.449,-0.404,0.064,0.096,-1.029,
0.00097797,-1.20000,9.95424,0.8903639317,2.4466764927,0.882,2.130,3.6824,1.935,3,0.000,0.483,0.00,0.00,0.00,0.00,0.00,-1,-1.92e-10,0.00,7.399e-01,2.591e-01,1.536e-04,6.389e-05,4.243e-04,-1.000,9.839e-04,-0.554,-0.506,-0.030,0.003,-1.136,
0.00097797,-1.20000,9.95424,0.8904230595,2.4466927052,0.882,2.170,3.6799,1.885,3,0.000,0.483,0.00,0.00,0.00,0.00,0.00,-1,-2.24e-10,0.00,7.399e-01,2.591e-01,1.536e-04,6.390e-05,4.243e-04,-1.000,9.839e-04,-0.655,-0.602,-0.118,-0.084,-1.239,
0.00097797,-1.20000,9.95424,0.8904790282,2.4467079639,0.881,2.211,3.6775,1.834,3,0.000,0.483,0.00,0.00,0.00,0.00,0.00,-1,-2.61e-10,0.00,7.399e-01,2.591e-01,1.536e-04,6.391e-05,4.243e-04,-1.000,9.839e-04,-0.758,-0.700,-0.208,-0.173,-1.343,
0.00097797,-1.20000,9.95424,0.8905289173,2.4467215538,0.881,2.251,3.6750,1.784,3,0.000,0.483,0.00,0.00,0.00,0.00,0.00,-1,-3.03e-10,0.00,7.399e-01,2.591e-01,1.536e-04,6.392e-05,4.243e-04,-1.000,9.840e-04,-0.857,-0.793,-0.293,-0.257,-1.444,
0.00097797,-1.20000,9.95424,0.8905757070,2.4467344284,0.880,2.291,3.6726,1.734,3,0.000,0.483,0.00,0.00,0.00,0.00,0.00,-1,-3.52e-10,0.00,7.399e-01,2.591e-01,1.536e-04,6.393e-05,4.243e-04,-1.000,9.839e-04,-0.957,-0.887,-0.378,-0.341,-1.545,
0.00097797,-1.20000,9.95424,0.8906189203,2.4467461109,0.880,2.330,3.6701,1.684,3,0.000,0.483,0.00,0.00,0.00,0.00,0.00,-1,-4.08e-10,0.00,7.399e-01,2.591e-01,1.536e-04,6.393e-05,4.243e-04,-1.000,9.839e-04,-1.056,-0.980,-0.461,-0.423,-1.645,
0.00097797,-1.20000,9.95424,0.8906593323,2.4467573166,0.879,2.370,3.6676,1.634,3,0.000,0.483,0.00,0.00,0.00,0.00,0.00,-1,-4.74e-10,0.00,7.399e-01,2.591e-01,1.536e-04,6.394e-05,4.243e-04,-1.000,9.839e-04,-1.155,-1.072,-0.544,-0.505,-1.744,
0.00097797,-1.20000,9.95424,0.8907043338,2.4467694759,0.878,2.418,3.6644,1.574,3,0.000,0.483,0.00,0.00,0.00,0.00,0.00,-1,-5.67e-10,0.00,7.399e-01,2.591e-01,1.536e-04,6.395e-05,4.243e-04,-1.000,9.839e-04,-1.274,-1.181,-0.641,-0.600,-1.863,
0.00097797,-1.20000,9.95424,0.8907387853,2.4467790127,0.878,2.457,3.6618,1.524,3,0.000,0.483,0.00,0.00,0.00,0.00,0.00,-1,-6.59e-10,0.00,7.399e-01,2.591e-01,1.536e-04,6.395e-05,4.243e-04,-1.000,9.840e-04,-1.373,-1.272,-0.721,-0.680,-1.961,
0.00097797,-1.20000,9.95424,0.8907774687,2.4467895031,0.877,2.505,3.6586,1.462,3,0.000,0.483,7.49,5.85,4.15,3.20,2.59,3,-7.87e-10,0.00,7.399e-01,2.591e-01,1.536e-04,6.396e-05,4.243e-04,-1.000,9.839e-04,-1.492,-1.379,-0.815,-0.772,-2.079,
0.00097797,-1.20000,9.95424,0.8908129930,2.4467992783,0.876,2.552,3.6553,1.401,3,0.000,0.483,8.51,6.53,4.61,3.56,2.88,3,-9.43e-10,0.00,7.399e-01,2.591e-01,1.536e-04,6.397e-05,4.243e-04,-1.000,9.839e-04,-1.610,-1.484,-0.905,-0.862,-2.193,
0.00097797,-1.20000,9.95424,0.8908460736,2.4468080997,0.874,2.600,3.6521,1.340,3,0.000,0.483,9.68,7.29,5.12,3.96,3.21,3,-1.13e-09,0.00,7.399e-01,2.591e-01,1.536e-04,6.397e-05,4.243e-04,-1.000,9.840e-04,-1.730,-1.589,-0.997,-0.953,-2.308,
0.00097797,-1.20000,9.95424,0.8908756375,2.4468162060,0.873,2.646,3.6487,1.280,3,0.000,0.483,10.98,8.13,5.68,4.40,3.57,3,-1.35e-09,0.00,7.399e-01,2.591e-01,1.536e-04,6.398e-05,4.243e-04,-1.000,9.839e-04,-1.845,-1.689,-1.084,-1.039,-2.418,
0.00097797,-1.20000,9.95424,0.8909029961,2.4468238354,0.872,2.692,3.6454,1.220,3,0.000,0.483,12.46,9.06,6.30,4.89,3.96,3,-1.61e-09,0.00,7.399e-01,2.591e-01,1.536e-04,6.398e-05,4.243e-04,-1.000,9.839e-04,-1.961,-1.788,-1.169,-1.124,-2.527,
0.00097797,-1.20000,9.95424,0.8909289241,2.4468307495,0.870,2.740,3.6421,1.158,3,0.000,0.483,14.17,10.12,7.01,5.45,4.42,3,-1.93e-09,0.00,7.399e-01,2.591e-01,1.536e-04,6.399e-05,4.243e-04,-1.000,9.840e-04,-2.079,-1.890,-1.257,-1.211,-2.639,
0.00097797,-1.20000,9.95424,0.8909513354,2.4468369484,0.869,2.784,3.6387,1.100,3,0.000,0.483,16.03,11.25,7.75,6.03,4.89,2,-2.29e-09,0.00,7.399e-01,2.591e-01,1.536e-04,6.399e-05,4.243e-04,-1.000,9.839e-04,-2.190,-1.983,-1.336,-1.289,-2.742,
0.00097797,-1.20000,9.95424,0.8909726739,2.4468426704,0.867,2.829,3.6353,1.040,3,0.000,0.483,18.16,12.52,8.58,6.69,5.43,2,-2.72e-09,0.00,7.399e-01,2.591e-01,1.536e-04,6.399e-05,4.243e-04,-1.000,9.839e-04,-2.303,-2.077,-1.415,-1.368,-2.846,
0.00097797,-1.20000,9.95424,0.8909925222,2.4468481541,0.865,2.874,3.6319,0.980,3,0.000,0.483,20.59,13.94,9.51,7.43,6.03,2,-3.24e-09,0.00,7.399e-01,2.591e-01,1.536e-04,6.400e-05,4.243e-04,-1.000,9.840e-04,-2.416,-2.172,-1.494,-1.446,-2.951,
0.00097797,-1.20000,9.95424,0.8910104632,2.4468531609,0.863,2.918,3.6285,0.921,3,0.000,0.483,23.28,15.49,10.52,8.23,6.68,2,-3.84e-09,0.00,7.399e-01,2.591e-01,1.536e-04,6.400e-05,4.243e-04,-1.000,9.839e-04,-2.526,-2.260,-1.565,-1.517,-3.051,
0.00097797,-1.20000,9.95424,0.8910271525,2.4468576908,0.860,2.962,3.6250,0.862,3,0.000,0.483,26.34,17.22,11.64,9.12,7.40,2,-4.55e-09,0.00,7.399e-01,2.591e-01,1.536e-04,6.400e-05,4.243e-04,-1.000,9.839e-04,-2.635,-2.348,-1.635,-1.586,-3.150,
0.00097797,-1.20000,9.95424,0.8910433054,2.4468619823,0.857,3.008,3.6216,0.802,3,0.000,0.483,29.89,19.19,12.91,10.13,8.23,2,-5.43e-09,0.00,7.399e-01,2.591e-01,1.536e-04,6.400e-05,4.243e-04,-1.000,9.839e-04,-2.749,-2.439,-1.709,-1.659,-3.253,
0.00097797,-1.20000,9.95424,0.8910577297,2.4468660355,0.854,3.051,3.6182,0.743,3,0.000,0.483,33.80,21.32,14.27,11.22,9.11,1,-6.42e-09,0.00,7.399e-01,2.591e-01,1.536e-04,6.401e-05,4.243e-04,-1.000,9.839e-04,-2.857,-2.525,-1.776,-1.726,-3.351,
0.00097797,-1.20000,9.95424,0.8910713792,2.4468696117,0.851,3.095,3.6147,0.684,3,0.000,0.483,38.25,23.71,15.79,12.44,10.10,1,-7.62e-09,0.00,7.399e-01,2.591e-01,1.536e-04,6.401e-05,4.243e-04,-1.000,9.839e-04,-2.966,-2.610,-1.842,-1.792,-3.448,
0.00097797,-1.20000,9.95424,0.8910843730,2.4468731880,0.847,3.139,3.6113,0.624,3,0.000,0.483,43.38,26.40,17.49,13.80,11.22,1,-9.07e-09,0.00,7.399e-01,2.591e-01,1.536e-04,6.401e-05,4.243e-04,-1.000,9.839e-04,-3.078,-2.698,-1.910,-1.859,-3.547,
0.00097797,-1.20000,9.95424,0.8910964131,2.4468765259,0.843,3.183,3.6078,0.564,3,0.000,0.483,49.19,29.39,19.38,15.32,12.45,1,-1.08e-08,0.00,7.399e-01,2.591e-01,1.536e-04,6.401e-05,4.243e-04,-1.000,9.839e-04,-3.188,-2.782,-1.975,-1.923,-3.643,
0.00097797,-1.20000,9.95424,0.8911076784,2.4468796253,0.838,3.227,3.6043,0.504,3,0.000,0.483,55.77,32.72,21.47,17.00,13.82,1,-1.28e-08,0.00,7.399e-01,2.591e-01,1.536e-04,6.401e-05,4.243e-04,-1.000,9.839e-04,-3.297,-2.865,-2.037,-1.985,-3.738,
0.00097797,-1.20000,9.95424,0.8911184072,2.4468824863,0.833,3.271,3.6009,0.444,3,0.000,0.483,63.28,36.43,23.79,18.87,15.34,1,-1.52e-08,0.00,7.399e-01,2.591e-01,1.536e-04,6.402e-05,4.243e-04,-1.000,9.839e-04,-3.407,-2.947,-2.094,-2.043,-3.833,
0.00097797,-1.20000,9.95424,0.8911285996,2.4468853474,0.827,3.313,3.5975,0.385,3,0.000,0.483,71.53,40.44,26.27,20.88,16.98,1,-1.8e-08,0.00,7.399e-01,2.592e-01,1.536e-04,6.402e-05,4.243e-04,-1.000,9.840e-04,-3.512,-3.024,-2.147,-2.095,-3.923,
0.00097797,-1.20000,9.95424,0.8911309838,2.4468860626,0.826,3.321,3.5968,0.373,3,0.000,0.483,73.32,41.30,26.80,21.31,17.33,1,-1.88e-08,0.00,7.399e-01,2.592e-01,1.536e-04,6.402e-05,4.243e-04,-1.000,9.839e-04,-3.533,-3.039,-2.157,-2.105,-3.940,
0.00097797,-1.20000,9.95424,0.8911309838,2.4468860626,0.826,1.771,3.7358,2.479,4,0.000,0.510,0.00,0.00,0.00,0.00,0.00,-1,-1e-30,0.00,7.380e-01,2.610e-01,1.642e-04,5.501e-05,4.296e-04,-1.000,9.840e-04,0.342,0.302,0.651,0.673,-0.212,
0.00097797,-1.20000,9.95424,0.8912035823,2.4469058514,0.826,1.787,3.7346,2.458,4,0.000,0.509,0.00,0.00,0.00,0.00,0.00,-1,-1e-30,0.00,7.380e-01,2.610e-01,1.642e-04,5.502e-05,4.296e-04,-1.000,9.839e-04,0.302,0.263,0.614,0.637,-0.254,
0.00097797,-1.20000,9.95424,0.8912738562,2.4469249249,0.826,1.791,3.7344,2.454,4,0.000,0.509,0.00,0.00,0.00,0.00,0.00,-1,-1e-30,0.00,7.380e-01,2.610e-01,1.642e-04,5.503e-05,4.296e-04,-1.000,9.839e-04,0.293,0.255,0.607,0.629,-0.263,
0.00097797,-1.20000,9.95424,0.8913454413,2.4469444752,0.826,1.793,3.7345,2.452,4,0.000,0.509,0.00,0.00,0.00,0.00,0.00,-1,-1e-30,0.00,7.380e-01,2.610e-01,1.642e-04,5.504e-05,4.296e-04,-1.000,9.839e-04,0.288,0.249,0.602,0.624,-0.268,
0.00097797,-1.20000,9.95424,0.8914173841,2.4469640255,0.826,1.794,3.7347,2.452,4,0.000,0.509,0.00,0.00,0.00,0.00,0.00,-1,-1e-30,0.00,7.380e-01,2.610e-01,1.642e-04,5.505e-05,4.296e-04,-1.000,9.839e-04,0.286,0.246,0.598,0.620,-0.270,
0.00097797,-1.20000,9.95424,0.8914899826,2.4469838142,0.826,1.794,3.7352,2.454,4,0.000,0.509,0.00,0.00,0.00,0.00,0.00,-1,-1e-30,0.00,7.380e-01,2.610e-01,1.642e-04,5.506e-05,4.296e-04,-1.000,9.839e-04,0.285,0.245,0.596,0.618,-0.270,
0.00097797,-1.20000,9.95424,0.8915635943,2.4470040798,0.826,1.794,3.7357,2.456,4,0.000,0.509,0.00,0.00,0.00,0.00,0.00,-1,-1e-30,0.00,7.380e-01,2.610e-01,1.641e-04,5.507e-05,4.296e-04,-1.000,9.839e-04,0.285,0.245,0.594,0.617,-0.269,
0.00097797,-1.20000,9.95424,0.8916359544,2.4470236301,0.826,1.793,3.7363,2.459,4,0.000,0.509,0.00,0.00,0.00,0.00,0.00,-1,-1e-30,0.00,7.380e-01,2.610e-01,1.641e-04,5.508e-05,4.297e-04,-1.000,9.840e-04,0.287,0.246,0.594,0.616,-0.267,
0.00097797,-1.20000,9.95424,0.8917103410,2.4470438957,0.826,1.793,3.7370,2.462,4,0.000,0.509,0.00,0.00,0.00,0.00,0.00,-1,-1e-30,0.00,7.380e-01,2.610e-01,1.641e-04,5.509e-05,4.297e-04,-1.000,9.840e-04,0.288,0.247,0.593,0.615,-0.265,
0.00097797,-1.20000,9.95424,0.8917803168,2.4470629692,0.826,1.792,3.7376,2.465,4,0.000,0.509,0.00,0.00,0.00,0.00,0.00,-1,-1e-30,0.00,7.380e-01,2.610e-01,1.641e-04,5.510e-05,4.297e-04,-1.000,9.840e-04,0.290,0.247,0.593,0.615,-0.263,
0.00097797,-1.20000,9.95424,0.8918564320,2.4470837116,0.826,1.792,3.7383,2.469,4,0.000,0.509,0.00,0.00,0.00,0.00,0.00,-1,-1e-30,0.00,7.380e-01,2.611e-01,1.641e-04,5.511e-05,4.297e-04,-1.000,9.840e-04,0.291,0.248,0.592,0.614,-0.261,
0.00097797,-1.20000,9.95424,0.8919236064,2.4471020699,0.826,1.791,3.7388,2.471,4,0.000,0.509,0.00,0.00,0.00,0.00,0.00,-1,-1e-30,0.00,7.380e-01,2.611e-01,1.641e-04,5.512e-05,4.297e-04,-1.000,9.840e-04,0.292,0.248,0.591,0.613,-0.259,
0.00097797,-1.20000,9.95424,0.8919977546,2.4471223354,0.826,1.791,3.7394,2.474,4,0.000,0.509,0.00,0.00,0.00,0.00,0.00,-1,-1e-30,0.00,7.379e-01,2.611e-01,1.641e-04,5.513e-05,4.297e-04,-1.000,9.839e-04,0.293,0.249,0.591,0.612,-0.258,
0.00097797,-1.20000,9.95424,0.8920697570,2.4471418858,0.827,1.791,3.7399,2.476,4,0.000,0.509,0.00,0.00,0.00,0.00,0.00,-1,-1e-30,0.00,7.379e-01,2.611e-01,1.641e-04,5.514e-05,4.297e-04,-1.000,9.839e-04,0.294,0.249,0.590,0.611,-0.257,
0.00097797,-1.20000,9.95424,0.8921411037,2.4471611977,0.827,1.790,3.7403,2.478,4,0.000,0.509,0.00,0.00,0.00,0.00,0.00,-1,-1e-30,0.00,7.379e-01,2.611e-01,1.641e-04,5.515e-05,4.297e-04,-1.000,9.839e-04,0.294,0.249,0.589,0.610,-0.256,
0.00097797,-1.20000,9.95424,0.8921574354,2.4471657276,0.827,1.790,3.7404,2.478,4,0.000,0.509,0.00,0.00,0.00,0.00,0.00,-1,-1e-30,0.00,7.379e-01,2.611e-01,1.641e-04,5.515e-05,4.297e-04,-1.000,9.840e-04,0.294,0.249,0.588,0.610,-0.256,
0.00097797,-1.20000,9.95424,0.8921653628,2.4471678734,0.827,1.790,3.7404,2.479,4,0.000,0.509,0.00,0.00,0.00,0.00,0.00,-1,-1e-30,0.00,7.379e-01,2.611e-01,1.641e-04,5.515e-05,4.297e-04,-1.000,9.839e-04,0.294,0.249,0.588,0.610,-0.256,
0.00097797,-1.20000,9.95424,0.8922415376,2.4471886158,0.827,1.791,3.7408,2.480,4,0.000,0.509,0.00,0.00,0.00,0.00,0.00,-1,-1e-30,0.00,7.379e-01,2.611e-01,1.641e-04,5.517e-05,4.297e-04,-1.000,9.839e-04,0.293,0.248,0.587,0.608,-0.256,
0.00097797,-1.20000,9.95424,0.8923147321,2.4472084045,0.827,1.791,3.7411,2.481,4,0.000,0.509,0.00,0.00,0.00,0.00,0.00,-1,-1e-30,0.00,7.379e-01,2.611e-01,1.641e-04,5.518e-05,4.297e-04,-1.000,9.839e-04,0.292,0.246,0.585,0.606,-0.256,
0.00097797,-1.20000,9.95424,0.8923874497,2.4472281933,0.827,1.792,3.7413,2.481,4,0.000,0.509,0.00,0.00,0.00,0.00,0.00,-1,-1e-30,0.00,7.379e-01,2.611e-01,1.641e-04,5.519e-05,4.297e-04,-1.000,9.839e-04,0.291,0.245,0.583,0.604,-0.258,
0.00097797,-1.20000,9.95424,0.8924582601,2.4472475052,0.827,1.792,3.7413,2.480,4,0.000,0.509,0.00,0.00,0.00,0.00,0.00,-1,-1e-30,0.00,7.379e-01,2.611e-01,1.641e-04,5.520e-05,4.297e-04,-1.000,9.840e-04,0.289,0.242,0.580,0.602,-0.260,
0.00097797,-1.20000,9.95424,0.8925281167,2.4472665787,0.827,1.794,3.7413,2.479,4,0.000,0.509,0.00,0.00,0.00,0.00,0.00,-1,-1e-30,0.00,7.379e-01,2.611e-01,1.641e-04,5.521e-05,4.297e-04,-1.000,9.839e-04,0.286,0.240,0.578,0.599,-0.263,
0.00097797,-1.20000,9.95424,0.8925992250,2.4472858906,0.827,1.795,3.7412,2.477,4,0.000,0.509,0.00,0.00,0.00,0.00,0.00,-1,-1e-30,0.00,7.379e-01,2.611e-01,1.641e-04,5.522e-05,4.297e-04,-1.000,9.839e-04,0.282,0.236,0.574,0.595,-0.267,
0.00097797,-1.20000,9.95424,0.8926708698,2.4473054409,0.827,1.797,3.7410,2.475,4,0.000,0.509,0.00,0.00,0.00,0.00,0.00,-1,-1e-30,0.00,7.379e-01,2.611e-01,1.641e-04,5.523e-05,4.298e-04,-1.000,9.840e-04,0.278,0.232,0.570,0.591,-0.272,
0.00097797,-1.20000,9.95424,0.8927415013,2.4473245144,0.827,1.799,3.7407,2.471,4,0.000,0.509,0.00,0.00,0.00,0.00,0.00,-1,-1e-30,0.00,7.379e-01,2.612e-01,1.641e-04,5.524e-05,4.298e-04,-1.000,9.839e-04,0.272,0.226,0.565,0.587,-0.277,
0.00097797,-1.20000,9.95424,0.8928103447,2.4473433495,0.827,1.802,3.7403,2.467,4,0.000,0.509,0.00,0.00,0.00,0.00,0.00,-1,-1e-30,0.00,7.379e-01,2.612e-01,1.640e-04,5.525e-05,4.298e-04,-1.000,9.840e-04,0.266,0.221,0.560,0.582,-0.284,
0.00097797,-1.20000,9.95424,0.8928782344,2.4473617077,0.827,1.805,3.7398,2.462,4,0.000,0.509,0.00,0.00,0.00,0.00,0.00,-1,-1e-30,0.00,7.379e-01,2.612e-01,1.640e-04,5.526e-05,4.298e-04,-1.000,9.840e-04,0.258,0.213,0.554,0.576,-0.292,
0.00097797,-1.20000,9.95424,0.8929476738,2.4473805428,0.828,1.808,3.7393,2.457,4,0.000,0.509,0.00,0.00,0.00,0.00,0.00,-1,-1e-30,0.00,7.378e-01,2.612e-01,1.640e-04,5.527e-05,4.298e-04,-1.000,9.840e-04,0.251,0.206,0.548,0.570,-0.300,
0.00097797,-1.20000,9.95424,0.8930153847,2.4473989010,0.828,1.812,3.7385,2.450,4,0.000,0.509,0.00,0.00,0.00,0.00,0.00,-1,-1e-30,0.00,7.378e-01,2.612e-01,1.640e-04,5.527e-05,4.298e-04,-1.000,9.840e-04,0.240,0.196,0.540,0.561,-0.313,
0.00097797,-1.20000,9.95424,0.8930821419,2.4474170208,0.828,1.817,3.7376,2.441,4,0.000,0.509,0.00,0.00,0.00,0.00,0.00,-1,-1e-30,0.00,7.378e-01,2.612e-01,1.640e-04,5.528e-05,4.298e-04,-1.000,9.840e-04,0.227,0.184,0.530,0.551,-0.326,
0.00097797,-1.20000,9.95424,0.8931490779,2.4474351406,0.828,1.823,3.7366,2.432,4,0.000,0.509,0.00,0.00,0.00,0.00,0.00,-1,-1e-30,0.00,7.378e-01,2.612e-01,1.640e-04,5.529e-05,4.298e-04,-1.000,9.839e-04,0.213,0.171,0.518,0.540,-0.342,
0.00097797,-1.20000,9.95424,0.8932164907,2.4474534988,0.828,1.829,3.7356,2.421,4,0.000,0.509,0.00,0.00,0.00,0.00,0.00,-1,-1e-30,0.00,7.378e-01,2.612e-01,1.640e-04,5.530e-05,4.298e-04,-1.000,9.840e-04,0.197,0.156,0.506,0.528,-0.359,
0.00097797,-1.20000,9.95424,0.8932913542,2.4474737644,0.828,1.837,3.7345,2.409,4,0.000,0.509,0.00,0.00,0.00,0.00,0.00,-1,-1e-30,0.00,7.378e-01,2.612e-01,1.640e-04,5.531e-05,4.298e-04,-1.000,9.839e-04,0.178,0.138,0.490,0.513,-0.379,
0.00097797,-1.20000,9.95424,0.8933579922,2.4474918842,0.828,1.841,3.7340,2.403,4,0.000,0.509,0.00,0.00,0.00,0.00,0.00,-1,-1e-30,0.00,7.378e-01,2.612e-01,1.640e-04,5.532e-05,4.298e-04,-1.000,9.840e-04,0.167,0.127,0.480,0.503,-0.391,
0.00097797,-1.20000,9.95424,0.8934270740,2.4475107193,0.828,1.851,3.7324,2.386,4,0.000,0.509,0.00,0.00,0.00,0.00,0.00,-1,-1e-30,0.00,7.378e-01,2.612e-01,1.640e-04,5.533e-05,4.298e-04,-1.000,9.840e-04,0.142,0.104,0.461,0.484,-0.417,
0.00097797,-1.20000,9.95424,0.8934947252,2.4475290775,0.828,1.873,3.7291,2.351,4,0.000,0.509,0.00,0.00,0.00,0.00,0.00,-1,-1e-30,0.00,7.378e-01,2.612e-01,1.640e-04,5.534e-05,4.298e-04,-1.000,9.840e-04,0.087,0.053,0.416,0.440,-0.476,
0.00097797,-1.20000,9.95424,0.8935520053,2.4475445747,0.828,1.910,3.7241,2.295,4,0.000,0.509,0.00,0.00,0.00,0.00,0.00,-1,-1e-30,0.00,7.378e-01,2.612e-01,1.640e-04,5.535e-05,4.298e-04,-1.000,9.840e-04,-0.005,-0.034,0.340,0.365,-0.573,
0.00097797,-1.20000,9.95424,0.8935778737,2.4475514889,0.828,1.947,3.7196,2.239,4,0.000,0.509,0.00,0.00,0.00,0.00,0.00,-1,-1e-30,0.00,7.378e-01,2.612e-01,1.640e-04,5.535e-05,4.298e-04,-1.000,9.840e-04,-0.098,-0.122,0.263,0.289,-0.670,
0.00097797,-1.20000,9.95424,0.8935893178,2.4475545883,0.828,1.984,3.7153,2.185,4,0.000,0.509,0.00,0.00,0.00,0.00,0.00,-1,-1e-30,0.00,7.378e-01,2.612e-01,1.640e-04,5.536e-05,4.298e-04,-1.000,9.839e-04,-0.190,-0.207,0.187,0.214,-0.765,
0.00097797,-1.20000,9.95424,0.8935945630,2.4475560188,0.828,2.022,3.7111,2.131,4,0.000,0.509,0.00,0.00,0.00,0.00,0.00,-1,-1e-30,0.00,7.378e-01,2.612e-01,1.640e-04,5.536e-05,4.298e-04,-1.000,9.840e-04,-0.285,-0.296,0.108,0.135,-0.864,
0.00097797,-1.20000,9.95424,0.8935971260,2.4475567341,0.828,2.058,3.7074,2.079,4,0.000,0.509,0.00,0.00,0.00,0.00,0.00,-1,-1e-30,0.00,7.378e-01,2.612e-01,1.640e-04,5.536e-05,4.298e-04,-1.000,9.839e-04,-0.376,-0.381,0.032,0.060,-0.956,
0.00097797,-1.20000,9.95424,0.8935980797,2.4475569725,0.828,2.078,3.7055,2.052,4,0.000,0.509,0.00,0.00,0.00,0.00,0.00,-1,-1e-30,0.00,7.378e-01,2.612e-01,1.640e-04,5.536e-05,4.298e-04,-1.000,9.839e-04,-0.426,-0.427,-0.010,0.019,-1.007,
0.00097797,-1.20000,9.95424,0.8935981393,2.4475569725,0.828,2.079,3.7054,2.051,7,0.000,0.509,0.00,0.00,0.00,0.00,0.00,-1,-8.63e-10,0.00,7.378e-01,2.597e-01,1.640e-04,5.536e-05,4.298e-04,-1.000,2.521e-03,-0.427,-0.429,-0.011,0.018,-1.009,
0.00097797,-1.20000,9.95424,0.8935983181,2.4475572109,0.828,2.084,3.7049,2.044,7,0.000,0.509,0.00,0.00,0.00,0.00,0.00,-1,-8.9e-10,0.00,7.378e-01,2.597e-01,1.640e-04,5.536e-05,4.298e-04,-1.000,2.521e-03,-0.440,-0.441,-0.022,0.006,-1.022,
0.00097797,-1.20000,9.95424,0.8935997486,2.4475574493,0.828,2.128,3.7010,1.984,7,0.000,0.509,0.00,0.00,0.00,0.00,0.00,-1,-1.15e-09,0.00,7.378e-01,2.597e-01,1.640e-04,5.536e-05,4.298e-04,-1.000,2.521e-03,-0.550,-0.544,-0.116,-0.086,-1.134,
0.00097797,-1.20000,9.95424,0.8936010003,2.4475579262,0.828,2.164,3.6979,1.935,7,0.000,0.509,0.00,0.00,0.00,0.00,0.00,-1,-1.42e-09,0.00,7.378e-01,2.597e-01,1.640e-04,5.536e-05,4.298e-04,-1.000,2.521e-03,-0.641,-0.628,-0.192,-0.162,-1.226,
0.00097797,-1.20000,9.95424,0.8936021924,2.4475581646,0.828,2.188,3.6959,1.904,7,0.000,0.509,0.00,0.00,0.00,0.00,0.00,-1,-1.63e-09,0.00,7.378e-01,2.597e-01,1.640e-04,5.536e-05,4.298e-04,-1.000,2.521e-03,-0.699,-0.682,-0.241,-0.210,-1.284,
0.00097797,-1.20000,9.95424,0.8936034441,2.4475584030,0.828,2.202,3.6946,1.884,7,0.000,0.509,0.00,0.00,0.00,0.00,0.00,-1,-1.77e-09,0.00,7.378e-01,2.597e-01,1.640e-04,5.536e-05,4.298e-04,-1.000,2.521e-03,-0.736,-0.717,-0.272,-0.241,-1.322,
0.00097797,-1.20000,9.95424,0.8936065435,2.4475593567,0.828,2.216,3.6935,1.866,7,0.000,0.509,0.00,0.00,0.00,0.00,0.00,-1,-1.91e-09,0.00,7.378e-01,2.597e-01,1.640e-04,5.536e-05,4.298e-04,-1.000,2.521e-03,-0.769,-0.748,-0.299,-0.268,-1.355,
0.00097797,-1.20000,9.95424,0.8936092257,2.4475600719,0.828,2.207,3.6943,1.878,7,0.000,0.509,0.00,0.00,0.00,0.00,0.00,-1,-1.82e-09,0.00,7.378e-01,2.597e-01,1.640e-04,5.536e-05,4.298e-04,-1.000,2.521e-03,-0.747,-0.727,-0.281,-0.250,-1.333,
0.00097797,-1.20000,9.95424,0.8936176300,2.4475624561,0.827,2.187,3.6960,1.905,7,0.000,0.509,0.00,0.00,0.00,0.00,0.00,-1,-1.62e-09,0.00,7.378e-01,2.597e-01,1.640e-04,5.536e-05,4.298e-04,-1.000,2.521e-03,-0.697,-0.681,-0.239,-0.209,-1.282,
0.00097797,-1.20000,9.95424,0.8936535120,2.4475719929,0.825,2.196,3.6951,1.890,7,0.000,0.509,0.00,0.00,0.00,0.00,0.00,-1,-1.72e-09,0.00,7.378e-01,2.597e-01,1.640e-04,5.537e-05,4.298e-04,-1.000,2.521e-03,-0.721,-0.703,-0.258,-0.227,-1.306,
0.00097797,-1.20000,9.95424,0.8936746716,2.4475777149,0.824,2.226,3.6924,1.849,7,0.000,0.509,0.00,0.00,0.00,0.00,0.00,-1,-2.06e-09,0.00,7.378e-01,2.597e-01,1.640e-04,5.537e-05,4.299e-04,-1.000,2.521e-03,-0.796,-0.772,-0.321,-0.290,-1.382,
0.00097797,-1.20000,9.95424,0.8936982751,2.4475841522,0.822,2.272,3.6885,1.787,7,0.000,0.509,0.00,0.00,0.00,0.00,0.00,-1,-2.7e-09,0.00,7.378e-01,2.597e-01,1.640e-04,5.537e-05,4.299e-04,-1.000,2.521e-03,-0.911,-0.878,-0.416,-0.383,-1.497,
0.00097797,-1.20000,9.95424,0.8937208652,2.4475903511,0.820,2.321,3.6844,1.720,7,0.000,0.509,0.00,0.00,0.00,0.00,0.00,-1,-3.59e-09,0.00,7.378e-01,2.597e-01,1.640e-04,5.537e-05,4.299e-04,-1.000,2.520e-03,-1.033,-0.990,-0.516,-0.483,-1.619,
0.00097797,-1.20000,9.95424,0.8937410116,2.4475958347,0.817,2.365,3.6808,1.661,7,0.000,0.509,0.00,0.00,0.00,0.00,0.00,-1,-4.62e-09,0.00,7.378e-01,2.597e-01,1.640e-04,5.538e-05,4.299e-04,-1.000,2.518e-03,-1.142,-1.092,-0.607,-0.572,-1.731,
0.00097797,-1.20000,9.95424,0.8937587142,2.4476006031,0.814,2.407,3.6773,1.603,7,0.000,0.509,0.00,0.00,0.00,0.00,0.00,-1,-5.94e-09,0.00,7.378e-01,2.598e-01,1.640e-04,5.538e-05,4.299e-04,-1.000,2.493e-03,-1.248,-1.190,-0.693,-0.657,-1.839,
0.00097797,-1.20000,9.95424,0.8937743306,2.4476048946,0.810,2.449,3.6739,1.546,7,0.000,0.508,0.00,0.00,0.00,0.00,0.00,-1,-7.53e-09,0.00,7.378e-01,2.598e-01,1.639e-04,5.539e-05,4.299e-04,-1.000,2.447e-03,-1.352,-1.286,-0.776,-0.739,-1.944,
0.00097797,-1.20000,9.95424,0.8937881589,2.4476087093,0.806,2.490,3.6705,1.489,7,0.000,0.508,0.00,0.00,0.00,0.00,0.00,-1,-9.58e-09,0.00,7.378e-01,2.598e-01,1.639e-04,5.542e-05,4.299e-04,-1.000,2.427e-03,-1.454,-1.380,-0.857,-0.818,-2.047,
0.00097797,-1.20000,9.95424,0.8938006163,2.4476120472,0.802,2.530,3.6670,1.432,7,0.000,0.507,7.74,6.04,4.27,3.31,2.67,3,-1.22e-08,0.00,7.378e-01,2.598e-01,1.636e-04,5.557e-05,4.299e-04,-1.000,2.419e-03,-1.555,-1.471,-0.934,-0.894,-2.149,
0.00097797,-1.20000,9.95424,0.8938118815,2.4476149082,0.797,2.571,3.6615,1.367,7,0.000,0.504,8.87,6.79,4.77,3.70,3.00,3,-1.55e-08,0.00,7.378e-01,2.599e-01,1.627e-04,5.621e-05,4.299e-04,-1.000,2.368e-03,-1.656,-1.554,-0.994,-0.953,-2.249,
0.00097797,-1.20000,9.95424,0.8938196898,2.4476170540,0.792,2.601,3.6574,1.317,7,0.000,0.501,9.84,7.42,5.19,4.03,3.27,3,-1.88e-08,0.00,7.377e-01,2.599e-01,1.614e-04,5.749e-05,4.299e-04,-1.000,2.337e-03,-1.734,-1.616,-1.038,-0.995,-2.324,
0.00097797,-1.20000,9.95424,0.8938292265,2.4476196766,0.786,2.641,3.6524,1.253,7,0.000,0.494,11.23,8.30,5.78,4.50,3.64,3,-2.41e-08,0.00,7.377e-01,2.599e-01,1.593e-04,5.992e-05,4.299e-04,-1.000,2.322e-03,-1.834,-1.694,-1.098,-1.054,-2.415,
0.00097797,-1.20000,9.95424,0.8938382864,2.4476220608,0.777,2.682,3.6484,1.192,7,0.000,0.486,12.74,9.24,6.41,5.00,4.05,2,-3.08e-08,0.00,7.377e-01,2.600e-01,1.569e-04,6.280e-05,4.299e-04,-1.000,2.291e-03,-1.934,-1.775,-1.163,-1.118,-2.508,
0.00097797,-1.20000,9.95424,0.8938468695,2.4476244450,0.767,2.721,3.6449,1.133,7,0.000,0.480,14.39,10.25,7.07,5.52,4.47,2,-3.93e-08,0.00,7.376e-01,2.601e-01,1.547e-04,6.549e-05,4.299e-04,-1.000,2.255e-03,-2.033,-1.857,-1.232,-1.186,-2.601,
0.00097797,-1.20000,9.95424,0.8938551545,2.4476268291,0.755,2.761,3.6414,1.072,7,0.000,0.473,16.31,11.40,7.83,6.13,4.96,2,-5.06e-08,0.00,7.376e-01,2.602e-01,1.528e-04,6.790e-05,4.300e-04,-1.000,2.234e-03,-2.133,-1.940,-1.299,-1.253,-2.693,
0.00097797,-1.20000,9.95424,0.8938631415,2.4476289749,0.739,2.802,3.6378,1.008,7,0.000,0.468,18.58,12.73,8.69,6.82,5.52,2,-6.65e-08,0.00,7.375e-01,2.603e-01,1.510e-04,7.006e-05,4.300e-04,-1.000,2.219e-03,-2.234,-2.021,-1.365,-1.318,-2.786,
0.00097797,-1.20000,9.95424,0.8938703537,2.4476308823,0.721,2.840,3.6342,0.945,7,0.000,0.463,21.14,14.19,9.63,7.58,6.14,2,-8.72e-08,0.00,7.374e-01,2.604e-01,1.495e-04,7.189e-05,4.300e-04,-1.000,2.197e-03,-2.329,-2.096,-1.423,-1.375,-2.872,
0.00097797,-1.20000,9.95424,0.8938774467,2.4476327896,0.697,2.880,3.6305,0.875,7,0.000,0.459,24.31,15.95,10.76,8.49,6.88,1,-1.18e-07,0.00,7.373e-01,2.605e-01,1.482e-04,7.353e-05,4.299e-04,-1.000,2.196e-03,-2.429,-2.174,-1.481,-1.433,-2.963,
0.00097797,-1.20000,9.95424,0.8938839436,2.4476344585,0.667,2.922,3.6269,0.799,7,0.000,0.456,28.31,18.09,12.13,9.60,7.78,1,-1.68e-07,0.00,7.372e-01,2.605e-01,1.470e-04,7.500e-05,4.298e-04,-1.000,2.221e-03,-2.536,-2.258,-1.545,-1.496,-3.059,
0.00097797,-1.20000,9.95424,0.8938890696,2.4476358891,0.632,2.966,3.6242,0.721,7,0.000,0.453,33.09,20.55,13.68,10.87,8.81,1,-2.45e-07,0.00,7.372e-01,2.606e-01,1.460e-04,7.628e-05,4.297e-04,-1.000,2.166e-03,-2.645,-2.348,-1.618,-1.569,-3.161,
0.00097797,-1.20000,9.95424,0.8938931227,2.4476370811,0.591,3.007,3.6247,0.654,7,0.000,0.450,37.72,22.81,15.09,12.04,9.75,1,-3.62e-07,0.00,7.371e-01,2.607e-01,1.451e-04,7.732e-05,4.296e-04,-1.000,2.167e-03,-2.746,-2.450,-1.715,-1.665,-3.265,
0.00097797,-1.20000,9.95424,0.8938959837,2.4476377964,0.550,3.038,3.6336,0.626,7,0.000,0.448,39.49,23.53,15.52,12.42,10.06,1,-5.05e-07,0.00,7.371e-01,2.607e-01,1.445e-04,7.810e-05,4.295e-04,-1.000,2.172e-03,-2.825,-2.579,-1.873,-1.824,-3.375,
0.00097797,-1.20000,9.95424,0.8938969374,2.4476380348,0.523,3.050,3.6395,0.617,7,0.000,0.448,39.97,23.64,15.57,12.49,10.10,1,-5.72e-07,0.00,7.371e-01,2.608e-01,1.442e-04,7.849e-05,4.294e-04,-1.000,2.165e-03,-2.854,-2.640,-1.954,-1.905,-3.423,
0.00097797,-1.20000,9.95424,1.0947910547,2.4907996655,0.546,-9.999,3.6868,7.953,9,0.546,0.000,0.00,0.00,0.00,0.00,0.00,-1,-1e-30,0.00,7.277e-01,2.713e-01,1.325e-04,1.048e-04,4.320e-04,-1.000,9.276e-04,29.767,29.781,30.274,30.311,29.137,
