Gmag,G_BPbrmag,G_BPftmag,G_RPmag,logAge,MH
12.511,13.625,13.675,11.494,10.07004,-2.10000
12.202,13.225,13.275,11.224,10.07004,-2.10000
11.858,12.796,12.845,10.921,10.07004,-2.10000
11.131,11.944,11.991,10.261,10.07004,-2.10000
10.671,11.431,11.476,9.832,10.07004,-2.10000
10.318,11.045,11.089,9.499,10.07004,-2.10000
9.762,10.447,10.489,8.971,10.07004,-2.10000
9.251,9.898,9.939,8.485,10.07004,-2.10000
8.855,9.473,9.512,8.110,10.07004,-2.10000
8.523,9.115,9.154,7.796,10.07004,-2.10000
8.231,8.801,8.838,7.522,10.07004,-2.10000
8.193,8.760,8.797,7.487,10.07004,-2.10000
7.787,8.313,8.348,7.112,10.07004,-2.10000
7.523,8.024,8.056,6.869,10.07004,-2.10000
7.339,7.822,7.853,6.700,10.07004,-2.10000
6.807,7.240,7.267,6.211,10.07004,-2.10000
6.573,6.980,7.005,5.999,10.07004,-2.10000
6.270,6.646,6.668,5.727,10.07004,-2.10000
6.152,6.516,6.536,5.622,10.07004,-2.10000
6.026,6.376,6.395,5.510,10.07004,-2.10000
5.914,6.251,6.269,5.410,10.07004,-2.10000
5.806,6.131,6.148,5.314,10.07004,-2.10000
5.713,6.028,6.044,5.232,10.07004,-2.10000
5.688,6.001,6.017,5.209,10.07004,-2.10000
5.568,5.870,5.885,5.102,10.07004,-2.10000
5.449,5.740,5.754,4.993,10.07004,-2.10000
5.332,5.614,5.627,4.888,10.07004,-2.10000
5.218,5.491,5.504,4.784,10.07004,-2.10000
5.118,5.384,5.395,4.693,10.07004,-2.10000
5.073,5.335,5.346,4.651,10.07004,-2.10000
4.941,5.195,5.206,4.530,10.07004,-2.10000
4.820,5.066,5.076,4.417,10.07004,-2.10000
4.692,4.931,4.941,4.298,10.07004,-2.10000
4.575,4.809,4.819,4.189,10.07004,-2.10000
4.455,4.683,4.693,4.075,10.07004,-2.10000
4.352,4.576,4.585,3.977,10.07004,-2.10000
4.239,4.459,4.468,3.871,10.07004,-2.10000
4.062,4.276,4.285,3.702,10.07004,-2.10000
3.934,4.144,4.153,3.578,10.07004,-2.10000
3.805,4.013,4.022,3.453,10.07004,-2.10000
3.691,3.898,3.907,3.341,10.07004,-2.10000
3.643,3.850,3.859,3.293,10.07004,-2.10000
3.505,3.714,3.723,3.151,10.07004,-2.10000
3.396,3.609,3.619,3.037,10.07004,-2.10000
3.371,3.585,3.595,3.011,10.07004,-2.10000
3.343,3.560,3.569,2.980,10.07004,-2.10000
3.242,3.467,3.478,2.868,10.07004,-2.10000
3.152,3.389,3.399,2.764,10.07004,-2.10000
3.071,3.320,3.332,2.665,10.07004,-2.10000
2.997,3.262,3.274,2.572,10.07004,-2.10000
2.928,3.208,3.222,2.485,10.07004,-2.10000
2.857,3.152,3.166,2.398,10.07004,-2.10000
2.780,3.088,3.104,2.306,10.07004,-2.10000
2.682,3.002,3.019,2.195,10.07004,-2.10000
2.586,2.914,2.931,2.090,10.07004,-2.10000
2.512,2.845,2.863,2.012,10.07004,-2.10000
2.438,2.774,2.792,1.934,10.07004,-2.10000
2.336,2.676,2.694,1.827,10.07004,-2.10000
2.227,2.570,2.589,1.715,10.07004,-2.10000
2.116,2.463,2.482,1.601,10.07004,-2.10000
1.991,2.341,2.360,1.472,10.07004,-2.10000
1.948,2.299,2.318,1.428,10.07004,-2.10000
1.944,2.295,2.314,1.424,10.07004,-2.10000
1.833,2.187,2.206,1.311,10.07004,-2.10000
1.714,2.070,2.090,1.189,10.07004,-2.10000
1.603,1.961,1.981,1.075,10.07004,-2.10000
1.484,1.845,1.865,0.953,10.07004,-2.10000
1.367,1.731,1.751,0.834,10.07004,-2.10000
1.252,1.619,1.639,0.716,10.07004,-2.10000
1.138,1.508,1.528,0.599,10.07004,-2.10000
1.020,1.392,1.413,0.478,10.07004,-2.10000
0.904,1.280,1.301,0.360,10.07004,-2.10000
0.792,1.170,1.192,0.244,10.07004,-2.10000
0.677,1.058,1.080,0.126,10.07004,-2.10000
0.565,0.950,0.972,0.012,10.07004,-2.10000
0.452,0.840,0.862,-0.105,10.07004,-2.10000
0.336,0.728,0.751,-0.224,10.07004,-2.10000
0.221,0.617,0.640,-0.343,10.07004,-2.10000
0.107,0.507,0.530,-0.460,10.07004,-2.10000
-0.008,0.396,0.420,-0.580,10.07004,-2.10000
-0.123,0.285,0.309,-0.698,10.07004,-2.10000
-0.233,0.179,0.204,-0.812,10.07004,-2.10000
-0.344,0.072,0.098,-0.927,10.07004,-2.10000
-0.457,-0.036,-0.011,-1.044,10.07004,-2.10000
-0.566,-0.141,-0.115,-1.158,10.07004,-2.10000
-0.682,-0.251,-0.225,-1.278,10.07004,-2.10000
-0.788,-0.353,-0.326,-1.388,10.07004,-2.10000
-0.823,-0.387,-0.359,-1.424,10.07004,-2.10000
-0.806,-0.371,-0.344,-1.406,10.07004,-2.10000
-0.823,-0.387,-0.359,-1.423,10.07004,-2.10000
-0.921,-0.480,-0.452,-1.526,10.07004,-2.10000
-1.026,-0.581,-0.552,-1.635,10.07004,-2.10000
-1.121,-0.670,-0.641,-1.734,10.07004,-2.10000
-1.220,-0.763,-0.734,-1.837,10.07004,-2.10000
-1.319,-0.857,-0.828,-1.940,10.07004,-2.10000
-1.411,-0.944,-0.914,-2.038,10.07004,-2.10000
-1.510,-1.035,-1.004,-2.142,10.07004,-2.10000
-1.603,-1.121,-1.089,-2.242,10.07004,-2.10000
-1.696,-1.205,-1.172,-2.340,10.07004,-2.10000
-1.789,-1.290,-1.256,-2.440,10.07004,-2.10000
-1.897,-1.386,-1.351,-2.557,10.07004,-2.10000
-1.988,-1.468,-1.431,-2.657,10.07004,-2.10000
-2.090,-1.557,-1.519,-2.768,10.07004,-2.10000
-2.180,-1.635,-1.597,-2.866,10.07004,-2.10000
-2.276,-1.716,-1.676,-2.972,10.07004,-2.10000
-2.361,-1.789,-1.749,-3.066,10.07004,-2.10000
-2.455,-1.867,-1.825,-3.171,10.07004,-2.10000
-2.555,-1.948,-1.904,-3.286,10.07004,-2.10000
-2.641,-2.014,-1.969,-3.385,10.07004,-2.10000
-2.718,-2.075,-2.030,-3.472,10.07004,-2.10000
-2.803,-2.145,-2.099,-3.567,10.07004,-2.10000
-2.895,-2.221,-2.174,-3.669,10.07004,-2.10000
-2.976,-2.288,-2.240,-3.760,10.07004,-2.10000
-3.061,-2.357,-2.309,-3.855,10.07004,-2.10000
-3.138,-2.420,-2.371,-3.942,10.07004,-2.10000
-3.158,-2.436,-2.387,-3.964,10.07004,-2.10000
0.571,0.616,0.621,0.482,10.07004,-2.10000
0.540,0.590,0.595,0.441,10.07004,-2.10000
0.480,0.540,0.545,0.363,10.07004,-2.10000
0.480,0.539,0.545,0.364,10.07004,-2.10000
0.481,0.539,0.545,0.366,10.07004,-2.10000
0.481,0.540,0.545,0.368,10.07004,-2.10000
0.482,0.540,0.545,0.369,10.07004,-2.10000
0.481,0.539,0.545,0.369,10.07004,-2.10000
0.481,0.539,0.544,0.368,10.07004,-2.10000
0.479,0.537,0.543,0.365,10.07004,-2.10000
0.476,0.535,0.541,0.361,10.07004,-2.10000
0.472,0.533,0.538,0.354,10.07004,-2.10000
0.466,0.529,0.534,0.345,10.07004,-2.10000
0.458,0.524,0.530,0.332,10.07004,-2.10000
0.451,0.519,0.525,0.318,10.07004,-2.10000
0.441,0.514,0.520,0.302,10.07004,-2.10000
0.429,0.507,0.514,0.281,10.07004,-2.10000
0.419,0.503,0.510,0.260,10.07004,-2.10000
0.407,0.498,0.506,0.236,10.07004,-2.10000
0.394,0.494,0.502,0.209,10.07004,-2.10000
0.381,0.490,0.499,0.179,10.07004,-2.10000
0.368,0.488,0.497,0.150,10.07004,-2.10000
0.367,0.487,0.496,0.147,10.07004,-2.10000
0.365,0.487,0.496,0.142,10.07004,-2.10000
0.353,0.486,0.495,0.114,10.07004,-2.10000
0.341,0.485,0.495,0.085,10.07004,-2.10000
0.329,0.485,0.495,0.053,10.07004,-2.10000
0.316,0.485,0.495,0.021,10.07004,-2.10000
0.303,0.485,0.496,-0.010,10.07004,-2.10000
0.291,0.486,0.497,-0.041,10.07004,-2.10000
0.279,0.486,0.498,-0.071,10.07004,-2.10000
0.267,0.487,0.500,-0.100,10.07004,-2.10000
0.254,0.486,0.499,-0.128,10.07004,-2.10000
0.237,0.482,0.496,-0.162,10.07004,-2.10000
0.242,0.487,0.501,-0.156,10.07004,-2.10000
0.218,0.477,0.491,-0.198,10.07004,-2.10000
0.183,0.458,0.473,-0.251,10.07004,-2.10000
0.124,0.418,0.434,-0.334,10.07004,-2.10000
0.053,0.366,0.383,-0.425,10.07004,-2.10000
-0.021,0.307,0.325,-0.517,10.07004,-2.10000
-0.101,0.242,0.261,-0.612,10.07004,-2.10000
-0.179,0.175,0.195,-0.702,10.07004,-2.10000
-0.230,0.131,0.151,-0.759,10.07004,-2.10000
-0.252,0.110,0.131,-0.784,10.07004,-2.10000
-0.347,0.024,0.046,-0.886,10.07004,-2.10000
-0.441,-0.062,-0.040,-0.987,10.07004,-2.10000
-0.529,-0.144,-0.121,-1.082,10.07004,-2.10000
-0.608,-0.217,-0.193,-1.166,10.07004,-2.10000
-0.656,-0.262,-0.239,-1.218,10.07004,-2.10000
-0.612,-0.222,-0.198,-1.170,10.07004,-2.10000
-0.586,-0.197,-0.173,-1.144,10.07004,-2.10000
-0.655,-0.260,-0.236,-1.217,10.07004,-2.10000
-0.766,-0.363,-0.338,-1.336,10.07004,-2.10000
-0.874,-0.464,-0.438,-1.451,10.07004,-2.10000
-0.981,-0.563,-0.537,-1.564,10.07004,-2.10000
-1.083,-0.659,-0.632,-1.673,10.07004,-2.10000
-1.184,-0.753,-0.726,-1.779,10.07004,-2.10000
-1.283,-0.846,-0.818,-1.884,10.07004,-2.10000
-1.381,-0.938,-0.909,-1.988,10.07004,-2.10000
-1.480,-1.030,-1.001,-2.092,10.07004,-2.10000
-1.577,-1.120,-1.091,-2.195,10.07004,-2.10000
-1.674,-1.210,-1.180,-2.297,10.07004,-2.10000
-1.770,-1.298,-1.267,-2.401,10.07004,-2.10000
-1.867,-1.385,-1.353,-2.506,10.07004,-2.10000
-1.963,-1.470,-1.437,-2.610,10.07004,-2.10000
-2.058,-1.554,-1.519,-2.714,10.07004,-2.10000
-2.154,-1.637,-1.601,-2.819,10.07004,-2.10000
-2.250,-1.720,-1.683,-2.926,10.07004,-2.10000
-2.345,-1.800,-1.761,-3.031,10.07004,-2.10000
-2.439,-1.878,-1.838,-3.136,10.07004,-2.10000
-2.530,-1.951,-1.909,-3.240,10.07004,-2.10000
-2.621,-2.022,-1.979,-3.345,10.07004,-2.10000
-2.719,-2.096,-2.052,-3.459,10.07004,-2.10000
-2.776,-2.138,-2.093,-3.526,10.07004,-2.10000
-2.729,-2.104,-2.059,-3.471,10.07004,-2.10000
-2.722,-2.098,-2.054,-3.463,10.07004,-2.10000
-2.722,-2.098,-2.054,-3.463,10.07004,-2.10000
-2.746,-2.116,-2.071,-3.491,10.07004,-2.10000
-2.768,-2.133,-2.088,-3.517,10.07004,-2.10000
-2.806,-2.161,-2.115,-3.561,10.07004,-2.10000
-2.871,-2.214,-2.167,-3.635,10.07004,-2.10000
-2.981,-2.302,-2.255,-3.760,10.07004,-2.10000
-3.099,-2.395,-2.347,-3.894,10.07004,-2.10000
-3.117,-2.394,-2.345,-3.923,10.07004,-2.10000
-2.653,-2.024,-1.980,-3.397,10.07004,-2.10000
-2.309,-1.757,-1.717,-3.000,10.07004,-2.10000
-1.801,-1.323,-1.292,-2.436,10.07004,-2.10000
-1.811,-1.331,-1.299,-2.447,10.07004,-2.10000
-1.987,-1.483,-1.448,-2.642,10.07004,-2.10000
-2.408,-1.830,-1.788,-3.118,10.07004,-2.10000
-2.773,-2.107,-2.061,-3.542,10.07004,-2.10000
-3.010,-2.294,-2.246,-3.812,10.07004,-2.10000
-3.134,-2.388,-2.339,-3.956,10.07004,-2.10000
-3.190,-2.426,-2.376,-4.022,10.07004,-2.10000
-3.216,-2.439,-2.389,-4.055,10.07004,-2.10000
30.060,30.053,30.045,30.055,10.07004,-2.10000
