Zini,MH,logAge,Mini,int_IMF,Mass,logL,logTe,logg,label,McoreTP,C_O,period0,period1,period2,period3,period4,pmode,Mloss,tau1m,X,Y,Xc,Xn,Xo,Cexcess,Z,,mbolmag,Gmag,G_BPbrmag,G_BPftmag,G_RPmag
0.0075779,-0.30000,10.03141,0.0900000036,1.0816895962,0.090,-3.363,3.3891,5.264,1,0.000,0.545,0.00,0.00,0.00,0.00,0.00,-1,-4.24e-17,0.00,7.287e-01,2.637e-01,1.371e-03,3.698e-04,3.354e-03,-1.000,7.623e-03,13.178,15.030,17.999,18.046,13.571,
0.0075779,-0.30000,10.03141,0.0998572707,1.1699130535,0.100,-3.165,3.4181,5.226,1,0.000,0.545,0.00,0.00,0.00,0.00,0.00,-1,-6.64e-17,0.00,7.280e-01,2.643e-01,1.371e-03,3.698e-04,3.354e-03,-1.000,7.623e-03,12.681,14.514,17.433,17.480,13.061,
0.0075779,-0.30000,10.03141,0.1195718125,1.3164869547,0.119,-2.903,3.4501,5.171,1,0.000,0.545,0.00,0.00,0.00,0.00,0.00,-1,-1.18e-16,0.00,7.269e-01,2.654e-01,1.371e-03,3.698e-04,3.354e-03,-1.000,7.623e-03,12.029,13.503,15.820,15.867,12.150,
0.0075779,-0.30000,10.03141,0.1392863393,1.4345905781,0.139,-2.720,3.4697,5.132,1,0.000,0.545,0.00,0.00,0.00,0.00,0.00,-1,-1.75e-16,0.00,7.260e-01,2.664e-01,1.371e-03,3.698e-04,3.354e-03,-1.000,7.623e-03,11.569,12.834,14.806,14.853,11.549,
0.0075779,-0.30000,10.03141,0.1590008736,1.5327445269,0.159,-2.577,3.4833,5.101,1,0.000,0.545,0.00,0.00,0.00,0.00,0.00,-1,-2.35e-16,0.00,7.251e-01,2.673e-01,1.371e-03,3.698e-04,3.354e-03,-1.000,7.623e-03,11.212,12.338,14.096,14.144,11.102,
0.0075779,-0.30000,10.03141,0.1791725308,1.6180211306,0.179,-2.459,3.4930,5.073,1,0.000,0.545,0.00,0.00,0.00,0.00,0.00,-1,-3e-16,0.00,7.244e-01,2.680e-01,1.371e-03,3.698e-04,3.354e-03,-1.000,7.623e-03,10.916,11.945,13.562,13.610,10.747,
0.0075779,-0.30000,10.03141,0.1984299570,1.6885254383,0.198,-2.357,3.5013,5.050,1,0.000,0.545,0.00,0.00,0.00,0.00,0.00,-1,-3.7e-16,0.00,7.238e-01,2.686e-01,1.371e-03,3.698e-04,3.354e-03,-1.000,7.623e-03,10.663,11.619,13.134,13.181,10.449,
0.0075779,-0.30000,10.03141,0.2477162927,1.8344945908,0.247,-2.146,3.5160,4.994,1,0.000,0.545,0.00,0.00,0.00,0.00,0.00,-1,-1.73e-16,0.00,7.229e-01,2.695e-01,1.371e-03,3.698e-04,3.354e-03,-1.000,7.623e-03,10.136,10.970,12.327,12.374,9.852,
0.0075779,-0.30000,10.03141,0.2970026433,1.9468721151,0.297,-1.980,3.5263,4.948,1,0.000,0.545,0.00,0.00,0.00,0.00,0.00,-1,-1.6e-16,0.00,7.226e-01,2.698e-01,1.370e-03,3.698e-04,3.354e-03,-1.000,7.623e-03,9.721,10.482,11.749,11.797,9.396,
0.0075779,-0.30000,10.03141,0.3079797029,1.9686236382,0.308,-1.947,3.5284,4.938,1,0.000,0.545,0.00,0.00,0.00,0.00,0.00,-1,-9.48e-17,0.00,7.243e-01,2.681e-01,1.371e-03,3.698e-04,3.354e-03,-1.000,7.623e-03,9.636,10.384,11.635,11.682,9.304,
0.0075779,-0.30000,10.03141,0.3462890089,2.0372931957,0.346,-1.837,3.5350,4.906,1,0.000,0.545,0.00,0.00,0.00,0.00,0.00,-1,-1.27e-17,0.00,7.293e-01,2.630e-01,1.371e-03,3.698e-04,3.354e-03,-1.000,7.623e-03,9.363,10.069,11.271,11.319,9.008,
0.0075779,-0.30000,10.03141,0.3955753446,2.1123621464,0.395,-1.689,3.5458,4.859,1,0.000,0.545,0.00,0.00,0.00,0.00,0.00,-1,-1.11e-15,0.00,7.300e-01,2.624e-01,1.371e-03,3.698e-04,3.354e-03,-1.000,7.623e-03,8.993,9.634,10.763,10.810,8.604,
0.0075779,-0.30000,10.03141,0.4448616803,2.1761610508,0.444,-1.530,3.5595,4.805,1,0.000,0.545,0.00,0.00,0.00,0.00,0.00,-1,-2.2e-15,0.00,7.300e-01,2.623e-01,1.371e-03,3.698e-04,3.354e-03,-1.000,7.623e-03,8.595,9.157,10.201,10.249,8.165,
0.0075779,-0.30000,10.03141,0.4941480160,2.2313754559,0.494,-1.359,3.5773,4.751,1,0.000,0.545,0.00,0.00,0.00,0.00,0.00,-1,-3.3e-15,0.00,7.300e-01,2.623e-01,1.371e-03,3.698e-04,3.354e-03,-1.000,7.623e-03,8.166,8.631,9.579,9.627,7.689,
0.0075779,-0.30000,10.03141,0.5433626175,2.2780857086,0.543,-1.168,3.6008,4.695,1,0.000,0.544,0.00,0.00,0.00,0.00,0.00,-1,-5.21e-15,0.00,7.533e-01,2.397e-01,1.258e-03,3.395e-04,3.081e-03,-1.000,7.022e-03,7.689,8.047,8.890,8.937,7.163,
0.0075779,-0.30000,10.03141,0.5434343815,2.2781467438,0.543,-1.167,3.6008,4.695,1,0.000,0.544,0.00,0.00,0.00,0.00,0.00,-1,-5.21e-15,0.00,7.533e-01,2.397e-01,1.258e-03,3.395e-04,3.080e-03,-1.000,7.021e-03,7.689,8.046,8.889,8.937,7.162,
0.0075779,-0.30000,10.03141,0.5490131974,2.2828397751,0.548,-1.145,3.6042,4.691,1,0.000,0.544,0.00,0.00,0.00,0.00,0.00,-1,-5.48e-15,0.00,7.541e-01,2.389e-01,1.254e-03,3.386e-04,3.072e-03,-1.000,7.002e-03,7.633,7.977,8.806,8.854,7.102,
0.0075779,-0.30000,10.03141,0.5927206874,2.3161180019,0.592,-0.979,3.6296,4.660,1,0.000,0.544,0.00,0.00,0.00,0.00,0.00,-1,-8e-15,0.00,7.601e-01,2.330e-01,1.230e-03,3.320e-04,3.013e-03,-1.000,6.839e-03,7.219,7.462,8.189,8.236,6.649,
0.0075779,-0.30000,10.03141,0.6420069933,2.3474643230,0.642,-0.790,3.6627,4.638,1,0.000,0.544,0.00,0.00,0.00,0.00,0.00,-1,-1.22e-14,0.00,7.638e-01,2.294e-01,1.214e-03,3.279e-04,2.976e-03,-1.000,6.767e-03,6.746,6.849,7.437,7.482,6.132,
0.0075779,-0.30000,10.03141,0.6588220000,2.3569328785,0.658,-0.727,3.6733,4.629,1,0.000,0.544,0.00,0.00,0.00,0.00,0.00,-1,-1.41e-14,0.00,7.652e-01,2.281e-01,1.208e-03,3.263e-04,2.962e-03,-1.000,6.729e-03,6.588,6.651,7.203,7.246,5.964,
0.0075779,-0.30000,10.03141,0.6912934184,2.3737273216,0.691,-0.608,3.6931,4.610,1,0.000,0.543,0.00,0.00,0.00,0.00,0.00,-1,-1.85e-14,0.00,7.679e-01,2.255e-01,1.196e-03,3.233e-04,2.935e-03,-1.000,6.663e-03,6.290,6.290,6.781,6.822,5.653,
0.0075779,-0.30000,10.03141,0.6946684122,2.3753695488,0.694,-0.595,3.6950,4.607,1,0.000,0.543,0.00,0.00,0.00,0.00,0.00,-1,-1.9e-14,0.00,7.682e-01,2.251e-01,1.194e-03,3.229e-04,2.931e-03,-1.000,6.667e-03,6.259,6.254,6.739,6.779,5.621,
0.0075779,-0.30000,10.03141,0.7092657089,2.3822660446,0.709,-0.542,3.7034,4.596,1,0.000,0.541,0.00,0.00,0.00,0.00,0.00,-1,-2.16e-14,0.00,7.697e-01,2.237e-01,1.184e-03,3.211e-04,2.916e-03,-1.000,6.628e-03,6.124,6.098,6.561,6.599,5.486,
0.0075779,-0.30000,10.03141,0.7232469320,2.3885722160,0.723,-0.490,3.7113,4.585,1,0.000,0.540,0.00,0.00,0.00,0.00,0.00,-1,-2.44e-14,0.00,7.711e-01,2.223e-01,1.174e-03,3.193e-04,2.902e-03,-1.000,6.572e-03,5.996,5.952,6.394,6.431,5.358,
0.0075779,-0.30000,10.03141,0.7366998196,2.3943810463,0.736,-0.441,3.7187,4.573,1,0.000,0.538,0.00,0.00,0.00,0.00,0.00,-1,-2.07e-14,0.00,7.724e-01,2.211e-01,1.165e-03,3.178e-04,2.889e-03,-1.000,6.554e-03,5.872,5.813,6.237,6.273,5.236,
0.0075779,-0.30000,10.03141,0.7405797243,2.3960113525,0.740,-0.426,3.7208,4.569,1,0.000,0.537,0.00,0.00,0.00,0.00,0.00,-1,-2.84e-14,0.00,7.728e-01,2.207e-01,1.162e-03,3.173e-04,2.885e-03,-1.000,6.565e-03,5.836,5.774,6.192,6.227,5.201,
0.0075779,-0.30000,10.03141,0.7457205653,2.3981413841,0.745,-0.407,3.7234,4.563,1,0.000,0.537,0.00,0.00,0.00,0.00,0.00,-1,-2.97e-14,0.00,7.734e-01,2.200e-01,1.159e-03,3.166e-04,2.878e-03,-1.000,6.546e-03,5.789,5.722,6.135,6.170,5.155,
0.0075779,-0.30000,10.03141,0.7574415207,2.4028737545,0.757,-0.364,3.7291,4.550,1,0.000,0.537,0.00,0.00,0.00,0.00,0.00,-1,-3.31e-14,0.00,7.749e-01,2.186e-01,1.152e-03,3.148e-04,2.863e-03,-1.000,6.495e-03,5.680,5.604,6.004,6.037,5.049,
0.0075779,-0.30000,10.03141,0.7686015368,2.4072258472,0.768,-0.322,3.7345,4.536,1,0.000,0.536,0.00,0.00,0.00,0.00,0.00,-1,-3.68e-14,0.00,7.763e-01,2.172e-01,1.146e-03,3.131e-04,2.848e-03,-1.000,6.507e-03,5.576,5.492,5.880,5.912,4.949,
0.0075779,-0.30000,10.03141,0.7795145512,2.4113433361,0.779,-0.281,3.7396,4.521,1,0.000,0.536,0.00,0.00,0.00,0.00,0.00,-1,-4.08e-14,0.00,7.777e-01,2.159e-01,1.139e-03,3.115e-04,2.834e-03,-1.000,6.463e-03,5.473,5.383,5.759,5.790,4.851,
0.0075779,-0.30000,10.03141,0.7887351513,2.4147202969,0.788,-0.246,3.7438,4.508,1,0.000,0.536,0.00,0.00,0.00,0.00,0.00,-1,-4.46e-14,0.00,7.788e-01,2.147e-01,1.133e-03,3.101e-04,2.821e-03,-1.000,6.427e-03,5.386,5.291,5.658,5.688,4.769,
0.0075779,-0.30000,10.03141,0.7932274938,2.4163327217,0.792,-0.229,3.7456,4.501,1,0.000,0.536,0.00,0.00,0.00,0.00,0.00,-1,-4.66e-14,0.00,7.795e-01,2.141e-01,1.130e-03,3.092e-04,2.814e-03,-1.000,6.405e-03,5.343,5.247,5.610,5.639,4.729,
0.0075779,-0.30000,10.03141,0.8041903377,2.4201812744,0.803,-0.187,3.7500,4.482,1,0.000,0.535,0.00,0.00,0.00,0.00,0.00,-1,-5.22e-14,0.00,7.813e-01,2.124e-01,1.123e-03,3.072e-04,2.795e-03,-1.000,6.375e-03,5.237,5.137,5.490,5.519,4.629,
0.0075779,-0.30000,10.03141,0.8147721291,2.4237830639,0.814,-0.145,3.7542,4.462,1,0.000,0.535,0.00,0.00,0.00,0.00,0.00,-1,-5.83e-14,0.00,7.830e-01,2.107e-01,1.115e-03,3.053e-04,2.778e-03,-1.000,6.313e-03,5.133,5.031,5.375,5.402,4.531,
0.0075779,-0.30000,10.03141,0.8249642849,2.4271521568,0.824,-0.104,3.7579,4.442,1,0.000,0.535,0.00,0.00,0.00,0.00,0.00,-1,-4.63e-14,0.00,7.846e-01,2.091e-01,1.108e-03,3.033e-04,2.760e-03,-1.000,6.241e-03,5.031,4.926,5.262,5.289,4.434,
0.0075779,-0.30000,10.03141,0.8342490196,2.4301390648,0.833,-0.066,3.7612,4.422,1,0.000,0.535,0.00,0.00,0.00,0.00,0.00,-1,-5.06e-14,0.00,7.861e-01,2.077e-01,1.102e-03,3.016e-04,2.745e-03,-1.000,6.200e-03,4.936,4.829,5.158,5.184,4.345,
0.0075779,-0.30000,10.03141,0.8368906975,2.4309749603,0.836,-0.055,3.7621,4.416,1,0.000,0.535,0.00,0.00,0.00,0.00,0.00,-1,-7.46e-14,0.00,7.866e-01,2.072e-01,1.100e-03,3.011e-04,2.740e-03,-1.000,6.195e-03,4.908,4.801,5.128,5.154,4.319,
0.0075779,-0.30000,10.03141,0.8437590599,2.4331200123,0.843,-0.026,3.7643,4.399,1,0.000,0.535,0.00,0.00,0.00,0.00,0.00,-1,-8.11e-14,0.00,7.880e-01,2.058e-01,1.093e-03,2.994e-04,2.725e-03,-1.000,6.183e-03,4.835,4.727,5.050,5.075,4.250,
0.0075779,-0.30000,10.03141,0.8539918661,2.4362425804,0.853,0.019,3.7673,4.371,1,0.000,0.535,0.00,0.00,0.00,0.00,0.00,-1,-9.22e-14,0.00,7.901e-01,2.038e-01,1.084e-03,2.968e-04,2.703e-03,-1.000,6.148e-03,4.723,4.614,4.930,4.954,4.143,
0.0075779,-0.30000,10.03141,0.8637312651,2.4391355515,0.862,0.062,3.7699,4.343,1,0.000,0.535,0.00,0.00,0.00,0.00,0.00,-1,-1.05e-13,0.00,7.921e-01,2.018e-01,1.075e-03,2.944e-04,2.681e-03,-1.000,6.089e-03,4.614,4.504,4.814,4.838,4.039,
0.0075779,-0.30000,10.03141,0.8728775382,2.4417850971,0.871,0.104,3.7719,4.314,1,0.000,0.535,0.00,0.00,0.00,0.00,0.00,-1,-6.61e-14,0.00,7.940e-01,2.000e-01,1.067e-03,2.922e-04,2.661e-03,-1.000,6.041e-03,4.511,4.400,4.706,4.730,3.941,
0.0075779,-0.30000,10.03141,0.8816847205,2.4442765713,0.880,0.144,3.7734,4.284,1,0.000,0.534,0.00,0.00,0.00,0.00,0.00,-1,-1.1e-13,0.00,7.954e-01,1.986e-01,1.061e-03,2.907e-04,2.647e-03,-1.000,5.986e-03,4.410,4.299,4.601,4.624,3.843,
0.0075779,-0.30000,10.03141,0.8850461841,2.4452123642,0.883,0.160,3.7739,4.271,1,0.000,0.534,0.00,0.00,0.00,0.00,0.00,-1,-1.41e-13,0.00,7.954e-01,1.986e-01,1.061e-03,2.907e-04,2.647e-03,-1.000,5.991e-03,4.369,4.258,4.559,4.582,3.803,
0.0075779,-0.30000,10.03141,0.8891965151,2.4463567734,0.888,0.181,3.7744,4.255,1,0.000,0.534,0.00,0.00,0.00,0.00,0.00,-1,-1.5e-13,0.00,7.957e-01,1.983e-01,1.060e-03,2.904e-04,2.645e-03,-1.000,5.996e-03,4.318,4.207,4.507,4.529,3.753,
0.0075779,-0.30000,10.03141,0.8907374144,2.4467785358,0.889,0.189,3.7746,4.249,1,0.000,0.534,0.00,0.00,0.00,0.00,0.00,-1,-1.54e-13,0.00,7.957e-01,1.983e-01,1.060e-03,2.904e-04,2.645e-03,-1.000,5.996e-03,4.298,4.187,4.487,4.509,3.734,
0.0075779,-0.30000,10.03141,0.8951336741,2.4479725361,0.893,0.212,3.7749,4.229,1,0.000,0.534,0.00,0.00,0.00,0.00,0.00,-1,-1.66e-13,0.00,7.957e-01,1.983e-01,1.060e-03,2.904e-04,2.646e-03,-1.000,5.999e-03,4.241,4.129,4.428,4.451,3.677,
0.0075779,-0.30000,10.03141,0.9045916796,2.4504964352,0.903,0.264,3.7746,4.180,1,0.000,0.534,0.00,0.00,0.00,0.00,0.00,-1,-1.96e-13,0.00,7.952e-01,1.988e-01,1.064e-03,2.915e-04,2.655e-03,-1.000,6.006e-03,4.111,4.000,4.299,4.321,3.548,
0.0075779,-0.30000,10.03141,0.9133625031,2.4527831078,0.912,0.315,3.7727,4.126,1,0.000,0.534,0.00,0.00,0.00,0.00,0.00,-1,-2.34e-13,0.00,7.930e-01,2.009e-01,1.077e-03,2.950e-04,2.687e-03,-1.000,6.087e-03,3.983,3.872,4.175,4.198,3.417,
0.0075779,-0.30000,10.03141,0.9148924947,2.4531767368,0.913,0.324,3.7722,4.115,1,0.000,0.534,0.00,0.00,0.00,0.00,0.00,-1,-2.42e-13,0.00,7.924e-01,2.015e-01,1.080e-03,2.960e-04,2.697e-03,-1.000,6.119e-03,3.960,3.850,4.153,4.176,3.393,
0.0075779,-0.30000,10.03141,0.9211730361,2.4547772408,0.919,0.363,3.7678,4.062,2,0.000,0.534,0.00,0.00,0.00,0.00,0.00,-1,-2.8e-13,0.00,7.847e-01,2.089e-01,1.119e-03,3.067e-04,2.794e-03,-1.000,6.340e-03,3.862,3.753,4.065,4.089,3.287,
0.0075779,-0.30000,10.03141,0.9270228744,2.4562456608,0.925,0.398,3.7600,3.998,2,0.000,0.535,0.00,0.00,0.00,0.00,0.00,-1,-3.25e-13,0.00,7.731e-01,2.203e-01,1.174e-03,3.214e-04,2.927e-03,-1.000,6.658e-03,3.774,3.670,3.997,4.022,3.187,
0.0075779,-0.30000,10.03141,0.9308331609,2.4571905136,0.929,0.416,3.7500,3.942,2,0.000,0.535,0.00,0.00,0.00,0.00,0.00,-1,-3.06e-13,0.00,7.628e-01,2.303e-01,1.218e-03,3.333e-04,3.033e-03,-1.000,6.917e-03,3.730,3.634,3.981,4.009,3.130,
0.0075779,-0.30000,10.03141,0.9332015514,2.4577734470,0.931,0.423,3.7398,3.895,2,0.000,0.536,0.00,0.00,0.00,0.00,0.00,-1,-3.88e-13,0.00,7.558e-01,2.371e-01,1.247e-03,3.410e-04,3.102e-03,-1.000,7.061e-03,3.712,3.626,3.994,4.024,3.101,
0.0075779,-0.30000,10.03141,0.9337544441,2.4579091072,0.932,0.425,3.7371,3.883,2,0.000,0.536,0.00,0.00,0.00,0.00,0.00,-1,-3.95e-13,0.00,7.542e-01,2.387e-01,1.253e-03,3.428e-04,3.118e-03,-1.000,7.091e-03,3.708,3.626,4.000,4.030,3.095,
0.0075779,-0.30000,10.03141,0.9352747202,2.4582810402,0.933,0.433,3.7281,3.840,2,0.000,0.536,0.00,0.00,0.00,0.00,0.00,-1,-4.22e-13,0.00,7.499e-01,2.429e-01,1.270e-03,3.473e-04,3.158e-03,-1.000,7.175e-03,3.688,3.619,4.012,4.044,3.070,
0.0075779,-0.30000,10.03141,0.9367746115,2.4586465359,0.935,0.452,3.7193,3.786,2,0.000,0.537,0.00,0.00,0.00,0.00,0.00,-1,-4.67e-13,0.00,7.460e-01,2.467e-01,1.285e-03,3.512e-04,3.192e-03,-1.000,7.235e-03,3.641,3.587,3.999,4.032,3.020,
0.0075779,-0.30000,10.03141,0.9382401705,2.4590024948,0.936,0.488,3.7123,3.723,2,0.000,0.537,0.00,0.00,0.00,0.00,0.00,-1,-5.45e-13,0.00,7.424e-01,2.502e-01,1.297e-03,3.544e-04,3.221e-03,-1.000,7.323e-03,3.550,3.509,3.936,3.971,2.928,
0.0075779,-0.30000,10.03141,0.9388403296,2.4591476917,0.937,0.507,3.7099,3.694,2,0.000,0.537,0.00,0.00,0.00,0.00,0.00,-1,-5.89e-13,0.00,7.409e-01,2.517e-01,1.301e-03,3.556e-04,3.231e-03,-1.000,7.403e-03,3.502,3.467,3.899,3.934,2.880,
0.0075779,-0.30000,10.03141,0.9393922091,2.4592812061,0.937,0.530,3.7083,3.665,3,0.000,0.537,0.00,0.00,0.00,0.00,0.00,-1,-6.41e-13,0.00,7.395e-01,2.530e-01,1.304e-03,3.565e-04,3.239e-03,-1.000,7.411e-03,3.446,3.415,3.850,3.886,2.825,
0.0075779,-0.30000,10.03141,0.9404774904,2.4595432281,0.938,0.578,3.7055,3.606,3,0.000,0.537,0.00,0.00,0.00,0.00,0.00,-1,-7.65e-13,0.00,7.367e-01,2.559e-01,1.310e-03,3.582e-04,3.253e-03,-1.000,7.414e-03,3.325,3.300,3.742,3.777,2.704,
0.0075779,-0.30000,10.03141,0.9414692521,2.4597821236,0.939,0.629,3.7034,3.548,3,0.000,0.536,0.00,0.00,0.00,0.00,0.00,-1,-9.18e-13,0.00,7.338e-01,2.588e-01,1.312e-03,3.599e-04,3.265e-03,-1.000,7.423e-03,3.199,3.179,3.625,3.661,2.579,
0.0075779,-0.30000,10.03141,0.9422034025,2.4599583149,0.940,0.670,3.7021,3.502,3,0.000,0.533,0.00,0.00,0.00,0.00,0.00,-1,-1.07e-12,0.00,7.314e-01,2.612e-01,1.309e-03,3.633e-04,3.272e-03,-1.000,7.426e-03,3.095,3.078,3.527,3.563,2.476,
0.0075779,-0.30000,10.03141,0.9429062009,2.4601268768,0.941,0.713,3.7009,3.454,3,0.000,0.529,0.00,0.00,0.00,0.00,0.00,-1,-1.24e-12,0.00,7.289e-01,2.636e-01,1.299e-03,3.717e-04,3.278e-03,-1.000,7.434e-03,2.989,2.975,3.426,3.463,2.370,
0.0075779,-0.30000,10.03141,0.9437224269,2.4603223801,0.941,0.767,3.6995,3.395,3,0.000,0.519,0.00,0.00,0.00,0.00,0.00,-1,-1.5e-12,0.00,7.260e-01,2.665e-01,1.276e-03,3.946e-04,3.284e-03,-1.000,7.457e-03,2.854,2.843,3.298,3.335,2.236,
0.0075779,-0.30000,10.03141,0.9443430305,2.4604706764,0.942,0.811,3.6983,3.346,3,0.000,0.509,0.00,0.00,0.00,0.00,0.00,-1,-1.76e-12,0.00,7.239e-01,2.686e-01,1.253e-03,4.211e-04,3.287e-03,-1.000,7.497e-03,2.742,2.735,3.192,3.229,2.125,
0.0075779,-0.30000,10.03141,0.9448707104,2.4605965614,0.942,0.852,3.6972,3.301,3,0.000,0.500,0.00,0.00,0.00,0.00,0.00,-1,-2.04e-12,0.00,7.221e-01,2.704e-01,1.233e-03,4.464e-04,3.291e-03,-1.000,7.497e-03,2.639,2.635,3.095,3.132,2.023,
0.0075779,-0.30000,10.03141,0.9454936385,2.4607450962,0.943,0.905,3.6956,3.242,3,0.000,0.490,0.00,0.00,0.00,0.00,0.00,-1,-2.46e-12,0.00,7.202e-01,2.723e-01,1.210e-03,4.748e-04,3.293e-03,-1.000,7.484e-03,2.508,2.508,2.971,3.009,1.892,
0.0075779,-0.30000,10.03141,0.9459480643,2.4608530998,0.943,0.946,3.6944,3.196,3,0.000,0.484,0.00,0.00,0.00,0.00,0.00,-1,-2.86e-12,0.00,7.190e-01,2.735e-01,1.196e-03,4.931e-04,3.295e-03,-1.000,7.514e-03,2.404,2.407,2.874,2.911,1.789,
0.0075779,-0.30000,10.03141,0.9463553429,2.4609501362,0.944,0.987,3.6931,3.151,3,0.000,0.480,0.00,0.00,0.00,0.00,0.00,-1,-3.3e-12,0.00,7.180e-01,2.745e-01,1.186e-03,5.058e-04,3.296e-03,-1.000,7.517e-03,2.303,2.310,2.780,2.817,1.689,
0.0075779,-0.30000,10.03141,0.9467397332,2.4610414505,0.944,1.028,3.6918,3.104,3,0.000,0.477,0.00,0.00,0.00,0.00,0.00,-1,-3.83e-12,0.00,7.172e-01,2.752e-01,1.178e-03,5.159e-04,3.297e-03,-1.000,7.521e-03,2.200,2.210,2.684,2.722,1.586,
0.0075779,-0.30000,10.03141,0.9471871853,2.4611475468,0.945,1.080,3.6899,3.045,3,0.000,0.474,0.00,0.00,0.00,0.00,0.00,-1,-4.62e-12,0.00,7.166e-01,2.759e-01,1.172e-03,5.245e-04,3.298e-03,-1.000,7.531e-03,2.069,2.085,2.563,2.601,1.456,
0.0075779,-0.30000,10.03141,0.9475896955,2.4612429142,0.945,1.132,3.6880,2.985,3,0.000,0.472,0.00,0.00,0.00,0.00,0.00,-1,-5.58e-12,0.00,7.161e-01,2.764e-01,1.168e-03,5.303e-04,3.299e-03,-1.000,7.534e-03,1.939,1.960,2.443,2.482,1.327,
0.0075779,-0.30000,10.03141,0.9479407072,2.4613261223,0.945,1.182,3.6860,2.927,3,0.000,0.471,0.00,0.00,0.00,0.00,0.00,-1,-6.69e-12,0.00,7.158e-01,2.767e-01,1.165e-03,5.340e-04,3.300e-03,-1.000,7.526e-03,1.814,1.841,2.329,2.368,1.204,
0.0075779,-0.30000,10.03141,0.9482552409,2.4614005089,0.945,1.232,3.6839,2.870,3,0.000,0.471,0.00,0.00,0.00,0.00,0.00,-1,-8e-12,0.00,7.157e-01,2.768e-01,1.164e-03,5.354e-04,3.300e-03,-1.000,7.517e-03,1.691,1.724,2.217,2.257,1.082,
0.0075779,-0.30000,10.03141,0.9485467672,2.4614694118,0.946,1.282,3.6818,2.811,3,0.000,0.471,0.00,0.00,0.00,0.00,0.00,-1,-9.61e-12,0.00,7.157e-01,2.768e-01,1.164e-03,5.358e-04,3.300e-03,-1.000,7.513e-03,1.566,1.605,2.104,2.144,0.959,
0.0075779,-0.30000,10.03141,0.9488133788,2.4615323544,0.946,1.332,3.6795,2.752,3,0.000,0.471,0.00,0.00,0.00,0.00,0.00,-1,-1.15e-11,0.00,7.156e-01,2.768e-01,1.163e-03,5.360e-04,3.300e-03,-1.000,7.513e-03,1.441,1.487,1.991,2.031,0.836,
0.0075779,-0.30000,10.03141,0.9490409493,2.4615862370,0.946,1.378,3.6773,2.697,3,0.000,0.470,0.00,0.00,0.00,0.00,0.00,-1,-1.37e-11,0.00,7.156e-01,2.768e-01,1.163e-03,5.362e-04,3.300e-03,-1.000,7.513e-03,1.324,1.377,1.888,1.928,0.722,
0.0075779,-0.30000,10.03141,0.9492576718,2.4616372585,0.946,1.426,3.6750,2.639,3,0.000,0.470,0.00,0.00,0.00,0.00,0.00,-1,-1.63e-11,0.00,7.156e-01,2.769e-01,1.163e-03,5.364e-04,3.300e-03,-1.000,7.513e-03,1.204,1.265,1.782,1.822,0.604,
0.0075779,-0.30000,10.03141,0.9494528174,2.4616832733,0.946,1.473,3.6726,2.583,3,0.000,0.470,0.00,0.00,0.00,0.00,0.00,-1,-1.94e-11,0.00,7.156e-01,2.769e-01,1.163e-03,5.366e-04,3.300e-03,-1.000,7.513e-03,1.088,1.156,1.679,1.720,0.490,
0.0075779,-0.30000,10.03141,0.9496344924,2.4617261887,0.946,1.519,3.6703,2.528,3,0.000,0.470,0.00,0.00,0.00,0.00,0.00,-1,-2.3e-11,0.00,7.156e-01,2.769e-01,1.163e-03,5.368e-04,3.300e-03,-1.000,7.514e-03,0.973,1.050,1.579,1.620,0.378,
0.0075779,-0.30000,10.03141,0.9498072863,2.4617669582,0.946,1.563,3.6680,2.475,3,0.000,0.470,0.00,0.00,0.00,0.00,0.00,-1,-2.7e-11,0.00,7.156e-01,2.769e-01,1.163e-03,5.369e-04,3.300e-03,-1.000,7.514e-03,0.863,0.948,1.484,1.525,0.271,
0.0075779,-0.30000,10.03141,0.9500165582,2.4618163109,0.946,1.607,3.6657,2.422,3,0.000,0.470,0.00,0.00,0.00,0.00,0.00,-1,-3.18e-11,0.00,7.156e-01,2.769e-01,1.163e-03,5.371e-04,3.300e-03,-1.000,7.514e-03,0.754,0.846,1.390,1.432,0.164,
0.0075779,-0.30000,10.03141,0.9500920177,2.4618339539,0.946,1.615,3.6653,2.412,3,0.000,0.470,0.00,0.00,0.00,0.00,0.00,-1,-3.3e-11,0.00,7.156e-01,2.769e-01,1.163e-03,5.372e-04,3.300e-03,-1.000,7.514e-03,0.733,0.827,1.372,1.414,0.144,
0.0075779,-0.30000,10.03141,0.9502580166,2.4618730545,0.946,1.580,3.6678,2.457,3,0.000,0.470,0.00,0.00,0.00,0.00,0.00,-1,-2.92e-11,0.00,7.156e-01,2.769e-01,1.162e-03,5.374e-04,3.300e-03,-1.000,7.514e-03,0.820,0.905,1.442,1.484,0.228,
0.0075779,-0.30000,10.03141,0.9503294826,2.4618899822,0.946,1.556,3.6694,2.487,3,0.000,0.470,0.00,0.00,0.00,0.00,0.00,-1,-2.67e-11,0.00,7.156e-01,2.769e-01,1.162e-03,5.374e-04,3.300e-03,-1.000,7.514e-03,0.880,0.959,1.491,1.532,0.286,
0.0075779,-0.30000,10.03141,0.9503828883,2.4619023800,0.946,1.574,3.6684,2.465,3,0.000,0.470,0.00,0.00,0.00,0.00,0.00,-1,-2.83e-11,0.00,7.156e-01,2.769e-01,1.162e-03,5.375e-04,3.300e-03,-1.000,7.514e-03,0.835,0.918,1.453,1.494,0.242,
0.0075779,-0.30000,10.03141,0.9505209327,2.4619350433,0.946,1.621,3.6658,2.408,3,0.000,0.470,0.00,0.00,0.00,0.00,0.00,-1,-3.34e-11,0.00,7.156e-01,2.769e-01,1.162e-03,5.376e-04,3.300e-03,-1.000,7.514e-03,0.718,0.810,1.354,1.396,0.128,
0.0075779,-0.30000,10.03141,0.9506532550,2.4619660378,0.946,1.667,3.6631,2.351,3,0.000,0.470,0.00,0.00,0.00,0.00,0.00,-1,-3.97e-11,0.00,7.156e-01,2.769e-01,1.162e-03,5.377e-04,3.300e-03,-1.000,7.514e-03,0.602,0.704,1.255,1.298,0.014,
0.0075779,-0.30000,10.03141,0.9507731795,2.4619941711,0.946,1.712,3.6605,2.295,3,0.000,0.470,0.00,0.00,0.00,0.00,0.00,-1,-4.69e-11,0.00,7.156e-01,2.769e-01,1.162e-03,5.378e-04,3.300e-03,-1.000,7.514e-03,0.490,0.600,1.161,1.204,-0.095,
0.0075779,-0.30000,10.03141,0.9508879781,2.4620213509,0.946,1.759,3.6578,2.238,3,0.000,0.470,0.00,0.00,0.00,0.00,0.00,-1,-5.58e-11,0.00,7.155e-01,2.769e-01,1.162e-03,5.379e-04,3.300e-03,-1.000,7.514e-03,0.373,0.495,1.064,1.108,-0.208,
0.0075779,-0.30000,10.03141,0.9509891272,2.4620449543,0.945,1.803,3.6550,2.183,3,0.000,0.470,0.00,0.00,0.00,0.00,0.00,-1,-6.58e-11,0.00,7.155e-01,2.769e-01,1.162e-03,5.380e-04,3.300e-03,-1.000,7.514e-03,0.263,0.395,0.974,1.018,-0.315,
0.0075779,-0.30000,10.03141,0.9510849118,2.4620676041,0.945,1.848,3.6522,2.126,3,0.000,0.470,0.00,0.00,0.00,0.00,0.00,-1,-7.8e-11,0.00,7.155e-01,2.769e-01,1.162e-03,5.381e-04,3.300e-03,-1.000,7.514e-03,0.149,0.292,0.881,0.925,-0.424,
0.0075779,-0.30000,10.03141,0.9511699677,2.4620873928,0.945,1.892,3.6495,2.071,3,0.000,0.470,0.00,0.00,0.00,0.00,0.00,-1,-9.2e-11,0.00,7.155e-01,2.770e-01,1.162e-03,5.382e-04,3.300e-03,-1.000,7.514e-03,0.040,0.195,0.792,0.837,-0.529,
0.0075779,-0.30000,10.03141,0.9512494206,2.4621062279,0.945,1.936,3.6466,2.016,3,0.000,0.470,0.00,0.00,0.00,0.00,0.00,-1,-1.08e-10,0.00,7.155e-01,2.770e-01,1.162e-03,5.383e-04,3.300e-03,-1.000,7.514e-03,-0.070,0.097,0.705,0.750,-0.634,
0.0075779,-0.30000,10.03141,0.9513232708,2.4621233940,0.944,1.980,3.6438,1.960,3,0.000,0.470,0.00,0.00,0.00,0.00,0.00,-1,-1.28e-10,0.00,7.155e-01,2.770e-01,1.162e-03,5.383e-04,3.300e-03,-1.000,7.514e-03,-0.180,-0.000,0.618,0.664,-0.739,
0.0075779,-0.30000,10.03141,0.9513904452,2.4621393681,0.944,2.024,3.6409,1.905,3,0.000,0.470,0.00,0.00,0.00,0.00,0.00,-1,-1.51e-10,0.00,7.155e-01,2.770e-01,1.162e-03,5.384e-04,3.300e-03,-1.000,7.514e-03,-0.289,-0.096,0.531,0.578,-0.842,
0.0075779,-0.30000,10.03141,0.9514524937,2.4621539116,0.944,2.067,3.6380,1.850,3,0.000,0.470,0.00,0.00,0.00,0.00,0.00,-1,-1.78e-10,0.00,7.155e-01,2.770e-01,1.162e-03,5.385e-04,3.300e-03,-1.000,7.514e-03,-0.398,-0.192,0.446,0.493,-0.945,
0.0075779,-0.30000,10.03141,0.9515075684,2.4621667862,0.943,2.109,3.6351,1.796,3,0.000,0.470,0.00,0.00,0.00,0.00,0.00,-1,-2.08e-10,0.00,7.155e-01,2.770e-01,1.162e-03,5.385e-04,3.300e-03,-1.000,7.514e-03,-0.503,-0.282,0.366,0.413,-1.042,
0.0075779,-0.30000,10.03141,0.9515594244,2.4621789455,0.943,2.152,3.6322,1.741,3,0.000,0.470,0.00,0.00,0.00,0.00,0.00,-1,-2.45e-10,0.00,7.155e-01,2.770e-01,1.162e-03,5.386e-04,3.301e-03,-1.000,7.514e-03,-0.610,-0.374,0.284,0.331,-1.141,
0.0075779,-0.30000,10.03141,0.9516063333,2.4621899128,0.943,2.194,3.6292,1.687,3,0.000,0.470,0.00,0.00,0.00,0.00,0.00,-1,-2.87e-10,0.00,7.155e-01,2.770e-01,1.162e-03,5.386e-04,3.301e-03,-1.000,7.514e-03,-0.714,-0.463,0.204,0.252,-1.237,
0.0075779,-0.30000,10.03141,0.9516504407,2.4622001648,0.942,2.236,3.6263,1.633,3,0.000,0.470,0.00,0.00,0.00,0.00,0.00,-1,-3.37e-10,0.00,7.155e-01,2.770e-01,1.162e-03,5.386e-04,3.301e-03,-1.000,7.514e-03,-0.820,-0.553,0.125,0.173,-1.333,
0.0075779,-0.30000,10.03141,0.9516910315,2.4622097015,0.941,2.278,3.6233,1.579,3,0.000,0.470,0.00,0.00,0.00,0.00,0.00,-1,-3.95e-10,0.00,7.155e-01,2.770e-01,1.162e-03,5.387e-04,3.301e-03,-1.000,7.514e-03,-0.925,-0.641,0.047,0.095,-1.428,
0.0075779,-0.30000,10.03141,0.9517277479,2.4622185230,0.941,2.319,3.6203,1.526,3,0.000,0.470,0.00,0.00,0.00,0.00,0.00,-1,-4.62e-10,0.00,7.155e-01,2.770e-01,1.162e-03,5.387e-04,3.301e-03,-1.000,7.514e-03,-1.027,-0.726,-0.029,0.020,-1.520,
0.0075779,-0.30000,10.03141,0.9517626762,2.4622266293,0.940,2.361,3.6172,1.471,3,0.000,0.470,0.00,0.00,0.00,0.00,0.00,-1,-5.41e-10,0.00,7.155e-01,2.770e-01,1.162e-03,5.388e-04,3.301e-03,-1.000,7.514e-03,-1.132,-0.812,-0.103,-0.054,-1.614,
0.0075779,-0.30000,10.03141,0.9517937303,2.4622337818,0.939,2.401,3.6142,1.419,3,0.000,0.470,0.00,0.00,0.00,0.00,0.00,-1,-6.31e-10,0.00,7.155e-01,2.770e-01,1.161e-03,5.388e-04,3.301e-03,-1.000,7.514e-03,-1.233,-0.894,-0.172,-0.122,-1.705,
0.0075779,-0.30000,10.03141,0.9518231153,2.4622406960,0.939,2.442,3.6112,1.365,3,0.000,0.470,0.00,0.00,0.00,0.00,0.00,-1,-7.38e-10,0.00,7.155e-01,2.770e-01,1.161e-03,5.388e-04,3.301e-03,-1.000,7.514e-03,-1.335,-0.977,-0.242,-0.192,-1.797,
0.0075779,-0.30000,10.03141,0.9518501759,2.4622471333,0.938,2.483,3.6081,1.312,3,0.000,0.470,0.00,0.00,0.00,0.00,0.00,-1,-8.62e-10,0.00,7.155e-01,2.770e-01,1.161e-03,5.388e-04,3.301e-03,-1.000,7.514e-03,-1.437,-1.059,-0.309,-0.259,-1.888,
0.0075779,-0.30000,10.03141,0.9518746734,2.4622528553,0.937,2.522,3.6050,1.260,3,0.000,0.470,11.72,8.58,6.00,4.64,3.76,3,-1e-09,0.00,7.155e-01,2.770e-01,1.161e-03,5.389e-04,3.301e-03,-1.000,7.514e-03,-1.535,-1.137,-0.371,-0.321,-1.975,
0.0075779,-0.30000,10.03141,0.9518978000,2.4622583389,0.936,2.562,3.6020,1.207,3,0.000,0.470,13.08,9.44,6.56,5.08,4.12,3,-1.17e-09,0.00,7.155e-01,2.770e-01,1.161e-03,5.389e-04,3.301e-03,-1.000,7.514e-03,-1.635,-1.216,-0.436,-0.385,-2.063,
0.0075779,-0.30000,10.03141,0.9519189000,2.4622633457,0.935,2.601,3.5989,1.155,3,0.000,0.470,14.59,10.37,7.18,5.57,4.52,3,-1.36e-09,0.00,7.155e-01,2.770e-01,1.161e-03,5.389e-04,3.301e-03,-1.000,7.514e-03,-1.733,-1.291,-0.495,-0.445,-2.148,
0.0075779,-0.30000,10.03141,0.9519381523,2.4622676373,0.934,2.639,3.5958,1.104,3,0.000,0.470,16.23,11.37,7.84,6.09,4.94,3,-1.57e-09,0.00,7.155e-01,2.770e-01,1.161e-03,5.389e-04,3.301e-03,-1.000,7.514e-03,-1.828,-1.363,-0.550,-0.499,-2.230,
0.0075779,-0.30000,10.03141,0.9519571066,2.4622721672,0.932,2.679,3.5926,1.051,3,0.000,0.470,18.14,12.51,8.59,6.68,5.42,3,-1.84e-09,0.00,7.155e-01,2.770e-01,1.161e-03,5.389e-04,3.301e-03,-1.000,7.514e-03,-1.928,-1.439,-0.609,-0.558,-2.317,
0.0075779,-0.30000,10.03141,0.9519778490,2.4622771740,0.931,2.726,3.5886,0.987,3,0.000,0.470,20.72,14.03,9.59,7.47,6.06,3,-2.2e-09,0.00,7.155e-01,2.770e-01,1.161e-03,5.390e-04,3.301e-03,-1.000,7.514e-03,-2.046,-1.525,-0.672,-0.621,-2.417,
0.0075779,-0.30000,10.03141,0.9519966245,2.4622814655,0.929,2.772,3.5847,0.925,3,0.000,0.470,23.60,15.70,10.67,8.33,6.76,2,-2.63e-09,0.00,7.155e-01,2.770e-01,1.161e-03,5.390e-04,3.301e-03,-1.000,7.514e-03,-2.160,-1.605,-0.726,-0.674,-2.511,
0.0075779,-0.30000,10.03141,0.9520110488,2.4622848034,0.927,2.810,3.5815,0.874,3,0.000,0.470,26.26,17.21,11.65,9.11,7.40,2,-3.05e-09,0.00,7.155e-01,2.770e-01,1.161e-03,5.390e-04,3.301e-03,-1.000,7.514e-03,-2.254,-1.671,-0.770,-0.718,-2.589,
0.0075779,-0.30000,10.03141,0.9520246983,2.4622881413,0.926,2.847,3.5782,0.822,3,0.000,0.470,29.26,18.89,12.73,9.97,8.10,2,-3.53e-09,0.00,7.155e-01,2.770e-01,1.161e-03,5.390e-04,3.301e-03,-1.000,7.514e-03,-2.349,-1.734,-0.808,-0.756,-2.665,
0.0075779,-0.30000,10.03141,0.9520394206,2.4622914791,0.923,2.891,3.5742,0.761,3,0.000,0.470,33.21,21.07,14.13,11.08,9.00,2,-4.19e-09,0.00,7.155e-01,2.770e-01,1.161e-03,5.390e-04,3.301e-03,-1.000,7.514e-03,-2.457,-1.801,-0.840,-0.789,-2.750,
0.0075779,-0.30000,10.03141,0.9520532489,2.4622948170,0.921,2.935,3.5701,0.700,3,0.000,0.470,37.74,23.52,15.70,12.33,10.02,2,-4.98e-09,0.00,7.155e-01,2.770e-01,1.161e-03,5.390e-04,3.301e-03,-1.000,7.514e-03,-2.567,-1.869,-0.874,-0.822,-2.835,
0.0075779,-0.30000,10.03141,0.9520661235,2.4622976780,0.918,2.978,3.5660,0.639,3,0.000,0.470,42.86,26.25,17.43,13.71,11.15,2,-5.91e-09,0.00,7.155e-01,2.770e-01,1.161e-03,5.390e-04,3.301e-03,-1.000,7.514e-03,-2.675,-1.927,-0.887,-0.835,-2.914,
0.0075779,-0.30000,10.03141,0.9520779252,2.4623005390,0.915,3.021,3.5619,0.578,3,0.000,0.470,48.63,29.25,19.33,15.23,12.39,2,-7e-09,0.00,7.155e-01,2.770e-01,1.161e-03,5.390e-04,3.301e-03,-1.000,7.514e-03,-2.782,-1.983,-0.897,-0.845,-2.991,
0.0075779,-0.30000,10.03141,0.9520888925,2.4623031616,0.912,3.062,3.5577,0.518,3,0.000,0.470,55.12,32.58,21.42,16.91,13.75,1,-8.27e-09,0.00,7.155e-01,2.770e-01,1.161e-03,5.391e-04,3.301e-03,-1.000,7.514e-03,-2.886,-2.031,-0.889,-0.838,-3.062,
0.0075779,-0.30000,10.03141,0.9520989060,2.4623055458,0.908,3.103,3.5535,0.459,3,0.000,0.470,62.35,36.22,23.70,18.74,15.25,1,-9.75e-09,0.00,7.155e-01,2.770e-01,1.161e-03,5.391e-04,3.301e-03,-1.000,7.514e-03,-2.987,-2.071,-0.867,-0.816,-3.127,
0.0075779,-0.30000,10.03141,0.9521083832,2.4623076916,0.904,3.143,3.5492,0.400,3,0.000,0.470,70.57,40.28,26.23,20.78,16.91,1,-1.15e-08,0.00,7.155e-01,2.770e-01,1.161e-03,5.391e-04,3.301e-03,-1.000,7.514e-03,-3.089,-2.109,-0.837,-0.786,-3.190,
0.0075779,-0.30000,10.03141,0.9521170855,2.4623095989,0.900,3.183,3.5449,0.341,3,0.000,0.470,79.78,44.74,28.99,23.01,18.72,1,-1.35e-08,0.00,7.155e-01,2.770e-01,1.161e-03,5.391e-04,3.301e-03,-1.000,7.514e-03,-3.187,-2.134,-0.776,-0.726,-3.243,
0.0075779,-0.30000,10.03141,0.9521251321,2.4623115063,0.895,3.221,3.5406,0.283,3,0.000,0.470,90.04,49.63,32.00,25.44,20.71,1,-1.58e-08,0.00,7.155e-01,2.770e-01,1.161e-03,5.391e-04,3.301e-03,-1.000,7.514e-03,-3.284,-2.156,-0.711,-0.662,-3.293,
0.0075779,-0.30000,10.03141,0.9521325827,2.4623134136,0.890,3.259,3.5363,0.225,3,0.000,0.470,101.44,54.96,35.27,28.09,22.87,1,-1.85e-08,0.00,7.155e-01,2.770e-01,1.161e-03,5.391e-04,3.301e-03,-1.000,7.514e-03,-3.377,-2.168,-0.627,-0.578,-3.334,
0.0075779,-0.30000,10.03141,0.9521394968,2.4623148441,0.884,3.296,3.5320,0.169,3,0.000,0.470,114.11,60.77,38.82,30.96,25.22,1,-2.15e-08,0.00,7.155e-01,2.770e-01,1.161e-03,5.391e-04,3.301e-03,-1.000,7.514e-03,-3.469,-2.176,-0.534,-0.486,-3.371,
0.0075779,-0.30000,10.03141,0.9521464109,2.4623165131,0.878,3.333,3.5277,0.111,3,0.000,0.470,128.86,67.40,42.85,34.24,27.89,1,-2.52e-08,0.00,7.155e-01,2.770e-01,1.161e-03,5.391e-04,3.301e-03,-1.000,7.514e-03,-3.563,-2.177,-0.421,-0.373,-3.401,
0.0075779,-0.30000,10.03141,0.9521527886,2.4623179436,0.871,3.369,3.5235,0.055,3,0.000,0.470,144.60,74.34,47.05,37.66,30.68,1,-2.92e-08,0.00,7.155e-01,2.770e-01,1.161e-03,5.391e-04,3.301e-03,-1.000,7.514e-03,-3.651,-2.165,-0.286,-0.240,-3.418,
0.0075779,-0.30000,10.03141,0.9521567822,2.4623188972,0.866,3.389,3.5210,0.022,3,0.000,0.470,153.67,78.81,49.73,39.85,32.47,1,-3.2e-08,0.00,7.155e-01,2.770e-01,1.161e-03,5.391e-04,3.301e-03,-1.000,7.514e-03,-3.703,-2.158,-0.206,-0.160,-3.428,
0.0075779,-0.30000,10.03141,0.9521567822,2.4623188972,0.866,1.700,3.6867,2.374,4,0.000,0.486,0.00,0.00,0.00,0.00,0.00,-1,-1e-30,0.00,7.180e-01,2.745e-01,1.199e-03,4.888e-04,3.291e-03,-1.000,7.442e-03,0.519,0.543,1.029,1.068,-0.092,
0.0075779,-0.30000,10.03141,0.9522286654,2.4623358250,0.866,1.710,3.6860,2.362,4,0.000,0.486,0.00,0.00,0.00,0.00,0.00,-1,-1e-30,0.00,7.180e-01,2.745e-01,1.199e-03,4.888e-04,3.291e-03,-1.000,7.442e-03,0.495,0.521,1.009,1.048,-0.115,
0.0075779,-0.30000,10.03141,0.9522988200,2.4623522758,0.866,1.714,3.6858,2.357,4,0.000,0.486,0.00,0.00,0.00,0.00,0.00,-1,-1e-30,0.00,7.180e-01,2.745e-01,1.199e-03,4.888e-04,3.291e-03,-1.000,7.442e-03,0.486,0.512,1.001,1.040,-0.124,
0.0075779,-0.30000,10.03141,0.9523690343,2.4623687267,0.866,1.714,3.6859,2.357,4,0.000,0.486,0.00,0.00,0.00,0.00,0.00,-1,-1e-30,0.00,7.180e-01,2.745e-01,1.199e-03,4.888e-04,3.291e-03,-1.000,7.442e-03,0.484,0.510,0.998,1.037,-0.127,
0.0075779,-0.30000,10.03141,0.9524403811,2.4623854160,0.866,1.714,3.6863,2.359,4,0.000,0.486,0.00,0.00,0.00,0.00,0.00,-1,-1e-30,0.00,7.180e-01,2.745e-01,1.199e-03,4.888e-04,3.291e-03,-1.000,7.442e-03,0.486,0.511,0.998,1.037,-0.125,
0.0075779,-0.30000,10.03141,0.9525147080,2.4624028206,0.866,1.712,3.6868,2.363,4,0.000,0.486,0.00,0.00,0.00,0.00,0.00,-1,-1e-30,0.00,7.180e-01,2.745e-01,1.199e-03,4.888e-04,3.291e-03,-1.000,7.442e-03,0.491,0.514,1.000,1.039,-0.120,
0.0075779,-0.30000,10.03141,0.9525873661,2.4624197483,0.866,1.709,3.6874,2.368,4,0.000,0.486,0.00,0.00,0.00,0.00,0.00,-1,-1e-30,0.00,7.180e-01,2.745e-01,1.199e-03,4.889e-04,3.291e-03,-1.000,7.442e-03,0.497,0.519,1.003,1.042,-0.115,
0.0075779,-0.30000,10.03141,0.9526593089,2.4624366760,0.866,1.707,3.6879,2.372,4,0.000,0.486,0.00,0.00,0.00,0.00,0.00,-1,-1e-30,0.00,7.180e-01,2.745e-01,1.199e-03,4.889e-04,3.291e-03,-1.000,7.442e-03,0.503,0.523,1.006,1.044,-0.109,
0.0075779,-0.30000,10.03141,0.9527323246,2.4624538422,0.866,1.704,3.6885,2.377,4,0.000,0.486,0.00,0.00,0.00,0.00,0.00,-1,-1e-30,0.00,7.180e-01,2.745e-01,1.199e-03,4.889e-04,3.291e-03,-1.000,7.442e-03,0.509,0.527,1.009,1.047,-0.103,
0.0075779,-0.30000,10.03141,0.9528081417,2.4624714851,0.867,1.702,3.6890,2.381,4,0.000,0.486,0.00,0.00,0.00,0.00,0.00,-1,-1e-30,0.00,7.180e-01,2.745e-01,1.199e-03,4.889e-04,3.291e-03,-1.000,7.442e-03,0.514,0.531,1.011,1.050,-0.098,
0.0075779,-0.30000,10.03141,0.9528759122,2.4624874592,0.867,1.701,3.6894,2.385,4,0.000,0.486,0.00,0.00,0.00,0.00,0.00,-1,-1e-30,0.00,7.180e-01,2.745e-01,1.199e-03,4.889e-04,3.291e-03,-1.000,7.442e-03,0.518,0.534,1.013,1.051,-0.094,
0.0075779,-0.30000,10.03141,0.9529463053,2.4625039101,0.867,1.699,3.6899,2.388,4,0.000,0.486,0.00,0.00,0.00,0.00,0.00,-1,-1e-30,0.00,7.180e-01,2.745e-01,1.199e-03,4.889e-04,3.291e-03,-1.000,7.442e-03,0.522,0.537,1.014,1.053,-0.091,
0.0075779,-0.30000,10.03141,0.9530150294,2.4625198841,0.867,1.698,3.6902,2.391,4,0.000,0.486,0.00,0.00,0.00,0.00,0.00,-1,-1e-30,0.00,7.180e-01,2.745e-01,1.199e-03,4.889e-04,3.291e-03,-1.000,7.442e-03,0.525,0.539,1.016,1.054,-0.088,
0.0075779,-0.30000,10.03141,0.9530824423,2.4625356197,0.867,1.697,3.6906,2.393,4,0.000,0.486,0.00,0.00,0.00,0.00,0.00,-1,-1e-30,0.00,7.180e-01,2.745e-01,1.199e-03,4.890e-04,3.291e-03,-1.000,7.442e-03,0.528,0.541,1.017,1.055,-0.085,
0.0075779,-0.30000,10.03141,0.9531546831,2.4625525475,0.867,1.696,3.6909,2.396,4,0.000,0.486,0.00,0.00,0.00,0.00,0.00,-1,-1e-30,0.00,7.180e-01,2.745e-01,1.199e-03,4.890e-04,3.291e-03,-1.000,7.442e-03,0.530,0.542,1.017,1.055,-0.083,
0.0075779,-0.30000,10.03141,0.9531726241,2.4625568390,0.867,1.696,3.6910,2.396,4,0.000,0.486,0.00,0.00,0.00,0.00,0.00,-1,-1e-30,0.00,7.180e-01,2.745e-01,1.199e-03,4.890e-04,3.291e-03,-1.000,7.442e-03,0.531,0.543,1.018,1.056,-0.082,
0.0075779,-0.30000,10.03141,0.9532426596,2.4625730515,0.867,1.695,3.6913,2.398,4,0.000,0.486,0.00,0.00,0.00,0.00,0.00,-1,-1e-30,0.00,7.180e-01,2.745e-01,1.199e-03,4.890e-04,3.291e-03,-1.000,7.442e-03,0.533,0.544,1.018,1.056,-0.081,
0.0075779,-0.30000,10.03141,0.9533121586,2.4625892639,0.867,1.694,3.6915,2.400,4,0.000,0.486,0.00,0.00,0.00,0.00,0.00,-1,-1e-30,0.00,7.180e-01,2.745e-01,1.199e-03,4.890e-04,3.291e-03,-1.000,7.442e-03,0.534,0.544,1.018,1.056,-0.080,
0.0075779,-0.30000,10.03141,0.9533826113,2.4626057148,0.867,1.694,3.6916,2.400,4,0.000,0.486,0.00,0.00,0.00,0.00,0.00,-1,-1e-30,0.00,7.180e-01,2.745e-01,1.199e-03,4.890e-04,3.291e-03,-1.000,7.442e-03,0.534,0.544,1.017,1.055,-0.079,
0.0075779,-0.30000,10.03141,0.9534540176,2.4626224041,0.867,1.694,3.6918,2.401,4,0.000,0.486,0.00,0.00,0.00,0.00,0.00,-1,-1e-30,0.00,7.180e-01,2.745e-01,1.199e-03,4.890e-04,3.291e-03,-1.000,7.442e-03,0.534,0.544,1.017,1.054,-0.079,
0.0075779,-0.30000,10.03141,0.9535279274,2.4626398087,0.867,1.695,3.6918,2.401,4,0.000,0.486,0.00,0.00,0.00,0.00,0.00,-1,-1e-30,0.00,7.180e-01,2.745e-01,1.199e-03,4.890e-04,3.291e-03,-1.000,7.442e-03,0.533,0.542,1.015,1.053,-0.081,
0.0075779,-0.30000,10.03141,0.9535968304,2.4626557827,0.867,1.696,3.6919,2.400,4,0.000,0.486,0.00,0.00,0.00,0.00,0.00,-1,-1e-30,0.00,7.180e-01,2.745e-01,1.198e-03,4.890e-04,3.291e-03,-1.000,7.442e-03,0.531,0.540,1.013,1.051,-0.083,
0.0075779,-0.30000,10.03141,0.9536705017,2.4626729488,0.867,1.697,3.6918,2.399,4,0.000,0.486,0.00,0.00,0.00,0.00,0.00,-1,-1e-30,0.00,7.180e-01,2.745e-01,1.198e-03,4.891e-04,3.291e-03,-1.000,7.442e-03,0.528,0.537,1.010,1.048,-0.086,
0.0075779,-0.30000,10.03141,0.9537016749,2.4626803398,0.868,1.697,3.6918,2.398,4,0.000,0.486,0.00,0.00,0.00,0.00,0.00,-1,-1e-30,0.00,7.180e-01,2.745e-01,1.198e-03,4.891e-04,3.291e-03,-1.000,7.442e-03,0.526,0.536,1.009,1.047,-0.087,
0.0075779,-0.30000,10.03141,0.9537073374,2.4626815319,0.868,1.698,3.6917,2.398,4,0.000,0.486,0.00,0.00,0.00,0.00,0.00,-1,-1e-30,0.00,7.180e-01,2.745e-01,1.198e-03,4.891e-04,3.291e-03,-1.000,7.442e-03,0.526,0.536,1.009,1.046,-0.088,
0.0075779,-0.30000,10.03141,0.9537741542,2.4626972675,0.868,1.700,3.6916,2.395,4,0.000,0.486,0.00,0.00,0.00,0.00,0.00,-1,-1e-30,0.00,7.180e-01,2.745e-01,1.198e-03,4.891e-04,3.291e-03,-1.000,7.442e-03,0.521,0.531,1.005,1.043,-0.092,
0.0075779,-0.30000,10.03141,0.9538386464,2.4627122879,0.868,1.702,3.6914,2.392,4,0.000,0.486,0.00,0.00,0.00,0.00,0.00,-1,-1e-30,0.00,7.180e-01,2.745e-01,1.198e-03,4.891e-04,3.291e-03,-1.000,7.442e-03,0.516,0.527,1.000,1.038,-0.098,
0.0075779,-0.30000,10.03141,0.9539039731,2.4627275467,0.868,1.704,3.6911,2.388,4,0.000,0.486,0.00,0.00,0.00,0.00,0.00,-1,-1e-30,0.00,7.180e-01,2.745e-01,1.198e-03,4.891e-04,3.291e-03,-1.000,7.442e-03,0.509,0.521,0.995,1.033,-0.104,
0.0075779,-0.30000,10.03141,0.9539678097,2.4627423286,0.868,1.707,3.6907,2.384,4,0.000,0.486,0.00,0.00,0.00,0.00,0.00,-1,-1e-30,0.00,7.180e-01,2.745e-01,1.198e-03,4.891e-04,3.291e-03,-1.000,7.442e-03,0.501,0.514,0.989,1.027,-0.112,
0.0075779,-0.30000,10.03141,0.9540336132,2.4627578259,0.868,1.711,3.6903,2.379,4,0.000,0.486,0.00,0.00,0.00,0.00,0.00,-1,-1e-30,0.00,7.180e-01,2.745e-01,1.198e-03,4.891e-04,3.291e-03,-1.000,7.442e-03,0.492,0.506,0.982,1.020,-0.121,
0.0075779,-0.30000,10.03141,0.9540993571,2.4627730846,0.868,1.715,3.6899,2.373,4,0.000,0.486,0.00,0.00,0.00,0.00,0.00,-1,-1e-30,0.00,7.180e-01,2.745e-01,1.198e-03,4.891e-04,3.291e-03,-1.000,7.442e-03,0.482,0.496,0.974,1.012,-0.131,
0.0075779,-0.30000,10.03141,0.9541636109,2.4627881050,0.868,1.721,3.6892,2.365,4,0.000,0.486,0.00,0.00,0.00,0.00,0.00,-1,-1e-30,0.00,7.180e-01,2.745e-01,1.198e-03,4.892e-04,3.291e-03,-1.000,7.442e-03,0.468,0.484,0.964,1.002,-0.145,
0.0075779,-0.30000,10.03141,0.9542276859,2.4628031254,0.868,1.728,3.6884,2.354,4,0.000,0.486,0.00,0.00,0.00,0.00,0.00,-1,-1e-30,0.00,7.180e-01,2.745e-01,1.198e-03,4.892e-04,3.291e-03,-1.000,7.442e-03,0.450,0.469,0.951,0.989,-0.162,
0.0075779,-0.30000,10.03141,0.9542927146,2.4628181458,0.868,1.737,3.6874,2.341,4,0.000,0.486,0.00,0.00,0.00,0.00,0.00,-1,-1e-30,0.00,7.180e-01,2.745e-01,1.198e-03,4.892e-04,3.291e-03,-1.000,7.442e-03,0.427,0.448,0.933,0.972,-0.185,
0.0075779,-0.30000,10.03141,0.9543577433,2.4628334045,0.868,1.746,3.6865,2.328,4,0.000,0.486,0.00,0.00,0.00,0.00,0.00,-1,-1e-30,0.00,7.180e-01,2.746e-01,1.198e-03,4.892e-04,3.291e-03,-1.000,7.442e-03,0.404,0.428,0.916,0.955,-0.207,
0.0075779,-0.30000,10.03141,0.9544216394,2.4628481865,0.868,1.763,3.6846,2.304,4,0.000,0.486,0.00,0.00,0.00,0.00,0.00,-1,-1e-30,0.00,7.180e-01,2.746e-01,1.198e-03,4.892e-04,3.291e-03,-1.000,7.442e-03,0.363,0.392,0.884,0.924,-0.248,
0.0075779,-0.30000,10.03141,0.9544872642,2.4628634453,0.868,1.792,3.6816,2.263,4,0.000,0.486,0.00,0.00,0.00,0.00,0.00,-1,-1e-30,0.00,7.180e-01,2.746e-01,1.198e-03,4.892e-04,3.291e-03,-1.000,7.442e-03,0.290,0.328,0.829,0.869,-0.319,
0.0075779,-0.30000,10.03141,0.9545294046,2.4628734589,0.868,1.829,3.6778,2.211,4,0.000,0.486,0.00,0.00,0.00,0.00,0.00,-1,-1e-30,0.00,7.180e-01,2.746e-01,1.198e-03,4.892e-04,3.291e-03,-1.000,7.442e-03,0.198,0.247,0.759,0.800,-0.409,
0.0075779,-0.30000,10.03141,0.9545517564,2.4628784657,0.868,1.870,3.6736,2.153,4,0.000,0.485,0.00,0.00,0.00,0.00,0.00,-1,-1e-30,0.00,7.180e-01,2.746e-01,1.198e-03,4.892e-04,3.291e-03,-1.000,7.442e-03,0.094,0.157,0.681,0.723,-0.509,
0.0075779,-0.30000,10.03141,0.9545618892,2.4628808498,0.868,1.912,3.6694,2.095,4,0.000,0.485,0.00,0.00,0.00,0.00,0.00,-1,-1e-30,0.00,7.180e-01,2.746e-01,1.198e-03,4.892e-04,3.291e-03,-1.000,7.442e-03,-0.010,0.067,0.604,0.646,-0.609,
0.0075779,-0.30000,10.03141,0.9545665979,2.4628820419,0.868,1.952,3.6655,2.039,4,0.000,0.485,0.00,0.00,0.00,0.00,0.00,-1,-1e-30,0.00,7.180e-01,2.746e-01,1.198e-03,4.892e-04,3.291e-03,-1.000,7.442e-03,-0.109,-0.018,0.530,0.573,-0.704,
0.0075779,-0.30000,10.03141,0.9545691013,2.4628825188,0.868,1.990,3.6618,1.987,4,0.000,0.485,0.00,0.00,0.00,0.00,0.00,-1,-1e-30,0.00,7.180e-01,2.746e-01,1.198e-03,4.892e-04,3.291e-03,-1.000,7.442e-03,-0.204,-0.100,0.460,0.503,-0.795,
0.0075779,-0.30000,10.03141,0.9545706511,2.4628829956,0.868,2.025,3.6585,1.938,4,0.000,0.485,0.00,0.00,0.00,0.00,0.00,-1,-1e-30,0.00,7.180e-01,2.746e-01,1.198e-03,4.892e-04,3.291e-03,-1.000,7.442e-03,-0.292,-0.176,0.395,0.439,-0.879,
0.0075779,-0.30000,10.03141,0.9545711875,2.4628829956,0.868,2.042,3.6568,1.914,4,0.000,0.485,0.00,0.00,0.00,0.00,0.00,-1,-1e-30,0.00,7.180e-01,2.746e-01,1.198e-03,4.892e-04,3.291e-03,-1.000,7.442e-03,-0.336,-0.213,0.363,0.408,-0.920,
0.0075779,-0.30000,10.03141,0.9545712471,2.4628829956,0.868,2.043,3.6568,1.913,7,0.000,0.485,0.00,0.00,0.00,0.00,0.00,-1,-6.83e-10,0.00,7.180e-01,2.731e-01,1.198e-03,4.892e-04,3.291e-03,-1.000,8.939e-03,-0.337,-0.214,0.362,0.406,-0.921,
0.0075779,-0.30000,10.03141,0.9545717239,2.4628832340,0.868,2.058,3.6553,1.892,7,0.000,0.485,0.00,0.00,0.00,0.00,0.00,-1,-7.36e-10,0.00,7.180e-01,2.731e-01,1.198e-03,4.892e-04,3.291e-03,-1.000,8.939e-03,-0.376,-0.247,0.334,0.379,-0.958,
0.0075779,-0.30000,10.03141,0.9545727968,2.4628834724,0.868,2.097,3.6518,1.839,7,0.000,0.485,0.00,0.00,0.00,0.00,0.00,-1,-9.02e-10,0.00,7.180e-01,2.731e-01,1.198e-03,4.892e-04,3.291e-03,-1.000,8.939e-03,-0.472,-0.329,0.263,0.309,-1.048,
0.0075779,-0.30000,10.03141,0.9545738697,2.4628837109,0.868,2.136,3.6482,1.786,7,0.000,0.485,0.00,0.00,0.00,0.00,0.00,-1,-1.12e-09,0.00,7.180e-01,2.731e-01,1.198e-03,4.892e-04,3.291e-03,-1.000,8.939e-03,-0.569,-0.411,0.193,0.239,-1.138,
0.0075779,-0.30000,10.03141,0.9545749426,2.4628839493,0.868,2.171,3.6449,1.737,7,0.000,0.485,0.00,0.00,0.00,0.00,0.00,-1,-1.35e-09,0.00,7.180e-01,2.731e-01,1.198e-03,4.892e-04,3.291e-03,-1.000,8.939e-03,-0.658,-0.485,0.129,0.176,-1.221,
0.0075779,-0.30000,10.03141,0.9545760751,2.4628841877,0.868,2.204,3.6420,1.693,7,0.000,0.485,0.00,0.00,0.00,0.00,0.00,-1,-1.61e-09,0.00,7.180e-01,2.731e-01,1.198e-03,4.892e-04,3.291e-03,-1.000,8.939e-03,-0.740,-0.553,0.071,0.117,-1.296,
0.0075779,-0.30000,10.03141,0.9545792341,2.4628849030,0.868,2.203,3.6421,1.694,7,0.000,0.485,0.00,0.00,0.00,0.00,0.00,-1,-1.58e-09,0.00,7.180e-01,2.731e-01,1.198e-03,4.892e-04,3.291e-03,-1.000,8.939e-03,-0.737,-0.551,0.072,0.119,-1.293,
0.0075779,-0.30000,10.03141,0.9545810223,2.4628853798,0.868,2.169,3.6451,1.740,7,0.000,0.485,0.00,0.00,0.00,0.00,0.00,-1,-1.33e-09,0.00,7.180e-01,2.731e-01,1.198e-03,4.892e-04,3.291e-03,-1.000,8.939e-03,-0.653,-0.481,0.133,0.179,-1.216,
0.0075779,-0.30000,10.03141,0.9545853734,2.4628863335,0.868,2.134,3.6483,1.788,7,0.000,0.485,0.00,0.00,0.00,0.00,0.00,-1,-1.1e-09,0.00,7.180e-01,2.731e-01,1.198e-03,4.892e-04,3.291e-03,-1.000,8.939e-03,-0.565,-0.408,0.196,0.241,-1.135,
0.0075779,-0.30000,10.03141,0.9545997977,2.4628896713,0.867,2.108,3.6508,1.824,7,0.000,0.485,0.00,0.00,0.00,0.00,0.00,-1,-9.7e-10,0.00,7.180e-01,2.731e-01,1.198e-03,4.892e-04,3.291e-03,-1.000,8.939e-03,-0.499,-0.352,0.243,0.288,-1.074,
0.0075779,-0.30000,10.03141,0.9546409845,2.4628994465,0.866,2.139,3.6478,1.780,7,0.000,0.485,0.00,0.00,0.00,0.00,0.00,-1,-1.15e-09,0.00,7.180e-01,2.731e-01,1.198e-03,4.892e-04,3.291e-03,-1.000,8.939e-03,-0.577,-0.417,0.188,0.234,-1.146,
0.0075779,-0.30000,10.03141,0.9546706080,2.4629061222,0.864,2.179,3.6441,1.724,7,0.000,0.485,0.00,0.00,0.00,0.00,0.00,-1,-1.42e-09,0.00,7.180e-01,2.731e-01,1.198e-03,4.893e-04,3.291e-03,-1.000,8.939e-03,-0.678,-0.502,0.115,0.162,-1.239,
0.0075779,-0.30000,10.03141,0.9546987414,2.4629127979,0.862,2.222,3.6402,1.664,7,0.000,0.485,0.00,0.00,0.00,0.00,0.00,-1,-1.8e-09,0.00,7.180e-01,2.731e-01,1.198e-03,4.893e-04,3.291e-03,-1.000,8.939e-03,-0.786,-0.592,0.038,0.085,-1.338,
0.0075779,-0.30000,10.03141,0.9547232985,2.4629185200,0.861,2.265,3.6364,1.606,7,0.000,0.485,0.00,0.00,0.00,0.00,0.00,-1,-2.28e-09,0.00,7.180e-01,2.731e-01,1.198e-03,4.893e-04,3.291e-03,-1.000,8.939e-03,-0.892,-0.679,-0.037,0.011,-1.433,
0.0075779,-0.30000,10.03141,0.9547442794,2.4629232883,0.859,2.307,3.6326,1.547,7,0.000,0.485,0.00,0.00,0.00,0.00,0.00,-1,-2.82e-09,0.00,7.180e-01,2.731e-01,1.198e-03,4.893e-04,3.291e-03,-1.000,8.939e-03,-0.997,-0.764,-0.109,-0.061,-1.527,
0.0075779,-0.30000,10.03141,0.9547622800,2.4629275799,0.856,2.348,3.6289,1.490,7,0.000,0.485,0.00,0.00,0.00,0.00,0.00,-1,-3.53e-09,0.00,7.180e-01,2.731e-01,1.198e-03,4.893e-04,3.291e-03,-1.000,8.939e-03,-1.100,-0.848,-0.181,-0.133,-1.620,
0.0075779,-0.30000,10.03141,0.9547781944,2.4629313946,0.854,2.389,3.6253,1.433,7,0.000,0.485,0.00,0.00,0.00,0.00,0.00,-1,-4.36e-09,0.00,7.180e-01,2.731e-01,1.198e-03,4.893e-04,3.291e-03,-1.000,8.939e-03,-1.203,-0.930,-0.249,-0.200,-1.712,
0.0075779,-0.30000,10.03141,0.9547921419,2.4629344940,0.851,2.430,3.6216,1.376,7,0.000,0.485,0.00,0.00,0.00,0.00,0.00,-1,-5.45e-09,0.00,7.180e-01,2.731e-01,1.198e-03,4.893e-04,3.291e-03,-1.000,8.939e-03,-1.306,-1.012,-0.316,-0.267,-1.804,
0.0075779,-0.30000,10.03141,0.9548046589,2.4629373550,0.848,2.471,3.6180,1.320,7,0.000,0.485,0.00,0.00,0.00,0.00,0.00,-1,-6.82e-09,0.00,7.180e-01,2.731e-01,1.198e-03,4.894e-04,3.291e-03,-1.000,8.938e-03,-1.407,-1.092,-0.381,-0.331,-1.895,
0.0075779,-0.30000,10.03141,0.9548162222,2.4629402161,0.845,2.512,3.6143,1.263,7,0.000,0.485,11.27,8.32,5.81,4.51,3.65,3,-8.42e-09,0.00,7.180e-01,2.731e-01,1.198e-03,4.895e-04,3.291e-03,-1.000,8.936e-03,-1.509,-1.171,-0.444,-0.394,-1.984,
0.0075779,-0.30000,10.03141,0.9548268914,2.4629426003,0.841,2.552,3.6102,1.203,7,0.000,0.485,12.76,9.25,6.42,4.99,4.05,3,-1.04e-08,0.00,7.180e-01,2.731e-01,1.197e-03,4.900e-04,3.291e-03,-1.000,8.936e-03,-1.611,-1.247,-0.502,-0.451,-2.072,
0.0075779,-0.30000,10.03141,0.9548369050,2.4629449844,0.837,2.593,3.6055,1.142,7,0.000,0.484,14.50,10.32,7.13,5.55,4.50,3,-1.3e-08,0.00,7.180e-01,2.731e-01,1.194e-03,4.921e-04,3.291e-03,-1.000,8.928e-03,-1.712,-1.317,-0.549,-0.499,-2.155,
0.0075779,-0.30000,10.03141,0.9548440576,2.4629466534,0.833,2.624,3.5987,1.082,7,0.000,0.482,16.44,11.49,7.90,6.16,5.00,3,-1.53e-08,0.00,7.180e-01,2.731e-01,1.190e-03,4.956e-04,3.291e-03,-1.000,8.852e-03,-1.789,-1.346,-0.546,-0.495,-2.205,
0.0075779,-0.30000,10.03141,0.9548531175,2.4629487991,0.827,2.664,3.5950,1.024,7,0.000,0.480,18.54,12.74,8.72,6.81,5.52,2,-1.88e-08,0.00,7.180e-01,2.732e-01,1.184e-03,5.030e-04,3.291e-03,-1.000,8.839e-03,-1.889,-1.418,-0.599,-0.547,-2.289,
0.0075779,-0.30000,10.03141,0.9548619390,2.4629507065,0.820,2.704,3.5911,0.964,7,0.000,0.477,21.00,14.17,9.65,7.55,6.12,2,-2.35e-08,0.00,7.180e-01,2.732e-01,1.177e-03,5.116e-04,3.291e-03,-1.000,8.845e-03,-1.991,-1.490,-0.649,-0.598,-2.374,
0.0075779,-0.30000,10.03141,0.9548699856,2.4629526138,0.811,2.745,3.5870,0.903,7,0.000,0.474,23.84,15.78,10.69,8.39,6.80,2,-2.95e-08,0.00,7.179e-01,2.732e-01,1.170e-03,5.195e-04,3.291e-03,-1.000,8.920e-03,-2.092,-1.557,-0.690,-0.638,-2.456,
0.0075779,-0.30000,10.03141,0.9548774362,2.4629542828,0.802,2.786,3.5829,0.840,7,0.000,0.472,27.13,17.62,11.88,9.33,7.57,2,-3.7e-08,0.00,7.179e-01,2.732e-01,1.164e-03,5.263e-04,3.291e-03,-1.000,8.920e-03,-2.194,-1.622,-0.727,-0.676,-2.537,
0.0075779,-0.30000,10.03141,0.9548834562,2.4629557133,0.792,2.827,3.5785,0.776,7,0.000,0.470,30.98,19.72,13.22,10.41,8.45,2,-4.61e-08,0.00,7.179e-01,2.732e-01,1.160e-03,5.322e-04,3.291e-03,-1.000,8.920e-03,-2.298,-1.686,-0.760,-0.708,-2.617,
0.0075779,-0.30000,10.03141,0.9548875690,2.4629566669,0.784,2.867,3.5743,0.715,7,0.000,0.468,35.17,21.97,14.65,11.56,9.39,2,-5.69e-08,0.00,7.179e-01,2.732e-01,1.156e-03,5.373e-04,3.291e-03,-1.000,8.917e-03,-2.397,-1.742,-0.780,-0.728,-2.691,
0.0075779,-0.30000,10.03141,0.9548908472,2.4629576206,0.776,2.906,3.5700,0.654,7,0.000,0.467,39.92,24.45,16.23,12.83,10.42,1,-7.04e-08,0.00,7.179e-01,2.732e-01,1.152e-03,5.419e-04,3.291e-03,-1.000,8.910e-03,-2.495,-1.796,-0.798,-0.746,-2.763,
0.0075779,-0.30000,10.03141,0.9548938274,2.4629580975,0.767,2.945,3.5656,0.592,7,0.000,0.465,45.46,27.29,18.02,14.28,11.59,1,-8.74e-08,0.00,7.179e-01,2.732e-01,1.149e-03,5.457e-04,3.291e-03,-1.000,8.839e-03,-2.593,-1.839,-0.792,-0.740,-2.830,
0.0075779,-0.30000,10.03141,0.9548965693,2.4629588127,0.756,2.985,3.5609,0.527,7,0.000,0.464,51.94,30.54,20.05,15.92,12.93,1,-1.09e-07,0.00,7.179e-01,2.732e-01,1.146e-03,5.488e-04,3.291e-03,-1.000,8.842e-03,-2.691,-1.880,-0.780,-0.729,-2.894,
0.0075779,-0.30000,10.03141,0.9548989534,2.4629592896,0.745,3.021,3.5565,0.467,7,0.000,0.464,58.85,33.91,22.15,17.63,14.32,1,-1.33e-07,0.00,7.179e-01,2.733e-01,1.144e-03,5.508e-04,3.291e-03,-1.000,8.841e-03,-2.782,-1.908,-0.747,-0.696,-2.947,
0.0075779,-0.30000,10.03141,0.9549012780,2.4629600048,0.731,3.056,3.5520,0.406,7,0.000,0.463,66.89,37.74,24.53,19.56,15.89,1,-1.65e-07,0.00,7.179e-01,2.733e-01,1.143e-03,5.522e-04,3.291e-03,-1.000,8.839e-03,-2.871,-1.930,-0.700,-0.650,-2.997,
0.0075779,-0.30000,10.03141,0.9549037814,2.4629604816,0.712,3.094,3.5471,0.337,7,0.000,0.463,77.09,42.45,27.42,21.93,17.82,1,-2.1e-07,0.00,7.179e-01,2.733e-01,1.143e-03,5.526e-04,3.291e-03,-1.000,8.839e-03,-2.965,-1.946,-0.628,-0.578,-3.043,
0.0075779,-0.30000,10.03141,0.9549065828,2.4629611969,0.684,3.133,3.5423,0.261,7,0.000,0.463,89.98,48.15,30.90,24.80,20.14,1,-2.82e-07,0.00,7.179e-01,2.733e-01,1.143e-03,5.527e-04,3.291e-03,-1.000,8.839e-03,-3.062,-1.960,-0.544,-0.494,-3.088,
0.0075779,-0.30000,10.03141,0.9549083114,2.4629616737,0.661,3.168,3.5387,0.197,7,0.000,0.463,102.79,53.64,34.23,27.55,22.38,1,-3.6e-07,0.00,7.179e-01,2.733e-01,1.143e-03,5.527e-04,3.291e-03,-1.000,8.839e-03,-3.151,-1.980,-0.484,-0.435,-3.133,
0.0075779,-0.30000,10.03141,0.9549086094,2.4629616737,0.656,3.194,3.5357,0.156,7,0.000,0.463,112.09,57.63,36.66,29.54,24.00,1,-4.14e-07,0.00,7.179e-01,2.733e-01,1.143e-03,5.527e-04,3.291e-03,-1.000,8.839e-03,-3.214,-1.984,-0.417,-0.368,-3.158,
0.0075779,-0.30000,10.03141,0.9549091458,2.4629616737,0.645,3.221,3.5336,0.113,7,0.000,0.463,119.83,62.00,39.29,31.72,25.77,1,-4.93e-07,0.00,7.179e-01,2.733e-01,1.142e-03,5.539e-04,3.291e-03,-1.000,8.839e-03,-3.282,-2.009,-0.390,-0.342,-3.197,
0.0075779,-0.30000,10.03141,0.9549095035,2.4629619122,0.636,3.303,3.5246,-0.011,7,0.000,0.460,144.74,77.36,48.53,39.32,31.96,0,-7.18e-07,0.01,7.178e-01,2.733e-01,1.134e-03,5.636e-04,3.290e-03,-1.000,8.839e-03,-3.488,-2.007,-0.135,-0.088,-3.258,
0.0075779,-0.30000,10.03141,0.9549095631,2.4629619122,0.635,3.225,3.5343,0.105,7,0.000,0.460,120.67,62.65,39.67,32.05,26.03,0,-5.22e-07,0.01,7.178e-01,2.733e-01,1.134e-03,5.636e-04,3.290e-03,-1.000,8.839e-03,-3.292,-2.030,-0.423,-0.374,-3.214,
0.0075779,-0.30000,10.03141,0.9549096227,2.4629619122,0.635,3.102,3.5495,0.289,7,0.000,0.460,83.90,44.95,28.89,23.23,18.85,1,-3.1e-07,0.00,7.178e-01,2.733e-01,1.134e-03,5.636e-04,3.290e-03,-1.000,8.839e-03,-2.984,-2.002,-0.722,-0.672,-3.086,
0.0075779,-0.30000,10.03141,0.9549096823,2.4629619122,0.633,3.187,3.5393,0.162,7,0.000,0.460,110.23,56.54,35.97,29.01,23.56,1,-4.55e-07,0.00,7.178e-01,2.733e-01,1.134e-03,5.636e-04,3.290e-03,-1.000,8.839e-03,-3.198,-2.035,-0.546,-0.497,-3.186,
0.0075779,-0.30000,10.03141,0.9549097419,2.4629619122,0.633,3.090,3.5511,0.305,7,0.000,0.460,80.94,43.60,28.06,22.55,18.30,1,-2.99e-07,0.00,7.178e-01,2.733e-01,1.134e-03,5.636e-04,3.290e-03,-1.000,8.839e-03,-2.956,-1.998,-0.744,-0.693,-3.072,
0.0075779,-0.30000,10.03141,0.9549098015,2.4629619122,0.632,3.068,3.5536,0.337,7,0.000,0.460,75.51,41.13,26.54,21.31,17.29,1,-2.71e-07,0.00,7.178e-01,2.733e-01,1.134e-03,5.636e-04,3.290e-03,-1.000,8.839e-03,-2.900,-1.980,-0.765,-0.714,-3.039,
0.0075779,-0.30000,10.03141,0.9549100399,2.4629619122,0.629,3.091,3.5513,0.303,7,0.000,0.460,81.23,43.70,28.12,22.60,18.34,1,-3.07e-07,0.00,7.178e-01,2.733e-01,1.134e-03,5.637e-04,3.290e-03,-1.000,8.839e-03,-2.957,-2.003,-0.751,-0.700,-3.075,
0.0075779,-0.30000,10.03141,0.9549102187,2.4629619122,0.627,3.122,3.5479,0.257,7,0.000,0.460,89.72,47.49,30.44,24.50,19.89,1,-3.55e-07,0.00,7.178e-01,2.733e-01,1.134e-03,5.639e-04,3.290e-03,-1.000,8.836e-03,-3.036,-2.025,-0.712,-0.661,-3.119,
0.0075779,-0.30000,10.03141,0.9549103379,2.4629621506,0.625,3.155,3.5445,0.209,7,0.000,0.459,99.35,51.71,33.01,26.61,21.60,1,-4.15e-07,0.00,7.178e-01,2.733e-01,1.134e-03,5.642e-04,3.290e-03,-1.000,8.831e-03,-3.116,-2.045,-0.663,-0.613,-3.162,
0.0075779,-0.30000,10.03141,0.9549105167,2.4629621506,0.622,3.185,3.5413,0.163,7,0.000,0.459,109.34,56.08,35.67,28.79,23.38,1,-4.8e-07,0.00,7.178e-01,2.733e-01,1.133e-03,5.643e-04,3.290e-03,-1.000,8.827e-03,-3.193,-2.065,-0.617,-0.567,-3.204,
0.0075779,-0.30000,10.03141,0.9549106956,2.4629621506,0.618,3.217,3.5383,0.117,7,0.000,0.459,117.30,60.89,38.58,31.18,25.33,0,-5.56e-07,0.01,7.178e-01,2.733e-01,1.133e-03,5.645e-04,3.290e-03,-1.000,8.823e-03,-3.273,-2.087,-0.571,-0.521,-3.246,
0.0075779,-0.30000,10.03141,0.9549109936,2.4629621506,0.611,3.255,3.5357,0.064,7,0.000,0.459,126.94,66.84,42.16,34.14,27.73,0,-6.77e-07,0.01,7.178e-01,2.733e-01,1.133e-03,5.646e-04,3.290e-03,-1.000,8.820e-03,-3.367,-2.125,-0.541,-0.492,-3.303,
0.0075779,-0.30000,10.03141,0.9549112916,2.4629623890,0.601,3.290,3.5361,0.023,7,0.000,0.459,134.53,71.64,45.04,36.53,29.67,0,-8.33e-07,0.01,7.178e-01,2.733e-01,1.133e-03,5.648e-04,3.290e-03,-1.000,8.820e-03,-3.455,-2.212,-0.628,-0.579,-3.390,
0.0075779,-0.30000,10.03141,0.9549115300,2.4629623890,0.591,3.314,3.5421,0.016,7,0.000,0.459,135.31,72.29,45.41,36.85,29.93,0,-9.96e-07,0.02,7.178e-01,2.733e-01,1.133e-03,5.650e-04,3.290e-03,-1.000,8.820e-03,-3.515,-2.376,-0.916,-0.865,-3.517,
0.0075779,-0.30000,10.03141,0.9549115896,2.4629623890,0.585,3.323,3.5492,0.031,7,0.000,0.459,131.63,70.11,44.09,35.78,29.06,0,-1.07e-06,0.02,7.178e-01,2.733e-01,1.133e-03,5.650e-04,3.290e-03,-1.000,8.820e-03,-3.537,-2.517,-1.192,-1.141,-3.615,
0.0075779,-0.30000,10.03141,0.9549117088,2.4629623890,0.578,3.328,3.5567,0.051,7,0.000,0.459,127.13,67.46,42.49,34.48,27.99,0,-1.12e-06,0.02,7.178e-01,2.733e-01,1.133e-03,5.651e-04,3.290e-03,-1.000,8.820e-03,-3.550,-2.635,-1.422,-1.370,-3.693,
0.0075779,-0.30000,10.03141,0.9899451137,2.4707860947,0.525,-9.999,3.9574,7.894,9,0.525,0.000,0.00,0.00,0.00,0.00,0.00,-1,-1e-30,0.00,7.174e-01,2.751e-01,1.197e-03,5.577e-04,3.301e-03,-1.000,7.463e-03,29.767,31.687,31.568,31.526,31.888,
