Zini,MH,logAge,Mini,int_IMF,Mass,logL,logTe,logg,label,McoreTP,C_O,period0,period1,period2,period3,period4,pmode,Mloss,tau1m,X,Y,Xc,Xn,Xo,Cexcess,Z,,mbolmag,Umag,Bmag,Vmag,Rmag,Imag,Jmag,Hmag,Kmag
6.1916e-05,-2.19174,9.60206,0.1000000015,1.1711064577,0.100,-2.788,3.5575,5.408,1,0.000,0.545,0.00,0.00,0.00,0.00,0.00,-1,-1.28e-16,0.00,7.491e-01,2.508e-01,1.798e-05,4.851e-06,4.400e-05,-1.000,1.000e-04,11.741,15.981,14.478,12.909,11.825,10.960,9.979,9.643,9.536,
6.1916e-05,-2.19174,9.60206,0.1098214313,1.2482755184,0.109,-2.640,3.5729,5.360,1,0.000,0.545,0.00,0.00,0.00,0.00,0.00,-1,-1.82e-16,0.00,7.485e-01,2.514e-01,1.798e-05,4.851e-06,4.400e-05,-1.000,1.000e-04,11.369,15.087,13.837,12.402,11.396,10.612,9.665,9.263,9.139,
6.1916e-05,-2.19174,9.60206,0.1294642836,1.3786746264,0.129,-2.400,3.5954,5.283,1,0.000,0.545,0.00,0.00,0.00,0.00,0.00,-1,-3.18e-16,0.00,7.474e-01,2.525e-01,1.798e-05,4.851e-06,4.400e-05,-1.000,1.001e-04,10.771,13.826,12.887,11.625,10.742,10.034,9.147,8.674,8.533,
6.1916e-05,-2.19174,9.60206,0.1491071582,1.4855960608,0.149,-2.244,3.6068,5.234,1,0.000,0.545,0.00,0.00,0.00,0.00,0.00,-1,-4.48e-16,0.00,7.466e-01,2.533e-01,1.798e-05,4.851e-06,4.400e-05,-1.000,9.999e-05,10.381,13.159,12.347,11.155,10.327,9.648,8.795,8.301,8.150,
6.1916e-05,-2.19174,9.60206,0.1687500030,1.5756140947,0.168,-2.125,3.6142,5.197,1,0.000,0.545,0.00,0.00,0.00,0.00,0.00,-1,-5.8e-16,0.00,7.461e-01,2.538e-01,1.798e-05,4.851e-06,4.400e-05,-1.000,9.993e-05,10.082,12.693,11.956,10.805,10.011,9.350,8.519,8.017,7.860,
6.1916e-05,-2.19174,9.60206,0.2080357224,1.7204496861,0.207,-1.926,3.6254,5.134,1,0.000,0.545,0.00,0.00,0.00,0.00,0.00,-1,-8.86e-16,0.00,7.453e-01,2.546e-01,1.798e-05,4.851e-06,4.400e-05,-1.000,9.996e-05,9.585,11.961,11.332,10.237,9.489,8.855,8.057,7.551,7.388,
6.1916e-05,-2.19174,9.60206,0.2571428716,1.8581268787,0.257,-1.732,3.6355,5.074,1,0.000,0.545,0.00,0.00,0.00,0.00,0.00,-1,-1.33e-15,0.00,7.450e-01,2.549e-01,1.798e-05,4.851e-06,4.400e-05,-1.000,1.000e-04,9.101,11.275,10.739,9.690,8.982,8.371,7.603,7.099,6.936,
6.1916e-05,-2.19174,9.60206,0.3062500358,1.9652637243,0.306,-1.579,3.6438,5.029,1,0.000,0.545,0.00,0.00,0.00,0.00,0.00,-1,-1.83e-15,0.00,7.451e-01,2.548e-01,1.798e-05,4.852e-06,4.400e-05,-1.000,9.999e-05,8.718,10.737,10.273,9.259,8.581,7.987,7.243,6.746,6.584,
6.1916e-05,-2.19174,9.60206,0.3553571403,2.0521113873,0.355,-1.452,3.6513,4.997,1,0.000,0.545,0.00,0.00,0.00,0.00,0.00,-1,-2.36e-15,0.00,7.457e-01,2.542e-01,1.797e-05,4.852e-06,4.400e-05,-1.000,9.987e-05,8.400,10.283,9.882,8.900,8.247,7.669,6.948,6.459,6.300,
6.1916e-05,-2.19174,9.60206,0.4041737914,2.1242144108,0.404,-1.340,3.6592,4.973,1,0.000,0.545,0.00,0.00,0.00,0.00,0.00,-1,-2.95e-15,0.00,7.505e-01,2.494e-01,1.798e-05,4.851e-06,4.400e-05,-1.000,9.984e-05,8.120,9.868,9.530,8.580,7.951,7.390,6.691,6.211,6.058,
6.1916e-05,-2.19174,9.60206,0.4044643044,2.1246092319,0.404,-1.339,3.6592,4.973,1,0.000,0.545,0.00,0.00,0.00,0.00,0.00,-1,-2.95e-15,0.00,7.505e-01,2.494e-01,1.798e-05,4.851e-06,4.400e-05,-1.000,9.993e-05,8.118,9.865,9.528,8.578,7.949,7.388,6.690,6.210,6.057,
6.1916e-05,-2.19174,9.60206,0.4535714388,2.1864814758,0.453,-1.203,3.6710,4.934,1,0.000,0.545,0.00,0.00,0.00,0.00,0.00,-1,-3.99e-15,0.00,7.508e-01,2.491e-01,1.798e-05,4.851e-06,4.400e-05,-1.000,9.999e-05,7.779,9.325,9.084,8.183,7.590,7.053,6.388,5.922,5.779,
6.1916e-05,-2.19174,9.60206,0.4655892849,2.2003061771,0.465,-1.166,3.6744,4.921,1,0.000,0.545,0.00,0.00,0.00,0.00,0.00,-1,-4.36e-15,0.00,7.509e-01,2.490e-01,1.797e-05,4.848e-06,4.398e-05,-1.000,9.996e-05,7.684,9.177,8.962,8.074,7.491,6.961,6.305,5.842,5.703,
6.1916e-05,-2.19174,9.60206,0.5026785731,2.2401986122,0.503,-1.055,3.6843,4.884,1,0.000,0.545,0.00,0.00,0.00,0.00,0.00,-1,-5.65e-15,0.00,7.514e-01,2.485e-01,1.794e-05,4.840e-06,4.390e-05,-1.000,1.000e-04,7.408,8.745,8.603,7.758,7.201,6.691,6.062,5.611,5.482,
6.1916e-05,-2.19174,9.60206,0.5517857671,2.2851314545,0.551,-0.889,3.7006,4.823,1,0.000,0.545,0.00,0.00,0.00,0.00,0.00,-1,-8.45e-15,0.00,7.623e-01,2.376e-01,1.721e-05,4.642e-06,4.211e-05,-1.000,1.000e-04,6.993,8.092,8.061,7.286,6.772,6.294,5.707,5.276,5.162,
6.1916e-05,-2.19174,9.60206,0.5610831976,2.2926263809,0.561,-0.856,3.7046,4.813,1,0.000,0.545,0.00,0.00,0.00,0.00,0.00,-1,-9.16e-15,0.00,7.631e-01,2.368e-01,1.715e-05,4.628e-06,4.198e-05,-1.000,9.999e-05,6.910,7.956,7.949,7.191,6.686,6.217,5.639,5.213,5.104,
6.1916e-05,-2.19174,9.60206,0.6008928418,2.3217256069,0.601,-0.719,3.7210,4.771,1,0.000,0.545,0.00,0.00,0.00,0.00,0.00,-1,-1.27e-14,0.00,7.666e-01,2.333e-01,1.692e-05,4.567e-06,4.143e-05,-1.000,9.988e-05,6.567,7.410,7.495,6.805,6.338,5.900,5.363,4.960,4.865,
6.1916e-05,-2.19174,9.60206,0.6350618005,2.3433847427,0.635,-0.599,3.7369,4.740,1,0.000,0.544,0.00,0.00,0.00,0.00,0.00,-1,-1.69e-14,0.00,7.706e-01,2.293e-01,1.665e-05,4.496e-06,4.079e-05,-1.000,1.000e-04,6.269,6.947,7.104,6.474,6.041,5.631,5.133,4.752,4.670,
6.1916e-05,-2.19174,9.60206,0.6499999762,2.3520355225,0.650,-0.549,3.7437,4.726,1,0.000,0.544,0.00,0.00,0.00,0.00,0.00,-1,-1.91e-14,0.00,7.727e-01,2.272e-01,1.653e-05,4.461e-06,4.048e-05,-1.000,9.999e-05,6.141,6.757,6.941,6.336,5.917,5.519,5.037,4.665,4.589,
6.1916e-05,-2.19174,9.60206,0.6544973254,2.3545510769,0.654,-0.533,3.7459,4.722,1,0.000,0.544,0.00,0.00,0.00,0.00,0.00,-1,-1.98e-14,0.00,7.734e-01,2.265e-01,1.648e-05,4.449e-06,4.038e-05,-1.000,1.000e-04,6.103,6.699,6.891,6.294,5.880,5.486,5.008,4.639,4.565,
6.1916e-05,-2.19174,9.60206,0.6814077497,2.3688089848,0.681,-0.441,3.7586,4.699,1,0.000,0.544,0.00,0.00,0.00,0.00,0.00,-1,-2.46e-14,0.00,7.780e-01,2.219e-01,1.618e-05,4.370e-06,3.966e-05,-1.000,1.000e-04,5.874,6.366,6.602,6.050,5.662,5.291,4.841,4.486,4.424,
6.1916e-05,-2.19174,9.60206,0.6999999881,2.3779268265,0.700,-0.379,3.7670,4.683,1,0.000,0.544,0.00,0.00,0.00,0.00,0.00,-1,-2.86e-14,0.00,7.816e-01,2.183e-01,1.595e-05,4.308e-06,3.910e-05,-1.000,1.000e-04,5.718,6.153,6.411,5.888,5.517,5.160,4.728,4.383,4.329,
6.1916e-05,-2.19174,9.60206,0.7073225975,2.3813669682,0.707,-0.355,3.7703,4.676,1,0.000,0.543,0.00,0.00,0.00,0.00,0.00,-1,-3.03e-14,0.00,7.836e-01,2.163e-01,1.579e-05,4.273e-06,3.880e-05,-1.000,1.000e-04,5.658,6.072,6.338,5.825,5.461,5.109,4.683,4.342,4.291,
6.1916e-05,-2.19174,9.60206,0.7329885364,2.3928031921,0.733,-0.271,3.7812,4.651,1,0.000,0.538,0.00,0.00,0.00,0.00,0.00,-1,-3.71e-14,0.00,7.913e-01,2.086e-01,1.519e-05,4.138e-06,3.761e-05,-1.000,9.999e-05,5.448,5.804,6.089,5.610,5.266,4.931,4.526,4.198,4.156,
6.1916e-05,-2.19174,9.60206,0.7500000000,2.3998889923,0.750,-0.216,3.7882,4.634,1,0.000,0.536,0.00,0.00,0.00,0.00,0.00,-1,-4.25e-14,0.00,7.972e-01,2.027e-01,1.475e-05,4.036e-06,3.672e-05,-1.000,1.000e-04,5.310,5.633,5.926,5.470,5.138,4.816,4.426,4.107,4.070,
6.1916e-05,-2.19174,9.60206,0.7582114339,2.4031789303,0.758,-0.190,3.7913,4.625,1,0.000,0.535,0.00,0.00,0.00,0.00,0.00,-1,-4.53e-14,0.00,7.985e-01,2.014e-01,1.471e-05,4.025e-06,3.662e-05,-1.000,9.528e-05,5.245,5.554,5.849,5.403,5.077,4.760,4.376,4.062,4.028,
6.1916e-05,-2.19174,9.60206,0.7819545865,2.4122457504,0.782,-0.114,3.8003,4.598,1,0.000,0.535,0.00,0.00,0.00,0.00,0.00,-1,-5.48e-14,0.00,8.018e-01,1.982e-01,1.463e-05,4.008e-06,3.649e-05,-1.000,4.953e-05,5.055,5.332,5.629,5.209,4.901,4.598,4.233,3.933,3.905,
6.1916e-05,-2.19174,9.60206,0.8000000119,2.4187245369,0.800,-0.057,3.8070,4.577,1,0.000,0.534,0.00,0.00,0.00,0.00,0.00,-1,-6.33e-14,0.00,8.034e-01,1.965e-01,1.465e-05,4.013e-06,3.656e-05,-1.000,9.994e-05,4.912,5.170,5.463,5.062,4.766,4.475,4.125,3.836,3.812,
6.1916e-05,-2.19174,9.60206,0.8209292889,2.4258298874,0.820,0.010,3.8147,4.553,1,0.000,0.534,0.00,0.00,0.00,0.00,0.00,-1,-7.48e-14,0.00,8.037e-01,1.962e-01,1.466e-05,4.018e-06,3.661e-05,-1.000,1.000e-04,4.746,4.987,5.272,4.892,4.611,4.332,3.999,3.724,3.705,
6.1916e-05,-2.19174,9.60206,0.8409252167,2.4322400093,0.840,0.073,3.8220,4.530,1,0.000,0.533,0.00,0.00,0.00,0.00,0.00,-1,-8.78e-14,0.00,8.037e-01,1.962e-01,1.468e-05,4.025e-06,3.668e-05,-1.000,1.000e-04,4.588,4.817,5.091,4.728,4.459,4.193,3.877,3.617,3.600,
6.1916e-05,-2.19174,9.60206,0.8500000238,2.4350347519,0.849,0.102,3.8253,4.519,1,0.000,0.533,0.00,0.00,0.00,0.00,0.00,-1,-9.45e-14,0.00,8.037e-01,1.962e-01,1.469e-05,4.029e-06,3.672e-05,-1.000,1.000e-04,4.516,4.740,5.008,4.654,4.390,4.129,3.821,3.568,3.552,
6.1916e-05,-2.19174,9.60206,0.8554745913,2.4366879463,0.855,0.119,3.8274,4.513,1,0.000,0.533,0.00,0.00,0.00,0.00,0.00,-1,-9.87e-14,0.00,8.038e-01,1.961e-01,1.469e-05,4.029e-06,3.672e-05,-1.000,1.001e-04,4.474,4.695,4.959,4.609,4.349,4.092,3.789,3.539,3.524,
6.1916e-05,-2.19174,9.60206,0.8748539090,2.4423491955,0.874,0.180,3.8347,4.491,1,0.000,0.534,0.00,0.00,0.00,0.00,0.00,-1,-1.15e-13,0.00,8.037e-01,1.962e-01,1.469e-05,4.029e-06,3.672e-05,-1.000,9.993e-05,4.321,4.535,4.783,4.450,4.203,3.958,3.672,3.438,3.425,
6.1916e-05,-2.19174,9.60206,0.8919118047,2.4470987320,0.891,0.234,3.8411,4.470,1,0.000,0.533,0.00,0.00,0.00,0.00,0.00,-1,-1.32e-13,0.00,8.035e-01,1.964e-01,1.471e-05,4.033e-06,3.675e-05,-1.000,1.000e-04,4.185,4.394,4.626,4.307,4.072,3.838,3.567,3.348,3.335,
6.1916e-05,-2.19174,9.60206,0.8999999762,2.4492788315,0.899,0.260,3.8441,4.460,1,0.000,0.534,0.00,0.00,0.00,0.00,0.00,-1,-1.41e-13,0.00,8.033e-01,1.966e-01,1.472e-05,4.036e-06,3.678e-05,-1.000,9.997e-05,4.120,4.328,4.551,4.239,4.009,3.781,3.517,3.304,3.292,
6.1916e-05,-2.19174,9.60206,0.9008623958,2.4495084286,0.900,0.263,3.8445,4.460,1,0.000,0.534,0.00,0.00,0.00,0.00,0.00,-1,-1.42e-13,0.00,8.033e-01,1.966e-01,1.472e-05,4.035e-06,3.678e-05,-1.000,1.000e-04,4.114,4.321,4.543,4.231,4.003,3.775,3.512,3.300,3.288,
6.1916e-05,-2.19174,9.60206,0.9156214595,2.4533638954,0.915,0.311,3.8507,4.443,1,0.000,0.534,0.00,0.00,0.00,0.00,0.00,-1,-1.61e-13,0.00,8.034e-01,1.966e-01,1.471e-05,4.033e-06,3.676e-05,-1.000,5.993e-05,3.993,4.197,4.402,4.105,3.887,3.671,3.423,3.224,3.213,
6.1916e-05,-2.19174,9.60206,0.9281502962,2.4565262794,0.927,0.352,3.8561,4.429,1,0.000,0.534,0.00,0.00,0.00,0.00,0.00,-1,-1.79e-13,0.00,8.034e-01,1.965e-01,1.470e-05,4.032e-06,3.675e-05,-1.000,7.908e-05,3.889,4.091,4.279,3.994,3.787,3.580,3.345,3.158,3.148,
6.1916e-05,-2.19174,9.60206,0.9447175264,2.4605600834,0.944,0.410,3.8637,4.410,1,0.000,0.533,0.00,0.00,0.00,0.00,0.00,-1,-2.06e-13,0.00,8.033e-01,1.966e-01,1.470e-05,4.032e-06,3.675e-05,-1.000,9.999e-05,3.746,3.947,4.112,3.843,3.650,3.458,3.240,3.070,3.060,
6.1916e-05,-2.19174,9.60206,0.9499999881,2.4618122578,0.949,0.428,3.8662,4.404,1,0.000,0.534,0.00,0.00,0.00,0.00,0.00,-1,-2.16e-13,0.00,8.033e-01,1.966e-01,1.470e-05,4.032e-06,3.675e-05,-1.000,1.001e-04,3.700,3.900,4.057,3.794,3.606,3.419,3.207,3.042,3.033,
6.1916e-05,-2.19174,9.60206,0.9512413740,2.4621043205,0.950,0.432,3.8669,4.403,1,0.000,0.534,0.00,0.00,0.00,0.00,0.00,-1,-2.18e-13,0.00,8.034e-01,1.965e-01,1.470e-05,4.032e-06,3.674e-05,-1.000,1.001e-04,3.689,3.890,4.045,3.783,3.596,3.410,3.200,3.036,3.027,
6.1916e-05,-2.19174,9.60206,0.9644509554,2.4651575089,0.964,0.480,3.8745,4.393,1,0.000,0.533,0.00,0.00,0.00,0.00,0.00,-1,-2.45e-13,0.00,8.038e-01,1.961e-01,1.468e-05,4.026e-06,3.669e-05,-1.000,1.000e-04,3.571,3.771,3.903,3.657,3.485,3.313,3.120,2.974,2.964,
6.1916e-05,-2.19174,9.60206,0.9764209390,2.4678423405,0.976,0.524,3.8817,4.382,1,0.000,0.533,0.00,0.00,0.00,0.00,0.00,-1,-2.73e-13,0.00,8.041e-01,1.958e-01,1.466e-05,4.022e-06,3.665e-05,-1.000,1.000e-04,3.460,3.660,3.770,3.539,3.381,3.223,3.047,2.915,2.906,
6.1916e-05,-2.19174,9.60206,0.9874222279,2.4702441692,0.987,0.566,3.8885,4.372,1,0.000,0.533,0.00,0.00,0.00,0.00,0.00,-1,-3.02e-13,0.00,8.043e-01,1.956e-01,1.465e-05,4.019e-06,3.662e-05,-1.000,1.000e-04,3.355,3.555,3.643,3.427,3.283,3.138,2.977,2.859,2.851,
6.1916e-05,-2.19174,9.60206,0.9979714155,2.4724898338,0.997,0.608,3.8952,4.362,1,0.000,0.533,0.00,0.00,0.00,0.00,0.00,-1,-3.35e-13,0.00,8.045e-01,1.954e-01,1.464e-05,4.017e-06,3.661e-05,-1.000,9.836e-05,3.250,3.450,3.519,3.317,3.186,3.055,2.908,2.803,2.795,
6.1916e-05,-2.19174,9.60206,1.0000000000,2.4729156494,0.999,0.616,3.8965,4.359,1,0.000,0.533,0.00,0.00,0.00,0.00,0.00,-1,-3.42e-13,0.00,8.046e-01,1.953e-01,1.464e-05,4.016e-06,3.660e-05,-1.000,1.000e-04,3.229,3.430,3.494,3.295,3.167,3.038,2.894,2.792,2.784,
6.1916e-05,-2.19174,9.60206,1.0038033724,2.4737081528,1.003,0.632,3.8990,4.355,1,0.000,0.533,0.00,0.00,0.00,0.00,0.00,-1,-3.54e-13,0.00,8.047e-01,1.952e-01,1.464e-05,4.015e-06,3.659e-05,-1.000,9.997e-05,3.190,3.391,3.448,3.254,3.131,3.008,2.869,2.772,2.763,
6.1916e-05,-2.19174,9.60206,1.0138149261,2.4757621288,1.013,0.675,3.9055,4.343,1,0.000,0.533,0.00,0.00,0.00,0.00,0.00,-1,-3.87e-13,0.00,8.049e-01,1.950e-01,1.462e-05,4.011e-06,3.657e-05,-1.000,9.999e-05,3.084,3.286,3.325,3.146,3.035,2.925,2.799,2.714,2.705,
6.1916e-05,-2.19174,9.60206,1.0232665539,2.4776589870,1.022,0.716,3.9116,4.330,1,0.000,0.533,0.00,0.00,0.00,0.00,0.00,-1,-4.25e-13,0.00,8.051e-01,1.948e-01,1.461e-05,4.009e-06,3.654e-05,-1.000,1.000e-04,2.979,3.183,3.206,3.041,2.942,2.843,2.729,2.655,2.646,
6.1916e-05,-2.19174,9.60206,1.0328648090,2.4795441628,1.032,0.760,3.9174,4.313,1,0.000,0.533,0.00,0.00,0.00,0.00,0.00,-1,-4.7e-13,0.00,8.053e-01,1.947e-01,1.461e-05,4.008e-06,3.652e-05,-1.000,3.369e-05,2.870,3.075,3.083,2.933,2.845,2.757,2.655,2.590,2.581,
6.1916e-05,-2.19174,9.60206,1.0421172380,2.4813239574,1.041,0.804,3.9226,4.294,1,0.000,0.533,0.00,0.00,0.00,0.00,0.00,-1,-5.23e-13,0.00,8.054e-01,1.945e-01,1.460e-05,4.005e-06,3.651e-05,-1.000,8.896e-05,2.760,2.966,2.962,2.825,2.748,2.669,2.576,2.519,2.510,
6.1916e-05,-2.19174,9.60206,1.0499999523,2.4828116894,1.049,0.845,3.9267,4.272,1,0.000,0.533,0.00,0.00,0.00,0.00,0.00,-1,-5.8e-13,0.00,8.044e-01,1.955e-01,1.466e-05,4.021e-06,3.665e-05,-1.000,9.991e-05,2.657,2.864,2.851,2.726,2.656,2.584,2.498,2.447,2.438,
6.1916e-05,-2.19174,9.60206,1.0532845259,2.4834239483,1.052,0.862,3.9283,4.263,1,0.000,0.533,0.00,0.00,0.00,0.00,0.00,-1,-6.05e-13,0.00,8.040e-01,1.959e-01,1.468e-05,4.027e-06,3.671e-05,-1.000,1.000e-04,2.615,2.823,2.806,2.685,2.619,2.550,2.467,2.418,2.409,
6.1916e-05,-2.19174,9.60206,1.0581575632,2.4843244553,1.057,0.889,3.9300,4.245,1,0.000,0.533,0.00,0.00,0.00,0.00,0.00,-1,-6.53e-13,0.00,8.034e-01,1.965e-01,1.472e-05,4.036e-06,3.679e-05,-1.000,9.996e-05,2.547,2.756,2.734,2.619,2.556,2.490,2.410,2.363,2.354,
6.1916e-05,-2.19174,9.60206,1.0584470034,2.4843776226,1.057,0.891,3.9301,4.243,1,0.000,0.533,0.00,0.00,0.00,0.00,0.00,-1,-6.56e-13,0.00,8.034e-01,1.965e-01,1.472e-05,4.037e-06,3.679e-05,-1.000,1.000e-04,2.543,2.752,2.730,2.615,2.552,2.486,2.406,2.360,2.351,
6.1916e-05,-2.19174,9.60206,1.0602198839,2.4847025871,1.059,0.901,3.9305,4.236,1,0.000,0.533,0.00,0.00,0.00,0.00,0.00,-1,-6.77e-13,0.00,8.032e-01,1.967e-01,1.473e-05,4.040e-06,3.682e-05,-1.000,9.997e-05,2.517,2.726,2.703,2.590,2.528,2.463,2.383,2.338,2.329,
6.1916e-05,-2.19174,9.60206,1.0604225397,2.4847397804,1.059,0.902,3.9306,4.235,1,0.000,0.533,0.00,0.00,0.00,0.00,0.00,-1,-6.8e-13,0.00,8.032e-01,1.967e-01,1.473e-05,4.040e-06,3.682e-05,-1.000,9.997e-05,2.514,2.723,2.700,2.587,2.525,2.460,2.381,2.335,2.326,
6.1916e-05,-2.19174,9.60206,1.0626538992,2.4851469994,1.061,0.916,3.9310,4.224,1,0.000,0.533,0.00,0.00,0.00,0.00,0.00,-1,-7.06e-13,0.00,8.029e-01,1.970e-01,1.475e-05,4.044e-06,3.686e-05,-1.000,9.999e-05,2.481,2.690,2.665,2.554,2.493,2.429,2.350,2.305,2.295,
6.1916e-05,-2.19174,9.60206,1.0726242065,2.4869422913,1.071,0.982,3.9303,4.159,2,0.000,0.534,0.00,0.00,0.00,0.00,0.00,-1,-8.61e-13,0.00,8.017e-01,1.982e-01,1.482e-05,4.063e-06,3.703e-05,-1.000,9.993e-05,2.316,2.525,2.493,2.386,2.325,2.261,2.181,2.136,2.126,
6.1916e-05,-2.19174,9.60206,1.0782092810,2.4879314899,1.076,1.026,3.9260,4.100,2,0.000,0.534,0.00,0.00,0.00,0.00,0.00,-1,-1.01e-12,0.00,8.011e-01,1.988e-01,1.485e-05,4.073e-06,3.712e-05,-1.000,9.997e-05,2.206,2.415,2.381,2.268,2.202,2.133,2.045,1.995,1.985,
6.1916e-05,-2.19174,9.60206,1.0822082758,2.4886324406,1.080,1.063,3.9178,4.032,2,0.000,0.534,0.00,0.00,0.00,0.00,0.00,-1,-1.18e-12,0.00,8.006e-01,1.993e-01,1.488e-05,4.080e-06,3.718e-05,-1.000,9.999e-05,2.112,2.321,2.289,2.161,2.083,2.003,1.901,1.841,1.830,
6.1916e-05,-2.19174,9.60206,1.0844556093,2.4890236855,1.083,1.088,3.9095,3.975,2,0.000,0.534,0.00,0.00,0.00,0.00,0.00,-1,-1.33e-12,0.00,8.004e-01,1.995e-01,1.490e-05,4.084e-06,3.722e-05,-1.000,9.997e-05,2.051,2.260,2.236,2.091,2.000,1.907,1.789,1.719,1.707,
6.1916e-05,-2.19174,9.60206,1.0861506462,2.4893176556,1.084,1.108,3.9002,3.918,2,0.000,0.534,0.00,0.00,0.00,0.00,0.00,-1,-1.48e-12,0.00,8.002e-01,1.997e-01,1.491e-05,4.087e-06,3.725e-05,-1.000,9.999e-05,2.000,2.211,2.199,2.036,1.929,1.820,1.684,1.599,1.587,
6.1916e-05,-2.19174,9.60206,1.0873148441,2.4895188808,1.085,1.124,3.8906,3.865,2,0.000,0.534,0.00,0.00,0.00,0.00,0.00,-1,-1.63e-12,0.00,8.000e-01,1.999e-01,1.492e-05,4.089e-06,3.727e-05,-1.000,9.993e-05,1.961,2.176,2.179,1.996,1.872,1.746,1.591,1.490,1.477,
6.1916e-05,-2.19174,9.60206,1.0881668329,2.4896659851,1.086,1.136,3.8816,3.816,2,0.000,0.534,0.00,0.00,0.00,0.00,0.00,-1,-1.77e-12,0.00,7.999e-01,2.000e-01,1.492e-05,4.091e-06,3.728e-05,-1.000,9.991e-05,1.931,2.150,2.171,1.969,1.828,1.685,1.511,1.393,1.380,
6.1916e-05,-2.19174,9.60206,1.0890231133,2.4898133278,1.087,1.149,3.8695,3.755,2,0.000,0.534,0.00,0.00,0.00,0.00,0.00,-1,-1.96e-12,0.00,7.999e-01,2.000e-01,1.493e-05,4.092e-06,3.729e-05,-1.000,1.000e-04,1.898,2.125,2.169,1.943,1.779,1.614,1.413,1.272,1.258,
6.1916e-05,-2.19174,9.60206,1.0896869898,2.4899275303,1.088,1.160,3.8575,3.697,2,0.000,0.534,0.00,0.00,0.00,0.00,0.00,-1,-2.14e-12,0.00,7.998e-01,2.001e-01,1.493e-05,4.094e-06,3.730e-05,-1.000,9.990e-05,1.871,2.108,2.177,1.925,1.739,1.551,1.323,1.158,1.142,
6.1916e-05,-2.19174,9.60206,1.0902278423,2.4900202751,1.088,1.169,3.8451,3.638,2,0.000,0.534,0.00,0.00,0.00,0.00,0.00,-1,-2.34e-12,0.00,7.997e-01,2.002e-01,1.493e-05,4.095e-06,3.731e-05,-1.000,1.000e-04,1.847,2.099,2.192,1.913,1.704,1.494,1.237,1.046,1.028,
6.1916e-05,-2.19174,9.60206,1.0906921625,2.4901001453,1.089,1.177,3.8331,3.582,2,0.000,0.534,0.00,0.00,0.00,0.00,0.00,-1,-2.54e-12,0.00,7.997e-01,2.002e-01,1.494e-05,4.095e-06,3.732e-05,-1.000,9.999e-05,1.827,2.094,2.212,1.906,1.674,1.442,1.157,0.939,0.920,
6.1916e-05,-2.19174,9.60206,1.0911349058,2.4901759624,1.089,1.185,3.8214,3.528,2,0.000,0.534,0.00,0.00,0.00,0.00,0.00,-1,-2.75e-12,0.00,7.996e-01,2.003e-01,1.494e-05,4.096e-06,3.733e-05,-1.000,9.999e-05,1.808,2.094,2.232,1.899,1.647,1.393,1.081,0.837,0.816,
6.1916e-05,-2.19174,9.60206,1.0915945768,2.4902546406,1.089,1.193,3.8098,3.473,2,0.000,0.534,0.00,0.00,0.00,0.00,0.00,-1,-2.98e-12,0.00,7.996e-01,2.003e-01,1.494e-05,4.097e-06,3.733e-05,-1.000,9.987e-05,1.788,2.098,2.255,1.893,1.619,1.345,1.004,0.735,0.711,
6.1916e-05,-2.19174,9.60206,1.0920994282,2.4903409481,1.090,1.201,3.7978,3.418,2,0.000,0.534,0.00,0.00,0.00,0.00,0.00,-1,-3.23e-12,0.00,7.995e-01,2.004e-01,1.495e-05,4.098e-06,3.734e-05,-1.000,1.000e-04,1.768,2.108,2.283,1.888,1.591,1.296,0.926,0.632,0.603,
6.1916e-05,-2.19174,9.60206,1.0926241875,2.4904305935,1.090,1.208,3.7859,3.363,2,0.000,0.534,0.00,0.00,0.00,0.00,0.00,-1,-3.5e-12,0.00,7.994e-01,2.005e-01,1.495e-05,4.099e-06,3.735e-05,-1.000,9.999e-05,1.750,2.127,2.315,1.886,1.566,1.251,0.852,0.533,0.499,
6.1916e-05,-2.19174,9.60206,1.0931935310,2.4905276299,1.091,1.213,3.7743,3.312,2,0.000,0.534,0.00,0.00,0.00,0.00,0.00,-1,-3.75e-12,0.00,7.965e-01,2.034e-01,1.511e-05,4.142e-06,3.774e-05,-1.000,1.000e-04,1.737,2.159,2.352,1.889,1.547,1.212,0.786,0.443,0.402,
6.1916e-05,-2.19174,9.60206,1.0938229561,2.4906349182,1.092,1.217,3.7639,3.266,2,0.000,0.535,0.00,0.00,0.00,0.00,0.00,-1,-3.99e-12,0.00,7.803e-01,2.196e-01,1.602e-05,4.386e-06,3.991e-05,-1.000,1.001e-04,1.727,2.195,2.387,1.893,1.531,1.179,0.728,0.364,0.318,
6.1916e-05,-2.19174,9.60206,1.0946221352,2.4907710552,1.092,1.227,3.7533,3.214,2,0.000,0.537,0.00,0.00,0.00,0.00,0.00,-1,-4.33e-12,0.00,7.650e-01,2.349e-01,1.690e-05,4.621e-06,4.201e-05,-1.000,1.000e-04,1.702,2.228,2.413,1.883,1.502,1.131,0.654,0.272,0.217,
6.1916e-05,-2.19174,9.60206,1.0950623751,2.4908459187,1.093,1.245,3.7497,3.182,3,0.000,0.537,0.00,0.00,0.00,0.00,0.00,-1,-4.66e-12,0.00,7.625e-01,2.374e-01,1.705e-05,4.660e-06,4.235e-05,-1.000,1.000e-04,1.658,2.205,2.386,1.845,1.456,1.079,0.594,0.205,0.148,
6.1916e-05,-2.19174,9.60206,1.0958141088,2.4909734726,1.093,1.281,3.7445,3.126,3,0.000,0.537,0.00,0.00,0.00,0.00,0.00,-1,-5.39e-12,0.00,7.590e-01,2.409e-01,1.723e-05,4.709e-06,4.279e-05,-1.000,1.001e-04,1.567,2.150,2.322,1.763,1.364,0.978,0.480,0.082,0.020,
6.1916e-05,-2.19174,9.60206,1.0964320898,2.4910781384,1.094,1.319,3.7414,3.075,3,0.000,0.537,0.00,0.00,0.00,0.00,0.00,-1,-6.22e-12,0.00,7.571e-01,2.428e-01,1.731e-05,4.731e-06,4.298e-05,-1.000,9.999e-05,1.472,2.076,2.242,1.673,1.268,0.877,0.371,-0.033,-0.097,
6.1916e-05,-2.19174,9.60206,1.0970387459,2.4911808968,1.095,1.361,3.7389,3.024,3,0.000,0.537,0.00,0.00,0.00,0.00,0.00,-1,-7.26e-12,0.00,7.554e-01,2.445e-01,1.736e-05,4.747e-06,4.311e-05,-1.000,1.000e-04,1.367,1.990,2.150,1.574,1.164,0.768,0.256,-0.153,-0.219,
6.1916e-05,-2.19174,9.60206,1.0976346731,2.4912815094,1.095,1.405,3.7368,2.972,3,0.000,0.535,0.00,0.00,0.00,0.00,0.00,-1,-8.51e-12,0.00,7.536e-01,2.463e-01,1.734e-05,4.771e-06,4.320e-05,-1.000,1.000e-04,1.258,1.898,2.051,1.468,1.055,0.656,0.138,-0.276,-0.343,
6.1916e-05,-2.19174,9.60206,1.0981967449,2.4913766384,1.096,1.448,3.7349,2.921,3,0.000,0.529,0.00,0.00,0.00,0.00,0.00,-1,-9.96e-12,0.00,7.517e-01,2.482e-01,1.717e-05,4.889e-06,4.328e-05,-1.000,9.996e-05,1.150,1.805,1.951,1.363,0.946,0.544,0.021,-0.397,-0.464,
6.1916e-05,-2.19174,9.60206,1.0987418890,2.4914684296,1.096,1.492,3.7332,2.870,3,0.000,0.514,0.00,0.00,0.00,0.00,0.00,-1,-1.17e-11,0.00,7.498e-01,2.501e-01,1.671e-05,5.320e-06,4.334e-05,-1.000,1.000e-04,1.039,1.708,1.848,1.255,0.836,0.430,-0.097,-0.519,-0.587,
6.1916e-05,-2.19174,9.60206,1.0992496014,2.4915540218,1.097,1.536,3.7316,2.821,3,0.000,0.492,0.00,0.00,0.00,0.00,0.00,-1,-1.37e-11,0.00,7.478e-01,2.521e-01,1.602e-05,6.107e-06,4.338e-05,-1.000,9.999e-05,0.930,1.612,1.747,1.150,0.727,0.320,-0.213,-0.638,-0.707,
6.1916e-05,-2.19174,9.60206,1.0997232199,2.4916336536,1.097,1.579,3.7301,2.772,3,0.000,0.473,0.00,0.00,0.00,0.00,0.00,-1,-1.59e-11,0.00,7.460e-01,2.539e-01,1.540e-05,6.873e-06,4.342e-05,-1.000,1.000e-04,0.824,1.518,1.648,1.046,0.621,0.210,-0.326,-0.755,-0.825,
6.1916e-05,-2.19174,9.60206,1.1000000238,2.4916803837,1.097,1.605,3.7291,2.742,3,0.000,0.463,0.00,0.00,0.00,0.00,0.00,-1,-1.75e-11,0.00,7.449e-01,2.550e-01,1.510e-05,7.257e-06,4.344e-05,-1.000,1.001e-04,0.759,1.462,1.588,0.983,0.556,0.144,-0.395,-0.826,-0.896,
6.1916e-05,-2.19174,9.60206,1.1003545523,2.4917397499,1.098,1.639,3.7280,2.704,3,0.000,0.452,0.00,0.00,0.00,0.00,0.00,-1,-1.98e-11,0.00,7.436e-01,2.563e-01,1.475e-05,7.702e-06,4.346e-05,-1.000,9.993e-05,0.674,1.387,1.509,0.900,0.472,0.058,-0.485,-0.918,-0.989,
6.1916e-05,-2.19174,9.60206,1.1007809639,2.4918115139,1.098,1.682,3.7265,2.655,3,0.000,0.441,0.00,0.00,0.00,0.00,0.00,-1,-2.31e-11,0.00,7.420e-01,2.579e-01,1.439e-05,8.147e-06,4.348e-05,-1.000,1.000e-04,0.565,1.292,1.408,0.795,0.364,-0.053,-0.599,-1.036,-1.108,
6.1916e-05,-2.19174,9.60206,1.1011953354,2.4918808937,1.098,1.727,3.7248,2.603,3,0.000,0.435,0.00,0.00,0.00,0.00,0.00,-1,-2.71e-11,0.00,7.408e-01,2.591e-01,1.418e-05,8.430e-06,4.349e-05,-1.000,1.000e-04,0.454,1.195,1.305,0.687,0.253,-0.167,-0.718,-1.159,-1.231,
6.1916e-05,-2.19174,9.60206,1.1015549898,2.4919412136,1.098,1.768,3.7233,2.556,3,0.000,0.428,0.00,0.00,0.00,0.00,0.00,-1,-3.15e-11,0.00,7.396e-01,2.603e-01,1.397e-05,8.683e-06,4.351e-05,-1.000,9.999e-05,0.350,1.104,1.209,0.586,0.150,-0.272,-0.828,-1.272,-1.345,
6.1916e-05,-2.19174,9.60206,1.1019110680,2.4920008183,1.099,1.812,3.7219,2.506,3,0.000,0.424,0.00,0.00,0.00,0.00,0.00,-1,-3.69e-11,0.00,7.387e-01,2.612e-01,1.383e-05,8.865e-06,4.351e-05,-1.000,1.001e-04,0.240,1.006,1.106,0.479,0.040,-0.384,-0.944,-1.392,-1.465,
6.1916e-05,-2.19174,9.60206,1.1022312641,2.4920544624,1.099,1.855,3.7202,2.457,3,0.000,0.421,0.00,0.00,0.00,0.00,0.00,-1,-4.31e-11,0.00,7.381e-01,2.618e-01,1.374e-05,8.981e-06,4.352e-05,-1.000,1.000e-04,0.133,0.916,1.008,0.376,-0.066,-0.493,-1.058,-1.509,-1.584,
6.1916e-05,-2.19174,9.60206,1.1025233269,2.4921033382,1.099,1.896,3.7186,2.409,3,0.000,0.419,0.00,0.00,0.00,0.00,0.00,-1,-5.01e-11,0.00,7.377e-01,2.622e-01,1.367e-05,9.067e-06,4.352e-05,-1.000,9.999e-05,0.029,0.830,0.913,0.275,-0.171,-0.600,-1.169,-1.624,-1.699,
6.1916e-05,-2.19174,9.60206,1.1028110981,2.4921514988,1.099,1.941,3.7171,2.359,3,0.000,0.418,0.00,0.00,0.00,0.00,0.00,-1,-5.87e-11,0.00,7.374e-01,2.625e-01,1.363e-05,9.121e-06,4.353e-05,-1.000,1.000e-04,-0.082,0.738,0.812,0.168,-0.281,-0.713,-1.287,-1.745,-1.821,
6.1916e-05,-2.19174,9.60206,1.1030679941,2.4921944141,1.099,1.983,3.7154,2.310,3,0.000,0.417,0.00,0.00,0.00,0.00,0.00,-1,-6.85e-11,0.00,7.372e-01,2.627e-01,1.361e-05,9.150e-06,4.353e-05,-1.000,9.862e-05,-0.187,0.652,0.717,0.066,-0.386,-0.821,-1.400,-1.862,-1.939,
6.1916e-05,-2.19174,9.60206,1.1033022404,2.4922335148,1.099,2.024,3.7138,2.262,3,0.000,0.416,0.00,0.00,0.00,0.00,0.00,-1,-7.97e-11,0.00,7.371e-01,2.628e-01,1.360e-05,9.167e-06,4.353e-05,-1.000,9.611e-05,-0.291,0.567,0.624,-0.033,-0.489,-0.927,-1.510,-1.976,-2.054,
6.1916e-05,-2.19174,9.60206,1.1035271883,2.4922711849,1.099,2.067,3.7122,2.213,3,0.000,0.416,0.00,0.00,0.00,0.00,0.00,-1,-9.29e-11,0.00,7.371e-01,2.628e-01,1.359e-05,9.172e-06,4.353e-05,-1.000,9.820e-05,-0.397,0.478,0.527,-0.136,-0.595,-1.036,-1.623,-2.093,-2.171,
6.1916e-05,-2.19174,9.60206,1.1037402153,2.4923067093,1.099,2.110,3.7105,2.163,3,0.000,0.416,0.00,0.00,0.00,0.00,0.00,-1,-1.09e-10,0.00,7.371e-01,2.628e-01,1.358e-05,9.174e-06,4.353e-05,-1.000,1.000e-04,-0.504,0.391,0.431,-0.239,-0.701,-1.145,-1.738,-2.212,-2.292,
6.1916e-05,-2.19174,9.60206,1.1039316654,2.4923386574,1.099,2.151,3.7088,2.115,3,0.000,0.416,0.00,0.00,0.00,0.00,0.00,-1,-1.26e-10,0.00,7.371e-01,2.628e-01,1.358e-05,9.177e-06,4.353e-05,-1.000,1.000e-04,-0.608,0.308,0.338,-0.339,-0.805,-1.252,-1.849,-2.328,-2.408,
6.1916e-05,-2.19174,9.60206,1.1041165590,2.4923694134,1.099,2.194,3.7072,2.065,3,0.000,0.416,0.00,0.00,0.00,0.00,0.00,-1,-1.48e-10,0.00,7.370e-01,2.629e-01,1.358e-05,9.179e-06,4.354e-05,-1.000,1.000e-04,-0.716,0.221,0.242,-0.442,-0.911,-1.361,-1.964,-2.446,-2.527,
6.1916e-05,-2.19174,9.60206,1.1042805910,2.4923968315,1.099,2.235,3.7055,2.018,3,0.000,0.416,0.00,0.00,0.00,0.00,0.00,-1,-1.72e-10,0.00,7.370e-01,2.629e-01,1.358e-05,9.181e-06,4.354e-05,-1.000,1.000e-04,-0.818,0.140,0.152,-0.539,-1.012,-1.465,-2.073,-2.559,-2.641,
6.1916e-05,-2.19174,9.60206,1.1044373512,2.4924228191,1.099,2.277,3.7038,1.969,3,0.000,0.416,0.00,0.00,0.00,0.00,0.00,-1,-2e-10,0.00,7.370e-01,2.629e-01,1.358e-05,9.183e-06,4.354e-05,-1.000,9.999e-05,-0.923,0.060,0.060,-0.639,-1.116,-1.572,-2.185,-2.676,-2.758,
6.1916e-05,-2.19174,9.60206,1.1045871973,2.4924478531,1.098,2.320,3.7021,1.920,3,0.000,0.416,0.00,0.00,0.00,0.00,0.00,-1,-2.33e-10,0.00,7.370e-01,2.629e-01,1.358e-05,9.185e-06,4.354e-05,-1.000,9.999e-05,-1.029,-0.024,-0.034,-0.741,-1.222,-1.681,-2.299,-2.793,-2.877,
6.1916e-05,-2.19174,9.60206,1.1047247648,2.4924707413,1.098,2.361,3.7003,1.871,3,0.000,0.416,0.00,0.00,0.00,0.00,0.00,-1,-2.71e-10,0.00,7.370e-01,2.629e-01,1.357e-05,9.187e-06,4.354e-05,-1.000,9.999e-05,-1.132,-0.100,-0.123,-0.839,-1.324,-1.786,-2.409,-2.908,-2.992,
6.1916e-05,-2.19174,9.60206,1.1048656702,2.4924941063,1.098,2.401,3.6986,1.824,3,0.000,0.416,0.00,0.00,0.00,0.00,0.00,-1,-3.15e-10,0.00,7.370e-01,2.629e-01,1.357e-05,9.189e-06,4.354e-05,-1.000,9.996e-05,-1.233,-0.175,-0.210,-0.934,-1.424,-1.890,-2.518,-3.020,-3.105,
6.1916e-05,-2.19174,9.60206,1.1049934626,2.4925153255,1.097,2.424,3.6978,1.797,3,0.000,0.416,0.00,0.00,0.00,0.00,0.00,-1,-3.44e-10,0.00,7.370e-01,2.629e-01,1.357e-05,9.190e-06,4.354e-05,-1.000,9.999e-05,-1.290,-0.218,-0.260,-0.989,-1.480,-1.948,-2.578,-3.083,-3.168,
6.1916e-05,-2.19174,9.60206,1.1050509214,2.4925248623,1.097,2.406,3.6986,1.819,3,0.000,0.416,0.00,0.00,0.00,0.00,0.00,-1,-3.24e-10,0.00,7.370e-01,2.629e-01,1.357e-05,9.191e-06,4.354e-05,-1.000,1.000e-04,-1.244,-0.186,-0.222,-0.946,-1.435,-1.901,-2.529,-3.031,-3.117,
6.1916e-05,-2.19174,9.60206,1.1051235199,2.4925370216,1.097,2.379,3.6999,1.851,3,0.000,0.416,0.00,0.00,0.00,0.00,0.00,-1,-2.95e-10,0.00,7.370e-01,2.629e-01,1.357e-05,9.192e-06,4.354e-05,-1.000,9.999e-05,-1.177,-0.138,-0.165,-0.883,-1.369,-1.832,-2.456,-2.956,-3.040,
6.1916e-05,-2.19174,9.60206,1.1051365137,2.4925391674,1.097,2.372,3.7002,1.860,3,0.000,0.416,0.00,0.00,0.00,0.00,0.00,-1,-2.88e-10,0.00,7.370e-01,2.629e-01,1.357e-05,9.192e-06,4.354e-05,-1.000,9.999e-05,-1.159,-0.125,-0.150,-0.866,-1.351,-1.814,-2.437,-2.936,-3.020,
6.1916e-05,-2.19174,9.60206,1.1051646471,2.4925439358,1.097,2.383,3.6998,1.846,3,0.000,0.416,0.00,0.00,0.00,0.00,0.00,-1,-2.98e-10,0.00,7.370e-01,2.629e-01,1.357e-05,9.193e-06,4.354e-05,-1.000,1.001e-04,-1.187,-0.146,-0.174,-0.893,-1.379,-1.843,-2.467,-2.967,-3.052,
6.1916e-05,-2.19174,9.60206,1.1052656174,2.4925606251,1.097,2.422,3.6981,1.800,3,0.000,0.416,0.00,0.00,0.00,0.00,0.00,-1,-3.41e-10,0.00,7.370e-01,2.629e-01,1.357e-05,9.194e-06,4.354e-05,-1.000,9.999e-05,-1.285,-0.218,-0.259,-0.986,-1.476,-1.943,-2.572,-3.076,-3.161,
6.1916e-05,-2.19174,9.60206,1.1053670645,2.4925775528,1.096,2.462,3.6965,1.754,3,0.000,0.416,0.00,0.00,0.00,0.00,0.00,-1,-3.94e-10,0.00,7.370e-01,2.629e-01,1.357e-05,9.195e-06,4.354e-05,-1.000,9.999e-05,-1.385,-0.291,-0.344,-1.080,-1.574,-2.044,-2.679,-3.186,-3.273,
6.1916e-05,-2.19174,9.60206,1.1054614782,2.4925932884,1.096,2.501,3.6947,1.708,3,0.000,0.415,4.88,3.97,2.88,2.19,1.78,4,-4.54e-10,0.00,7.370e-01,2.629e-01,1.357e-05,9.196e-06,4.354e-05,-1.000,9.996e-05,-1.481,-0.361,-0.427,-1.171,-1.669,-2.143,-2.783,-3.294,-3.381,
6.1916e-05,-2.19174,9.60206,1.1055508852,2.4926080704,1.095,2.539,3.6931,1.663,3,0.000,0.415,5.36,4.31,3.12,2.37,1.92,4,-5.23e-10,0.00,7.370e-01,2.629e-01,1.357e-05,9.197e-06,4.354e-05,-1.000,1.000e-04,-1.578,-0.431,-0.509,-1.262,-1.765,-2.242,-2.886,-3.402,-3.490,
6.1916e-05,-2.19174,9.60206,1.1056352854,2.4926221371,1.095,2.578,3.6914,1.617,3,0.000,0.415,5.89,4.68,3.37,2.57,2.08,4,-6.03e-10,0.00,7.370e-01,2.629e-01,1.356e-05,9.199e-06,4.354e-05,-1.000,1.000e-04,-1.675,-0.502,-0.592,-1.353,-1.860,-2.340,-2.990,-3.510,-3.599,
6.1916e-05,-2.19174,9.60206,1.1057119370,2.4926347733,1.094,2.615,3.6897,1.573,3,0.000,0.415,6.45,5.07,3.64,2.78,2.25,4,-6.92e-10,0.00,7.370e-01,2.629e-01,1.356e-05,9.199e-06,4.354e-05,-1.000,9.993e-05,-1.768,-0.568,-0.670,-1.440,-1.951,-2.435,-3.090,-3.613,-3.703,
6.1916e-05,-2.19174,9.60206,1.1057845354,2.4926469326,1.094,2.652,3.6881,1.529,3,0.000,0.415,7.07,5.49,3.93,3.00,2.43,4,-7.94e-10,0.00,7.370e-01,2.629e-01,1.356e-05,9.200e-06,4.354e-05,-1.000,9.990e-05,-1.861,-0.631,-0.747,-1.527,-2.043,-2.530,-3.190,-3.718,-3.808,
6.1916e-05,-2.19174,9.60206,1.1058540344,2.4926583767,1.093,2.690,3.6864,1.484,3,0.000,0.415,7.75,5.95,4.24,3.24,2.63,4,-9.14e-10,0.00,7.370e-01,2.629e-01,1.356e-05,9.201e-06,4.354e-05,-1.000,9.999e-05,-1.956,-0.695,-0.826,-1.616,-2.136,-2.626,-3.291,-3.823,-3.915,
6.1916e-05,-2.19174,9.60206,1.1059173346,2.4926688671,1.093,2.727,3.6846,1.440,3,0.000,0.415,8.49,6.44,4.58,3.50,2.84,4,-1.05e-09,0.00,7.370e-01,2.629e-01,1.356e-05,9.202e-06,4.354e-05,-1.000,9.999e-05,-2.047,-0.741,-0.895,-1.701,-2.226,-2.721,-3.391,-3.927,-4.019,
6.1916e-05,-2.19174,9.60206,1.1059775352,2.4926788807,1.092,2.764,3.6829,1.396,3,0.000,0.415,9.31,6.98,4.94,3.79,3.07,4,-1.2e-09,0.00,7.370e-01,2.629e-01,1.356e-05,9.203e-06,4.354e-05,-1.000,9.993e-05,-2.140,-0.778,-0.962,-1.787,-2.319,-2.817,-3.493,-4.033,-4.125,
6.1916e-05,-2.19174,9.60206,1.1060309410,2.4926879406,1.091,2.799,3.6814,1.355,3,0.000,0.415,10.14,7.52,5.30,4.07,3.30,3,-1.37e-09,0.00,7.370e-01,2.629e-01,1.356e-05,9.204e-06,4.354e-05,-1.000,1.000e-04,-2.227,-0.811,-1.025,-1.868,-2.406,-2.908,-3.588,-4.132,-4.224,
6.1916e-05,-2.19174,9.60206,1.1060833931,2.4926965237,1.090,2.835,3.6795,1.310,3,0.000,0.415,11.11,8.15,5.72,4.40,3.57,3,-1.57e-09,0.00,7.370e-01,2.629e-01,1.356e-05,9.204e-06,4.354e-05,-1.000,9.993e-05,-2.318,-0.833,-1.084,-1.950,-2.496,-3.003,-3.689,-4.237,-4.329,
6.1916e-05,-2.19174,9.60206,1.1061313152,2.4927046299,1.089,2.870,3.6779,1.268,3,0.000,0.415,12.12,8.79,6.15,4.73,3.84,3,-1.79e-09,0.00,7.370e-01,2.629e-01,1.356e-05,9.205e-06,4.354e-05,-1.000,1.000e-04,-2.406,-0.854,-1.142,-2.029,-2.583,-3.094,-3.785,-4.337,-4.429,
6.1916e-05,-2.19174,9.60206,1.1061762571,2.4927120209,1.089,2.905,3.6762,1.226,3,0.000,0.415,13.21,9.48,6.61,5.09,4.14,3,-2.04e-09,0.00,7.370e-01,2.629e-01,1.356e-05,9.205e-06,4.354e-05,-1.000,1.000e-04,-2.493,-0.869,-1.195,-2.107,-2.669,-3.185,-3.881,-4.438,-4.529,
6.1916e-05,-2.19174,9.60206,1.1062188148,2.4927189350,1.087,2.940,3.6745,1.184,3,0.000,0.415,14.42,10.23,7.11,5.48,4.45,3,-2.32e-09,0.00,7.370e-01,2.629e-01,1.356e-05,9.206e-06,4.354e-05,-1.000,9.996e-05,-2.580,-0.876,-1.245,-2.183,-2.754,-3.276,-3.978,-4.538,-4.630,
6.1916e-05,-2.19174,9.60206,1.1062670946,2.4927270412,1.086,2.982,3.6724,1.133,3,0.000,0.415,16.01,11.21,7.76,5.99,4.87,3,-2.72e-09,0.00,7.370e-01,2.629e-01,1.356e-05,9.206e-06,4.354e-05,-1.000,9.996e-05,-2.685,-0.881,-1.303,-2.275,-2.857,-3.386,-4.094,-4.660,-4.751,
6.1916e-05,-2.19174,9.60206,1.1063036919,2.4927330017,1.085,3.016,3.6707,1.092,3,0.000,0.415,17.44,12.07,8.33,6.44,5.23,3,-3.09e-09,0.00,7.370e-01,2.629e-01,1.356e-05,9.207e-06,4.354e-05,-1.000,9.996e-05,-2.770,-0.877,-1.346,-2.347,-2.940,-3.474,-4.188,-4.758,-4.849,
6.1916e-05,-2.19174,9.60206,1.1063451767,2.4927399158,1.083,3.056,3.6685,1.042,3,0.000,0.415,19.33,13.20,9.07,7.02,5.71,3,-3.61e-09,0.00,7.370e-01,2.629e-01,1.356e-05,9.207e-06,4.354e-05,-1.000,9.996e-05,-2.871,-0.860,-1.391,-2.432,-3.038,-3.580,-4.302,-4.876,-4.967,
6.1916e-05,-2.19174,9.60206,1.1063771248,2.4927453995,1.082,3.089,3.6669,1.003,3,0.000,0.415,20.98,14.18,9.72,7.53,6.12,2,-4.08e-09,0.00,7.370e-01,2.629e-01,1.356e-05,9.208e-06,4.354e-05,-1.000,9.999e-05,-2.953,-0.844,-1.427,-2.499,-3.117,-3.665,-4.392,-4.972,-5.061,
6.1916e-05,-2.19174,9.60206,1.1064138412,2.4927513599,1.080,3.129,3.6647,0.953,3,0.000,0.415,23.22,15.49,10.57,8.20,6.67,2,-4.75e-09,0.00,7.370e-01,2.629e-01,1.356e-05,9.208e-06,4.354e-05,-1.000,1.000e-04,-3.052,-0.803,-1.457,-2.577,-3.212,-3.769,-4.504,-5.088,-5.178,
6.1916e-05,-2.19174,9.60206,1.1064478159,2.4927570820,1.078,3.167,3.6628,0.907,3,0.000,0.415,25.56,16.84,11.45,8.90,7.23,2,-5.5e-09,0.00,7.370e-01,2.629e-01,1.356e-05,9.209e-06,4.354e-05,-1.000,9.996e-05,-3.147,-0.763,-1.485,-2.650,-3.302,-3.868,-4.611,-5.199,-5.288,
6.1916e-05,-2.19174,9.60206,1.1064794064,2.4927623272,1.076,3.201,3.6610,0.865,3,0.000,0.415,27.89,18.17,12.31,9.57,7.79,2,-6.27e-09,0.00,7.370e-01,2.629e-01,1.356e-05,9.209e-06,4.354e-05,-1.000,9.999e-05,-3.232,-0.712,-1.502,-2.713,-3.382,-3.957,-4.707,-5.300,-5.388,
6.1916e-05,-2.19174,9.60206,1.1064794064,2.4927623272,1.076,1.878,3.7773,2.653,4,0.000,0.426,0.00,0.00,0.00,0.00,0.00,-1,-1e-30,0.00,7.383e-01,2.616e-01,1.389e-05,8.775e-06,4.348e-05,-1.000,9.990e-05,0.076,0.517,0.636,0.199,-0.128,-0.451,-0.870,-1.199,-1.238,
6.1916e-05,-2.19174,9.60206,1.1066904068,2.4927973747,1.076,1.892,3.7709,2.613,4,0.000,0.426,0.00,0.00,0.00,0.00,0.00,-1,-1e-30,0.00,7.383e-01,2.616e-01,1.389e-05,8.778e-06,4.348e-05,-1.000,9.996e-05,0.040,0.509,0.631,0.175,-0.165,-0.500,-0.935,-1.280,-1.321,
6.1916e-05,-2.19174,9.60206,1.1068954468,2.4928312302,1.076,1.897,3.7693,2.603,4,0.000,0.426,0.00,0.00,0.00,0.00,0.00,-1,-1e-30,0.00,7.383e-01,2.616e-01,1.389e-05,8.781e-06,4.348e-05,-1.000,9.999e-05,0.029,0.505,0.627,0.166,-0.176,-0.514,-0.953,-1.302,-1.344,
6.1916e-05,-2.19174,9.60206,1.1071046591,2.4928658009,1.076,1.900,3.7686,2.597,4,0.000,0.426,0.00,0.00,0.00,0.00,0.00,-1,-1e-30,0.00,7.383e-01,2.616e-01,1.389e-05,8.785e-06,4.348e-05,-1.000,9.996e-05,0.020,0.500,0.622,0.159,-0.185,-0.524,-0.965,-1.315,-1.357,
6.1916e-05,-2.19174,9.60206,1.1073137522,2.4929006100,1.077,1.903,3.7687,2.594,4,0.000,0.426,0.00,0.00,0.00,0.00,0.00,-1,-1e-30,0.00,7.383e-01,2.616e-01,1.388e-05,8.788e-06,4.348e-05,-1.000,9.993e-05,0.013,0.493,0.615,0.152,-0.192,-0.531,-0.972,-1.322,-1.365,
6.1916e-05,-2.19174,9.60206,1.1075252295,2.4929356575,1.077,1.905,3.7693,2.594,4,0.000,0.426,0.00,0.00,0.00,0.00,0.00,-1,-1e-30,0.00,7.383e-01,2.616e-01,1.388e-05,8.792e-06,4.348e-05,-1.000,9.996e-05,0.007,0.484,0.605,0.144,-0.199,-0.536,-0.975,-1.324,-1.366,
6.1916e-05,-2.19174,9.60206,1.1077398062,2.4929709435,1.077,1.907,3.7705,2.597,4,0.000,0.426,0.00,0.00,0.00,0.00,0.00,-1,-1e-30,0.00,7.383e-01,2.616e-01,1.388e-05,8.795e-06,4.348e-05,-1.000,9.990e-05,0.001,0.473,0.594,0.136,-0.204,-0.539,-0.975,-1.321,-1.363,
6.1916e-05,-2.19174,9.60206,1.1079504490,2.4930059910,1.077,1.909,3.7720,2.601,4,0.000,0.425,0.00,0.00,0.00,0.00,0.00,-1,-1e-30,0.00,7.383e-01,2.616e-01,1.387e-05,8.798e-06,4.349e-05,-1.000,9.993e-05,-0.003,0.462,0.581,0.129,-0.208,-0.541,-0.973,-1.315,-1.356,
6.1916e-05,-2.19174,9.60206,1.1081583500,2.4930403233,1.078,1.911,3.7739,2.607,4,0.000,0.425,0.00,0.00,0.00,0.00,0.00,-1,-1e-30,0.00,7.382e-01,2.617e-01,1.387e-05,8.802e-06,4.349e-05,-1.000,9.996e-05,-0.007,0.451,0.568,0.121,-0.212,-0.541,-0.968,-1.306,-1.346,
6.1916e-05,-2.19174,9.60206,1.1083741188,2.4930758476,1.078,1.912,3.7761,2.615,4,0.000,0.425,0.00,0.00,0.00,0.00,0.00,-1,-1e-30,0.00,7.382e-01,2.617e-01,1.387e-05,8.805e-06,4.349e-05,-1.000,1.000e-04,-0.011,0.438,0.553,0.113,-0.216,-0.541,-0.962,-1.294,-1.334,
6.1916e-05,-2.19174,9.60206,1.1085839272,2.4931106567,1.078,1.914,3.7784,2.622,4,0.000,0.425,0.00,0.00,0.00,0.00,0.00,-1,-1e-30,0.00,7.382e-01,2.617e-01,1.387e-05,8.809e-06,4.349e-05,-1.000,1.000e-04,-0.015,0.424,0.538,0.105,-0.219,-0.540,-0.956,-1.282,-1.321,
6.1916e-05,-2.19174,9.60206,1.1087774038,2.4931426048,1.078,1.915,3.7806,2.630,4,0.000,0.425,0.00,0.00,0.00,0.00,0.00,-1,-1e-30,0.00,7.382e-01,2.617e-01,1.386e-05,8.812e-06,4.349e-05,-1.000,9.990e-05,-0.018,0.412,0.524,0.098,-0.223,-0.539,-0.949,-1.269,-1.307,
6.1916e-05,-2.19174,9.60206,1.1089842319,2.4931766987,1.078,1.917,3.7831,2.639,4,0.000,0.425,0.00,0.00,0.00,0.00,0.00,-1,-1e-30,0.00,7.382e-01,2.617e-01,1.386e-05,8.815e-06,4.349e-05,-1.000,9.993e-05,-0.022,0.401,0.508,0.090,-0.226,-0.538,-0.941,-1.256,-1.293,
6.1916e-05,-2.19174,9.60206,1.1091952324,2.4932115078,1.079,1.918,3.7855,2.647,4,0.000,0.425,0.00,0.00,0.00,0.00,0.00,-1,-1e-30,0.00,7.382e-01,2.617e-01,1.386e-05,8.819e-06,4.349e-05,-1.000,9.993e-05,-0.025,0.389,0.492,0.081,-0.229,-0.537,-0.934,-1.243,-1.279,
6.1916e-05,-2.19174,9.60206,1.1093918085,2.4932439327,1.079,1.920,3.7877,2.654,4,0.000,0.425,0.00,0.00,0.00,0.00,0.00,-1,-1e-30,0.00,7.382e-01,2.617e-01,1.386e-05,8.822e-06,4.349e-05,-1.000,9.993e-05,-0.029,0.378,0.478,0.073,-0.233,-0.536,-0.928,-1.232,-1.267,
6.1916e-05,-2.19174,9.60206,1.1094545126,2.4932541847,1.079,1.920,3.7883,2.656,4,0.000,0.425,0.00,0.00,0.00,0.00,0.00,-1,-1e-30,0.00,7.382e-01,2.617e-01,1.386e-05,8.823e-06,4.349e-05,-1.000,9.993e-05,-0.030,0.375,0.473,0.071,-0.234,-0.536,-0.926,-1.228,-1.263,
6.1916e-05,-2.19174,9.60206,1.1094763279,2.4932577610,1.079,1.920,3.7886,2.657,4,0.000,0.425,0.00,0.00,0.00,0.00,0.00,-1,-1e-30,0.00,7.382e-01,2.617e-01,1.386e-05,8.823e-06,4.349e-05,-1.000,9.993e-05,-0.030,0.374,0.472,0.070,-0.234,-0.536,-0.925,-1.227,-1.262,
6.1916e-05,-2.19174,9.60206,1.1096707582,2.4932899475,1.079,1.922,3.7905,2.663,4,0.000,0.425,0.00,0.00,0.00,0.00,0.00,-1,-1e-30,0.00,7.382e-01,2.617e-01,1.385e-05,8.826e-06,4.349e-05,-1.000,1.000e-04,-0.034,0.364,0.458,0.063,-0.237,-0.536,-0.920,-1.218,-1.252,
6.1916e-05,-2.19174,9.60206,1.1098586321,2.4933207035,1.079,1.923,3.7921,2.668,4,0.000,0.425,0.00,0.00,0.00,0.00,0.00,-1,-1e-30,0.00,7.382e-01,2.617e-01,1.385e-05,8.829e-06,4.349e-05,-1.000,9.996e-05,-0.038,0.355,0.447,0.056,-0.241,-0.536,-0.916,-1.210,-1.243,
6.1916e-05,-2.19174,9.60206,1.1100511551,2.4933524132,1.080,1.925,3.7934,2.672,4,0.000,0.425,0.00,0.00,0.00,0.00,0.00,-1,-1e-30,0.00,7.382e-01,2.617e-01,1.385e-05,8.832e-06,4.349e-05,-1.000,9.999e-05,-0.042,0.347,0.436,0.050,-0.244,-0.537,-0.914,-1.205,-1.238,
6.1916e-05,-2.19174,9.60206,1.1102427244,2.4933841228,1.080,1.926,3.7944,2.674,4,0.000,0.424,0.00,0.00,0.00,0.00,0.00,-1,-1e-30,0.00,7.381e-01,2.618e-01,1.385e-05,8.835e-06,4.349e-05,-1.000,9.993e-05,-0.046,0.340,0.427,0.044,-0.248,-0.540,-0.914,-1.202,-1.235,
6.1916e-05,-2.19174,9.60206,1.1104424000,2.4934167862,1.080,1.928,3.7948,2.674,4,0.000,0.424,0.00,0.00,0.00,0.00,0.00,-1,-1e-30,0.00,7.381e-01,2.618e-01,1.384e-05,8.839e-06,4.349e-05,-1.000,9.990e-05,-0.051,0.334,0.420,0.038,-0.253,-0.543,-0.917,-1.204,-1.236,
6.1916e-05,-2.19174,9.60206,1.1106406450,2.4934494495,1.080,1.930,3.7948,2.672,4,0.000,0.424,0.00,0.00,0.00,0.00,0.00,-1,-1e-30,0.00,7.381e-01,2.618e-01,1.384e-05,8.842e-06,4.349e-05,-1.000,9.996e-05,-0.056,0.329,0.415,0.033,-0.258,-0.549,-0.922,-1.209,-1.242,
6.1916e-05,-2.19174,9.60206,1.1108371019,2.4934818745,1.080,1.933,3.7943,2.668,4,0.000,0.424,0.00,0.00,0.00,0.00,0.00,-1,-1e-30,0.00,7.381e-01,2.618e-01,1.384e-05,8.845e-06,4.349e-05,-1.000,9.996e-05,-0.062,0.326,0.412,0.028,-0.264,-0.555,-0.930,-1.218,-1.251,
6.1916e-05,-2.19174,9.60206,1.1108914614,2.4934906960,1.081,1.933,3.7941,2.667,4,0.000,0.424,0.00,0.00,0.00,0.00,0.00,-1,-1e-30,0.00,7.381e-01,2.618e-01,1.384e-05,8.846e-06,4.349e-05,-1.000,9.996e-05,-0.063,0.325,0.411,0.027,-0.266,-0.557,-0.932,-1.221,-1.254,
6.1916e-05,-2.19174,9.60206,1.1110697985,2.4935200214,1.081,1.936,3.7929,2.660,4,0.000,0.424,0.00,0.00,0.00,0.00,0.00,-1,-1e-30,0.00,7.381e-01,2.618e-01,1.384e-05,8.849e-06,4.349e-05,-1.000,1.000e-04,-0.069,0.323,0.411,0.023,-0.272,-0.565,-0.944,-1.235,-1.268,
6.1916e-05,-2.19174,9.60206,1.1112790108,2.4935543537,1.081,1.938,3.7909,2.649,4,0.000,0.424,0.00,0.00,0.00,0.00,0.00,-1,-1e-30,0.00,7.381e-01,2.618e-01,1.383e-05,8.852e-06,4.349e-05,-1.000,9.996e-05,-0.076,0.321,0.413,0.019,-0.280,-0.577,-0.960,-1.256,-1.290,
6.1916e-05,-2.19174,9.60206,1.1114771366,2.4935870171,1.081,1.942,3.7883,2.636,4,0.000,0.424,0.00,0.00,0.00,0.00,0.00,-1,-1e-30,0.00,7.381e-01,2.618e-01,1.383e-05,8.855e-06,4.349e-05,-1.000,9.996e-05,-0.084,0.322,0.418,0.016,-0.288,-0.590,-0.980,-1.282,-1.317,
6.1916e-05,-2.19174,9.60206,1.1116895676,2.4936218262,1.081,1.945,3.7850,2.619,4,0.000,0.424,0.00,0.00,0.00,0.00,0.00,-1,-1e-30,0.00,7.381e-01,2.618e-01,1.383e-05,8.859e-06,4.349e-05,-1.000,9.993e-05,-0.093,0.324,0.425,0.013,-0.298,-0.607,-1.005,-1.315,-1.351,
6.1916e-05,-2.19174,9.60206,1.1118931770,2.4936552048,1.082,1.949,3.7814,2.601,4,0.000,0.424,0.00,0.00,0.00,0.00,0.00,-1,-1e-30,0.00,7.381e-01,2.618e-01,1.383e-05,8.862e-06,4.349e-05,-1.000,9.993e-05,-0.103,0.326,0.433,0.010,-0.309,-0.624,-1.031,-1.349,-1.387,
6.1916e-05,-2.19174,9.60206,1.1120938063,2.4936881065,1.082,1.954,3.7776,2.581,4,0.000,0.424,0.00,0.00,0.00,0.00,0.00,-1,-1e-30,0.00,7.380e-01,2.619e-01,1.382e-05,8.865e-06,4.349e-05,-1.000,9.999e-05,-0.114,0.331,0.440,0.006,-0.320,-0.642,-1.059,-1.387,-1.426,
6.1916e-05,-2.19174,9.60206,1.1122921705,2.4937205315,1.082,1.958,3.7737,2.561,4,0.000,0.424,0.00,0.00,0.00,0.00,0.00,-1,-1e-30,0.00,7.380e-01,2.619e-01,1.382e-05,8.869e-06,4.349e-05,-1.000,9.999e-05,-0.126,0.335,0.448,0.001,-0.332,-0.661,-1.089,-1.426,-1.466,
6.1916e-05,-2.19174,9.60206,1.1124937534,2.4937536716,1.082,1.963,3.7704,2.543,4,0.000,0.424,0.00,0.00,0.00,0.00,0.00,-1,-1e-30,0.00,7.380e-01,2.619e-01,1.382e-05,8.872e-06,4.350e-05,-1.000,9.990e-05,-0.138,0.337,0.451,-0.005,-0.345,-0.680,-1.116,-1.462,-1.503,
6.1916e-05,-2.19174,9.60206,1.1126984358,2.4937872887,1.082,1.969,3.7668,2.523,4,0.000,0.424,0.00,0.00,0.00,0.00,0.00,-1,-1e-30,0.00,7.380e-01,2.619e-01,1.382e-05,8.875e-06,4.350e-05,-1.000,9.999e-05,-0.152,0.339,0.455,-0.012,-0.359,-0.700,-1.146,-1.500,-1.544,
6.1916e-05,-2.19174,9.60206,1.1127837896,2.4938011169,1.083,1.965,3.7729,2.550,4,0.000,0.423,0.00,0.00,0.00,0.00,0.00,-1,-1e-30,0.00,7.380e-01,2.619e-01,1.381e-05,8.877e-06,4.350e-05,-1.000,9.996e-05,-0.143,0.321,0.434,-0.015,-0.350,-0.681,-1.110,-1.449,-1.490,
6.1916e-05,-2.19174,9.60206,1.1129839420,2.4938340187,1.083,1.972,3.7662,2.517,4,0.000,0.423,0.00,0.00,0.00,0.00,0.00,-1,-1e-30,0.00,7.380e-01,2.619e-01,1.381e-05,8.880e-06,4.350e-05,-1.000,9.996e-05,-0.159,0.335,0.452,-0.018,-0.366,-0.709,-1.156,-1.512,-1.555,
6.1916e-05,-2.19174,9.60206,1.1131922007,2.4938678741,1.083,1.987,3.7571,2.466,4,0.000,0.423,0.00,0.00,0.00,0.00,0.00,-1,-1e-30,0.00,7.380e-01,2.619e-01,1.381e-05,8.883e-06,4.350e-05,-1.000,9.993e-05,-0.197,0.340,0.462,-0.037,-0.404,-0.763,-1.234,-1.610,-1.658,
6.1916e-05,-2.19174,9.60206,1.1133513451,2.4938941002,1.083,2.006,3.7484,2.413,4,0.000,0.423,0.00,0.00,0.00,0.00,0.00,-1,-1e-30,0.00,7.380e-01,2.619e-01,1.381e-05,8.886e-06,4.350e-05,-1.000,9.990e-05,-0.244,0.340,0.461,-0.066,-0.450,-0.825,-1.318,-1.713,-1.767,
6.1916e-05,-2.19174,9.60206,1.1134638786,2.4939124584,1.083,2.030,3.7397,2.354,4,0.000,0.423,0.00,0.00,0.00,0.00,0.00,-1,-1e-30,0.00,7.380e-01,2.619e-01,1.381e-05,8.888e-06,4.350e-05,-1.000,9.993e-05,-0.304,0.332,0.448,-0.108,-0.509,-0.899,-1.415,-1.828,-1.888,
6.1916e-05,-2.19174,9.60206,1.1135178804,2.4939212799,1.083,2.058,3.7321,2.295,4,0.000,0.423,0.00,0.00,0.00,0.00,0.00,-1,-1e-30,0.00,7.380e-01,2.619e-01,1.380e-05,8.888e-06,4.350e-05,-1.000,9.996e-05,-0.374,0.322,0.421,-0.162,-0.579,-0.983,-1.518,-1.947,-2.012,
6.1916e-05,-2.19174,9.60206,1.1135369539,2.4939243793,1.083,2.090,3.7261,2.239,4,0.000,0.423,0.00,0.00,0.00,0.00,0.00,-1,-1e-30,0.00,7.380e-01,2.619e-01,1.380e-05,8.889e-06,4.350e-05,-1.000,9.993e-05,-0.456,0.291,0.375,-0.231,-0.660,-1.074,-1.626,-2.068,-2.136,
6.1916e-05,-2.19174,9.60206,1.1135395765,2.4939248562,1.083,2.103,3.7245,2.220,4,0.000,0.423,0.00,0.00,0.00,0.00,0.00,-1,-1e-30,0.00,7.380e-01,2.619e-01,1.380e-05,8.889e-06,4.350e-05,-1.000,9.996e-05,-0.487,0.275,0.354,-0.258,-0.690,-1.107,-1.662,-2.108,-2.177,
6.1916e-05,-2.19174,9.60206,1.1135396957,2.4939248562,1.083,2.103,3.7245,2.220,7,0.000,0.423,0.00,0.00,0.00,0.00,0.00,-1,-1e-30,0.00,7.380e-01,2.619e-01,1.380e-05,8.889e-06,4.350e-05,-1.000,9.996e-05,-0.487,0.274,0.354,-0.258,-0.690,-1.108,-1.663,-2.109,-2.178,
6.1916e-05,-2.19174,9.60206,1.1135432720,2.4939253330,1.083,2.133,3.7218,2.179,7,0.000,0.423,0.00,0.00,0.00,0.00,0.00,-1,-1e-30,0.00,7.380e-01,2.619e-01,1.380e-05,8.889e-06,4.350e-05,-1.000,9.996e-05,-0.562,0.224,0.295,-0.327,-0.765,-1.187,-1.750,-2.201,-2.272,
6.1916e-05,-2.19174,9.60206,1.1135469675,2.4939260483,1.083,2.170,3.7190,2.131,7,0.000,0.423,0.00,0.00,0.00,0.00,0.00,-1,-1e-30,0.00,7.380e-01,2.619e-01,1.380e-05,8.889e-06,4.350e-05,-1.000,9.996e-05,-0.654,0.160,0.221,-0.412,-0.855,-1.283,-1.853,-2.311,-2.384,
6.1916e-05,-2.19174,9.60206,1.1135507822,2.4939265251,1.083,2.200,3.7170,2.093,7,0.000,0.423,0.00,0.00,0.00,0.00,0.00,-1,-1e-30,0.00,7.380e-01,2.619e-01,1.380e-05,8.889e-06,4.350e-05,-1.000,9.993e-05,-0.729,0.107,0.159,-0.483,-0.930,-1.361,-1.937,-2.400,-2.473,
6.1916e-05,-2.19174,9.60206,1.1135606766,2.4939281940,1.083,2.219,3.7159,2.070,7,0.000,0.423,0.00,0.00,0.00,0.00,0.00,-1,-1e-30,0.00,7.380e-01,2.619e-01,1.380e-05,8.889e-06,4.350e-05,-1.000,9.996e-05,-0.777,0.070,0.118,-0.528,-0.977,-1.410,-1.989,-2.454,-2.528,
6.1916e-05,-2.19174,9.60206,1.1136317253,2.4939398766,1.084,2.222,3.7156,2.065,7,0.000,0.423,0.00,0.00,0.00,0.00,0.00,-1,-1e-30,0.00,7.380e-01,2.619e-01,1.380e-05,8.890e-06,4.350e-05,-1.000,9.996e-05,-0.786,0.065,0.111,-0.536,-0.986,-1.419,-2.000,-2.465,-2.539,
6.1916e-05,-2.19174,9.60206,1.1137073040,2.4939522743,1.084,2.251,3.7136,2.028,7,0.000,0.423,0.00,0.00,0.00,0.00,0.00,-1,-1e-30,0.00,7.380e-01,2.619e-01,1.380e-05,8.891e-06,4.350e-05,-1.000,9.999e-05,-0.858,0.014,0.052,-0.603,-1.057,-1.495,-2.080,-2.550,-2.626,
6.1916e-05,-2.19174,9.60206,1.1137619019,2.4939610958,1.084,2.292,3.7111,1.978,7,0.000,0.423,0.00,0.00,0.00,0.00,0.00,-1,-1e-30,0.00,7.380e-01,2.619e-01,1.380e-05,8.892e-06,4.350e-05,-1.000,9.993e-05,-0.959,-0.058,-0.032,-0.698,-1.158,-1.600,-2.193,-2.668,-2.745,
6.1916e-05,-2.19174,9.60206,1.1137986183,2.4939670563,1.084,2.330,3.7088,1.931,7,0.000,0.423,0.00,0.00,0.00,0.00,0.00,-1,-1e-30,0.00,7.380e-01,2.619e-01,1.380e-05,8.893e-06,4.350e-05,-1.000,9.996e-05,-1.054,-0.125,-0.111,-0.787,-1.252,-1.698,-2.297,-2.778,-2.856,
6.1916e-05,-2.19174,9.60206,1.1138540506,2.4939761162,1.084,2.380,3.7060,1.869,7,0.000,0.423,0.00,0.00,0.00,0.00,0.00,-1,-1e-30,0.00,7.380e-01,2.619e-01,1.380e-05,8.894e-06,4.350e-05,-1.000,9.996e-05,-1.180,-0.213,-0.216,-0.905,-1.377,-1.829,-2.436,-2.922,-3.002,
6.1916e-05,-2.19174,9.60206,1.1139017344,2.4939839840,1.084,2.423,3.7037,1.817,7,0.000,0.423,0.00,0.00,0.00,0.00,0.00,-1,-1e-30,0.00,7.380e-01,2.619e-01,1.380e-05,8.895e-06,4.350e-05,-1.000,9.996e-05,-1.287,-0.288,-0.306,-1.006,-1.482,-1.938,-2.552,-3.044,-3.125,
6.1916e-05,-2.19174,9.60206,1.1139452457,2.4939911366,1.084,2.464,3.7016,1.767,7,0.000,0.423,0.00,0.00,0.00,0.00,0.00,-1,-1e-30,0.00,7.380e-01,2.619e-01,1.379e-05,8.899e-06,4.350e-05,-1.000,9.990e-05,-1.390,-0.361,-0.392,-1.102,-1.585,-2.045,-2.664,-3.161,-3.244,
6.1916e-05,-2.19174,9.60206,1.1139854193,2.4939975739,1.084,2.505,3.6994,1.717,7,0.000,0.422,4.76,3.90,2.83,2.15,1.74,4,-1e-30,0.00,7.379e-01,2.620e-01,1.376e-05,8.920e-06,4.350e-05,-1.000,9.993e-05,-1.493,-0.434,-0.479,-1.199,-1.686,-2.151,-2.777,-3.278,-3.362,
6.1916e-05,-2.19174,9.60206,1.1140222549,2.4940035343,1.084,2.547,3.6973,1.668,7,0.000,0.418,5.28,4.26,3.08,2.35,1.90,4,-1e-30,0.00,7.379e-01,2.620e-01,1.365e-05,9.007e-06,4.350e-05,-1.000,9.996e-05,-1.597,-0.505,-0.565,-1.296,-1.788,-2.257,-2.889,-3.395,-3.480,
6.1916e-05,-2.19174,9.60206,1.1140556335,2.4940090179,1.084,2.588,3.6952,1.618,7,0.000,0.412,5.86,4.67,3.36,2.56,2.08,4,-1e-30,0.00,7.379e-01,2.620e-01,1.343e-05,9.245e-06,4.350e-05,-1.000,9.996e-05,-1.700,-0.576,-0.650,-1.393,-1.890,-2.363,-3.001,-3.513,-3.599,
6.1916e-05,-2.19174,9.60206,1.1140855551,2.4940140247,1.084,2.630,3.6931,1.568,7,0.000,0.403,6.50,5.11,3.66,2.80,2.27,4,-1e-30,0.00,7.378e-01,2.621e-01,1.315e-05,9.585e-06,4.350e-05,-1.000,9.993e-05,-1.804,-0.648,-0.736,-1.489,-1.992,-2.469,-3.114,-3.630,-3.717,
6.1916e-05,-2.19174,9.60206,1.1141123772,2.4940183163,1.084,2.671,3.6910,1.519,7,0.000,0.395,7.20,5.58,3.99,3.05,2.47,4,-1e-30,0.00,7.378e-01,2.621e-01,1.289e-05,9.902e-06,4.350e-05,-1.000,9.996e-05,-1.907,-0.718,-0.821,-1.585,-2.093,-2.573,-3.225,-3.746,-3.834,
6.1916e-05,-2.19174,9.60206,1.1141371727,2.4940223694,1.084,2.711,3.6890,1.470,7,0.000,0.388,7.97,6.10,4.34,3.32,2.69,4,-1e-30,0.00,7.377e-01,2.622e-01,1.267e-05,1.018e-05,4.350e-05,-1.000,9.996e-05,-2.008,-0.784,-0.903,-1.679,-2.192,-2.678,-3.335,-3.862,-3.951,
6.1916e-05,-2.19174,9.60206,1.1141604185,2.4940261841,1.084,2.752,3.6869,1.420,7,0.000,0.382,8.82,6.67,4.72,3.62,2.94,4,-1e-30,0.00,7.376e-01,2.623e-01,1.248e-05,1.042e-05,4.350e-05,-1.000,9.996e-05,-2.110,-0.847,-0.983,-1.773,-2.292,-2.782,-3.446,-3.977,-4.068,
6.1916e-05,-2.19174,9.60206,1.1141828299,2.4940297604,1.084,2.793,3.6848,1.371,7,0.000,0.377,9.78,7.29,5.15,3.95,3.21,3,-1e-30,0.00,7.375e-01,2.624e-01,1.231e-05,1.063e-05,4.349e-05,-1.000,9.999e-05,-2.214,-0.898,-1.061,-1.868,-2.394,-2.888,-3.559,-4.095,-4.186,
6.1916e-05,-2.19174,9.60206,1.1142040491,2.4940333366,1.084,2.835,3.6826,1.320,7,0.000,0.373,10.87,7.99,5.62,4.32,3.50,3,-1e-30,0.00,7.374e-01,2.625e-01,1.216e-05,1.082e-05,4.346e-05,-1.000,1.000e-04,-2.319,-0.931,-1.133,-1.964,-2.498,-2.998,-3.675,-4.216,-4.307,
6.1916e-05,-2.19174,9.60206,1.1142232418,2.4940364361,1.084,2.875,3.6805,1.272,7,0.000,0.370,12.01,8.72,6.11,4.70,3.81,3,-1e-30,0.00,7.373e-01,2.626e-01,1.204e-05,1.098e-05,4.340e-05,-1.000,9.999e-05,-2.418,-0.956,-1.198,-2.054,-2.597,-3.103,-3.786,-4.332,-4.423,
6.1916e-05,-2.19174,9.60206,1.1142423153,2.4940395355,1.084,2.915,3.6784,1.223,7,0.000,0.367,13.29,9.52,6.64,5.12,4.15,3,-1e-30,0.00,7.371e-01,2.628e-01,1.193e-05,1.117e-05,4.331e-05,-1.000,9.996e-05,-2.519,-0.972,-1.259,-2.144,-2.696,-3.207,-3.897,-4.448,-4.539,
6.1916e-05,-2.19174,9.60206,1.1142611504,2.4940426350,1.084,2.956,3.6762,1.174,7,0.000,0.366,14.72,10.41,7.23,5.58,4.53,3,-1e-30,0.00,7.370e-01,2.629e-01,1.184e-05,1.138e-05,4.318e-05,-1.000,1.000e-04,-2.620,-0.980,-1.317,-2.233,-2.796,-3.313,-4.010,-4.566,-4.657,
6.1916e-05,-2.19174,9.60206,1.1142789125,2.4940454960,1.084,2.997,3.6740,1.124,7,0.000,0.364,16.33,11.40,7.89,6.09,4.95,3,-1e-30,0.00,7.368e-01,2.631e-01,1.176e-05,1.162e-05,4.302e-05,-1.000,9.996e-05,-2.723,-0.979,-1.371,-2.322,-2.897,-3.421,-4.125,-4.687,-4.777,
6.1916e-05,-2.19174,9.60206,1.1142942905,2.4940481186,1.084,3.039,3.6717,1.073,7,0.000,0.364,18.14,12.49,8.61,6.66,5.41,3,-1e-30,0.00,7.366e-01,2.633e-01,1.169e-05,1.187e-05,4.283e-05,-1.000,1.000e-04,-2.827,-0.968,-1.421,-2.410,-2.998,-3.530,-4.241,-4.808,-4.899,
6.1916e-05,-2.19174,9.60206,1.1143068075,2.4940500259,1.084,3.079,3.6694,1.024,7,0.000,0.364,20.08,13.65,9.37,7.25,5.89,2,-1e-30,0.00,7.365e-01,2.634e-01,1.163e-05,1.209e-05,4.265e-05,-1.000,1.000e-04,-2.927,-0.948,-1.464,-2.493,-3.095,-3.635,-4.353,-4.926,-5.016,
6.1916e-05,-2.19174,9.60206,1.1143213511,2.4940524101,1.084,3.129,3.6666,0.963,7,0.000,0.364,22.80,15.24,10.41,8.08,6.56,2,-1e-30,0.00,7.363e-01,2.636e-01,1.158e-05,1.232e-05,4.247e-05,-1.000,9.996e-05,-3.051,-0.903,-1.507,-2.592,-3.215,-3.765,-4.494,-5.073,-5.163,
6.1916e-05,-2.19174,9.60206,1.1143316031,2.4940540791,1.084,3.172,3.6641,0.909,7,0.000,0.364,25.50,16.80,11.43,8.88,7.22,2,-1e-30,0.00,7.362e-01,2.637e-01,1.154e-05,1.248e-05,4.234e-05,-1.000,9.999e-05,-3.161,-0.845,-1.534,-2.675,-3.319,-3.880,-4.618,-5.203,-5.292,
6.1916e-05,-2.19174,9.60206,1.1143413782,2.4940557480,1.084,3.221,3.6611,0.848,7,0.000,0.363,28.92,18.75,12.69,9.87,8.03,2,-1e-30,0.00,7.361e-01,2.638e-01,1.151e-05,1.263e-05,4.222e-05,-1.000,6.646e-05,-3.283,-0.759,-1.551,-2.764,-3.433,-4.008,-4.758,-5.350,-5.438,
6.1916e-05,-2.19174,9.60206,1.1143425703,2.4940559864,1.084,3.217,3.6614,0.854,7,0.000,0.363,28.56,18.55,12.56,9.77,7.94,2,-1e-30,0.00,7.361e-01,2.638e-01,1.150e-05,1.265e-05,4.220e-05,-1.000,1.001e-04,-3.271,-0.770,-1.551,-2.756,-3.422,-3.996,-4.744,-5.336,-5.424,
6.1916e-05,-2.19174,9.60206,1.1143432856,2.4940559864,1.084,3.234,3.6604,0.833,7,0.000,0.363,29.87,19.29,13.03,10.15,8.25,2,-1e-30,0.00,7.360e-01,2.639e-01,1.150e-05,1.266e-05,4.220e-05,-1.000,9.999e-05,-3.315,-0.733,-1.554,-2.786,-3.462,-4.042,-4.794,-5.388,-5.476,
6.1916e-05,-2.19174,9.60206,1.1143440008,2.4940562248,1.084,3.252,3.6592,0.810,7,0.000,0.363,31.33,20.11,13.56,10.56,8.59,2,-1e-30,0.00,7.360e-01,2.639e-01,1.148e-05,1.274e-05,4.213e-05,-1.000,1.000e-04,-3.361,-0.694,-1.556,-2.817,-3.504,-4.090,-4.847,-5.444,-5.531,
6.1916e-05,-2.19174,9.60206,1.1143449545,2.4940562248,1.084,3.279,3.6575,0.776,7,0.543,0.363,33.59,21.37,14.37,11.20,9.12,2,-1e-30,0.00,7.358e-01,2.641e-01,1.145e-05,1.286e-05,4.203e-05,-1.000,1.001e-04,-3.428,-0.645,-1.563,-2.862,-3.565,-4.159,-4.923,-5.524,-5.611,
6.1916e-05,-2.19174,9.60206,1.1143457890,2.4940564632,1.084,3.302,3.6561,0.748,7,0.542,0.363,35.62,22.48,15.09,11.77,9.58,2,-1e-30,0.00,7.357e-01,2.642e-01,1.143e-05,1.296e-05,4.195e-05,-1.000,1.000e-04,-3.484,-0.634,-1.582,-2.903,-3.615,-4.215,-4.986,-5.590,-5.678,
6.1916e-05,-2.19174,9.60206,1.1143462658,2.4940564632,1.084,3.310,3.6556,0.738,7,0.542,0.363,36.39,22.91,15.36,11.99,9.75,2,-1e-30,0.00,7.356e-01,2.643e-01,1.142e-05,1.300e-05,4.192e-05,-1.000,1.000e-04,-3.505,-0.629,-1.588,-2.918,-3.634,-4.236,-5.009,-5.615,-5.702,
6.1916e-05,-2.19174,9.60206,1.1143463850,2.4940564632,1.084,3.310,3.6545,0.733,8,0.542,0.382,36.72,23.09,15.48,12.08,9.83,2,-3.55e-07,0.00,7.356e-01,2.642e-01,1.209e-05,1.301e-05,4.216e-05,-1.000,1.228e-04,-3.505,-0.592,-1.566,-2.908,-3.629,-4.235,-5.012,-5.622,-5.709,
6.1916e-05,-2.19174,9.60206,1.1143465042,2.4940564632,1.083,3.167,3.6633,0.911,8,0.542,0.382,25.40,16.75,11.39,8.85,7.19,2,-2.04e-07,0.00,7.356e-01,2.642e-01,1.209e-05,1.301e-05,4.216e-05,-1.000,1.228e-04,-3.147,-0.790,-1.499,-2.655,-3.303,-3.868,-4.609,-5.196,-5.285,
6.1916e-05,-2.19174,9.60206,1.1143467426,2.4940567017,1.082,3.051,3.6701,1.054,8,0.542,0.382,18.86,12.92,8.89,6.88,5.59,3,-1.33e-07,0.00,7.356e-01,2.642e-01,1.209e-05,1.301e-05,4.216e-05,-1.000,1.227e-04,-2.857,-0.923,-1.415,-2.429,-3.027,-3.563,-4.280,-4.851,-4.941,
6.1916e-05,-2.19174,9.60206,1.1143471003,2.4940567017,1.080,2.795,3.6852,1.369,8,0.542,0.382,9.81,7.31,5.16,3.96,3.21,3,-5.71e-08,0.00,7.356e-01,2.642e-01,1.209e-05,1.301e-05,4.216e-05,-1.000,1.228e-04,-2.219,-0.915,-1.072,-1.874,-2.399,-2.893,-3.562,-4.097,-4.188,
6.1916e-05,-2.19174,9.60206,1.1143476963,2.4940567017,1.077,2.799,3.6849,1.363,8,0.542,0.382,9.91,7.38,5.21,4.00,3.24,3,-5.77e-08,0.00,7.356e-01,2.642e-01,1.209e-05,1.301e-05,4.216e-05,-1.000,1.228e-04,-2.227,-0.913,-1.075,-1.881,-2.407,-2.901,-3.571,-4.107,-4.198,
6.1916e-05,-2.19174,9.60206,1.1143485308,2.4940569401,1.074,2.846,3.6819,1.302,8,0.543,0.382,11.23,8.23,5.78,4.44,3.61,3,-6.72e-08,0.00,7.356e-01,2.642e-01,1.209e-05,1.301e-05,4.216e-05,-1.000,1.227e-04,-2.345,-0.933,-1.148,-1.987,-2.524,-3.026,-3.705,-4.248,-4.339,
6.1916e-05,-2.19174,9.60206,1.1143494844,2.4940571785,1.069,3.002,3.6724,1.106,8,0.543,0.382,16.85,11.72,8.10,6.26,5.08,3,-1.13e-07,0.00,7.356e-01,2.642e-01,1.209e-05,1.301e-05,4.216e-05,-1.000,1.228e-04,-2.736,-0.921,-1.350,-2.324,-2.908,-3.437,-4.145,-4.711,-4.801,
6.1916e-05,-2.19174,9.60206,1.1143506765,2.4940571785,1.064,3.157,3.6630,0.912,8,0.543,0.382,25.19,16.63,11.31,8.79,7.14,2,-1.99e-07,0.00,7.356e-01,2.642e-01,1.209e-05,1.301e-05,4.216e-05,-1.000,1.228e-04,-3.122,-0.751,-1.466,-2.627,-3.277,-3.842,-4.584,-5.172,-5.261,
6.1916e-05,-2.19174,9.60206,1.1143519878,2.4940574169,1.057,3.262,3.6564,0.778,8,0.543,0.382,33.25,21.17,14.24,11.11,9.03,2,-3.01e-07,0.00,7.356e-01,2.642e-01,1.209e-05,1.301e-05,4.216e-05,-1.000,1.228e-04,-3.385,-0.570,-1.501,-2.811,-3.518,-4.115,-4.884,-5.489,-5.576,
6.1916e-05,-2.19174,9.60206,1.1143534184,2.4940576553,1.050,3.319,3.6527,0.703,8,0.543,0.382,38.77,24.19,16.17,12.64,10.29,2,-3.82e-07,0.00,7.356e-01,2.642e-01,1.209e-05,1.301e-05,4.216e-05,-1.000,1.228e-04,-3.528,-0.533,-1.542,-2.911,-3.645,-4.258,-5.043,-5.657,-5.745,
6.1916e-05,-2.19174,9.60206,1.1143550873,2.4940578938,1.042,3.345,3.6508,0.666,8,0.544,0.382,41.79,25.81,17.20,13.47,10.96,1,-4.29e-07,0.00,7.356e-01,2.642e-01,1.209e-05,1.301e-05,4.216e-05,-1.000,1.228e-04,-3.593,-0.505,-1.555,-2.955,-3.702,-4.324,-5.117,-5.736,-5.824,
6.1916e-05,-2.19174,9.60206,1.1143569946,2.4940583706,1.034,3.359,3.6497,0.644,8,0.544,0.382,43.61,26.78,17.81,13.96,11.36,1,-4.57e-07,0.00,7.356e-01,2.642e-01,1.209e-05,1.301e-05,4.216e-05,-1.000,1.228e-04,-3.626,-0.482,-1.555,-2.974,-3.730,-4.356,-5.154,-5.777,-5.866,
6.1916e-05,-2.19174,9.60206,1.1143571138,2.4940583706,1.033,3.273,3.6547,0.750,8,0.544,0.382,35.03,22.14,14.85,11.60,9.44,2,-3.22e-07,0.00,7.356e-01,2.642e-01,1.209e-05,1.301e-05,4.216e-05,-1.000,1.228e-04,-3.413,-0.519,-1.484,-2.820,-3.538,-4.142,-4.919,-5.528,-5.616,
6.1916e-05,-2.19174,9.60206,1.1143574715,2.4940583706,1.030,3.106,3.6645,0.955,8,0.544,0.382,22.83,15.27,10.41,8.09,6.58,2,-1.69e-07,0.00,7.356e-01,2.642e-01,1.209e-05,1.301e-05,4.216e-05,-1.000,1.228e-04,-2.995,-0.736,-1.396,-2.519,-3.154,-3.712,-4.448,-5.033,-5.122,
6.1916e-05,-2.19174,9.60206,1.1143581867,2.4940583706,1.026,2.851,3.6795,1.268,8,0.544,0.382,11.88,8.66,6.06,4.67,3.79,3,-7.04e-08,0.00,7.356e-01,2.642e-01,1.209e-05,1.301e-05,4.216e-05,-1.000,1.228e-04,-2.358,-0.863,-1.122,-1.990,-2.537,-3.044,-3.730,-4.279,-4.370,
6.1916e-05,-2.19174,9.60206,1.1143590212,2.4940586090,1.020,2.855,3.6791,1.260,8,0.545,0.382,12.06,8.77,6.13,4.73,3.84,3,-7.16e-08,0.00,7.356e-01,2.642e-01,1.209e-05,1.301e-05,4.216e-05,-1.000,1.229e-04,-2.368,-0.856,-1.124,-1.997,-2.546,-3.055,-3.742,-4.291,-4.383,
6.1916e-05,-2.19174,9.60206,1.1143602133,2.4940588474,1.012,2.903,3.6760,1.196,8,0.545,0.382,13.74,9.83,6.84,5.28,4.29,3,-8.43e-08,0.00,7.356e-01,2.642e-01,1.209e-05,1.301e-05,4.216e-05,-1.000,1.228e-04,-2.488,-0.845,-1.182,-2.100,-2.663,-3.181,-3.878,-4.435,-4.526,
6.1916e-05,-2.19174,9.60206,1.1143616438,2.4940590858,1.003,3.058,3.6664,0.999,8,0.545,0.382,20.67,14.01,9.58,7.45,6.05,2,-1.46e-07,0.00,7.356e-01,2.642e-01,1.209e-05,1.301e-05,4.216e-05,-1.000,1.228e-04,-2.875,-0.737,-1.335,-2.417,-3.038,-3.588,-4.317,-4.898,-4.987,
6.1916e-05,-2.19174,9.60206,1.1143633127,2.4940593243,0.992,3.210,3.6568,0.803,8,0.546,0.382,30.98,19.88,13.39,10.46,8.51,2,-2.62e-07,0.00,7.356e-01,2.642e-01,1.209e-05,1.301e-05,4.216e-05,-1.000,1.228e-04,-3.256,-0.473,-1.389,-2.688,-3.391,-3.985,-4.752,-5.356,-5.443,
6.1916e-05,-2.19174,9.60206,1.1143653393,2.4940595627,0.979,3.315,3.6501,0.666,8,0.546,0.382,41.10,25.38,16.90,13.26,10.78,1,-4.05e-07,0.00,7.356e-01,2.642e-01,1.209e-05,1.301e-05,4.216e-05,-1.000,1.228e-04,-3.517,-0.404,-1.463,-2.871,-3.622,-4.246,-5.042,-5.664,-5.753,
6.1916e-05,-2.19174,9.60206,1.1143676043,2.4940600395,0.965,3.371,3.6461,0.588,8,0.546,0.382,48.28,29.16,19.29,15.17,12.34,1,-5.24e-07,0.00,7.356e-01,2.642e-01,1.209e-05,1.301e-05,4.216e-05,-1.000,1.228e-04,-3.658,-0.350,-1.493,-2.963,-3.743,-4.385,-5.199,-5.832,-5.922,
6.1916e-05,-2.19174,9.60206,1.1143701077,2.4940605164,0.949,3.398,3.6439,0.545,8,0.547,0.382,52.53,31.34,20.66,16.27,13.24,1,-5.99e-07,0.00,7.356e-01,2.642e-01,1.209e-05,1.301e-05,4.216e-05,-1.000,1.228e-04,-3.724,-0.306,-1.494,-3.000,-3.797,-4.449,-5.274,-5.913,-6.004,
6.1916e-05,-2.19174,9.60206,1.1143728495,2.4940607548,0.932,3.411,3.6425,0.518,8,0.548,0.382,55.42,32.78,21.56,17.01,13.83,1,-6.52e-07,0.00,7.356e-01,2.642e-01,1.209e-05,1.301e-05,4.216e-05,-1.000,1.228e-04,-3.758,-0.265,-1.484,-3.015,-3.823,-4.482,-5.314,-5.958,-6.049,
6.1916e-05,-2.19174,9.60206,1.1143729687,2.4940609932,0.930,3.336,3.6470,0.611,8,0.548,0.382,45.58,27.69,18.35,14.44,11.74,1,-4.72e-07,0.00,7.356e-01,2.642e-01,1.209e-05,1.301e-05,4.216e-05,-1.000,1.228e-04,-3.570,-0.313,-1.433,-2.887,-3.660,-4.297,-5.107,-5.737,-5.827,
6.1916e-05,-2.19174,9.60206,1.1143733263,2.4940609932,0.927,3.170,3.6570,0.815,8,0.548,0.382,29.68,19.13,12.89,10.09,8.19,2,-2.41e-07,0.00,7.356e-01,2.642e-01,1.209e-05,1.301e-05,4.216e-05,-1.000,1.228e-04,-3.155,-0.390,-1.297,-2.591,-3.291,-3.884,-4.650,-5.254,-5.341,
6.1916e-05,-2.19174,9.60206,1.1143740416,2.4940609932,0.922,2.915,3.6725,1.129,8,0.548,0.382,15.33,10.82,7.48,5.81,4.71,3,-9.57e-08,0.00,7.356e-01,2.642e-01,1.209e-05,1.301e-05,4.216e-05,-1.000,1.228e-04,-2.518,-0.714,-1.136,-2.108,-2.691,-3.219,-3.927,-4.492,-4.583,
6.1916e-05,-2.19174,9.60206,1.1143749952,2.4940612316,0.915,2.919,3.6721,1.121,8,0.548,0.382,15.56,10.96,7.57,5.88,4.77,2,-9.76e-08,0.00,7.356e-01,2.642e-01,1.209e-05,1.301e-05,4.216e-05,-1.000,1.228e-04,-2.526,-0.705,-1.136,-2.114,-2.698,-3.228,-3.937,-4.503,-4.594,
6.1916e-05,-2.19174,9.60206,1.1143763065,2.4940614700,0.906,2.966,3.6690,1.057,8,0.549,0.382,17.75,12.28,8.43,6.56,5.33,2,-1.16e-07,0.00,7.356e-01,2.642e-01,1.209e-05,1.301e-05,4.216e-05,-1.000,1.228e-04,-2.645,-0.661,-1.178,-2.209,-2.813,-3.353,-4.073,-4.646,-4.737,
6.1916e-05,-2.19174,9.60206,1.1143778563,2.4940617085,0.895,3.117,3.6595,0.863,8,0.549,0.382,26.58,17.38,11.75,9.20,7.47,2,-2.05e-07,0.00,7.356e-01,2.642e-01,1.209e-05,1.301e-05,4.216e-05,-1.000,1.228e-04,-3.021,-0.414,-1.246,-2.487,-3.167,-3.748,-4.504,-5.101,-5.188,
6.1916e-05,-2.19174,9.60206,1.1143796444,2.4940619469,0.882,3.264,3.6501,0.672,8,0.549,0.382,39.60,24.47,16.28,12.82,10.41,1,-3.75e-07,0.00,7.356e-01,2.642e-01,1.209e-05,1.301e-05,4.216e-05,-1.000,1.228e-04,-3.390,-0.282,-1.339,-2.745,-3.495,-4.119,-4.915,-5.536,-5.625,
6.1916e-05,-2.19174,9.60206,1.1143816710,2.4940624237,0.867,3.364,3.6435,0.538,8,0.550,0.382,52.28,31.03,20.42,16.14,13.12,1,-5.86e-07,0.00,7.356e-01,2.642e-01,1.209e-05,1.301e-05,4.216e-05,-1.000,1.228e-04,-3.640,-0.200,-1.397,-2.910,-3.710,-4.365,-5.191,-5.832,-5.923,
6.1916e-05,-2.19174,9.60206,1.1143841743,2.4940626621,0.850,3.417,3.6397,0.461,8,0.551,0.382,61.21,35.47,23.19,18.38,14.94,1,-7.63e-07,0.00,7.356e-01,2.642e-01,1.209e-05,1.301e-05,4.216e-05,-1.000,1.228e-04,-3.773,-0.135,-1.409,-2.988,-3.821,-4.495,-5.341,-5.992,-6.083,
6.1916e-05,-2.19174,9.60206,1.1143867970,2.4940631390,0.832,3.441,3.6378,0.420,8,0.551,0.382,66.45,37.99,24.75,19.65,15.98,1,-8.77e-07,0.00,7.356e-01,2.642e-01,1.209e-05,1.301e-05,4.216e-05,-1.000,1.228e-04,-3.833,-0.092,-1.402,-3.016,-3.867,-4.552,-5.408,-6.065,-6.157,
6.1916e-05,-2.19174,9.60206,1.1143897772,2.4940636158,0.812,3.453,3.6367,0.394,8,0.552,0.382,69.98,39.62,25.75,20.48,16.65,1,-9.59e-07,0.00,7.356e-01,2.642e-01,1.209e-05,1.301e-05,4.216e-05,-1.000,1.228e-04,-3.862,-0.057,-1.390,-3.025,-3.888,-4.580,-5.442,-6.102,-6.195,
6.1916e-05,-2.19174,9.60206,1.1144109964,2.4940671921,0.558,-9.999,4.0000,1.679,9,0.558,0.000,0.00,0.00,0.00,0.00,0.00,-1,-1e-30,0.00,7.356e-01,2.642e-01,1.209e-05,1.301e-05,4.216e-05,-1.000,1.228e-04,29.767,29.835,30.074,30.115,30.101,30.087,30.117,30.109,30.121,
