Zini,MH,logAge,Mini,int_IMF,Mass,logL,logTe,logg,label,McoreTP,C_O,period0,period1,period2,period3,period4,pmode,Mloss,tau1m,X,Y,Xc,Xn,Xo,Cexcess,Z,,mbolmag,Umag,Bmag,Vmag,Rmag,Imag,Jmag,Hmag,Kmag
0.0015467,-1.00000,10.27875,0.0900000036,1.0816895962,0.090,-3.235,3.4445,5.358,1,0.000,0.545,0.00,0.00,0.00,0.00,0.00,-1,-1.83e-30,0.00,7.436e-01,2.547e-01,2.929e-04,7.903e-05,7.168e-04,-1.000,1.629e-03,12.858,21.263,18.516,16.508,14.469,12.437,10.781,10.403,10.236,
0.0015467,-1.00000,10.27875,0.0949021876,1.1270540953,0.095,-3.115,3.4615,5.328,1,0.000,0.545,0.00,0.00,0.00,0.00,0.00,-1,-1.28e-30,0.00,7.427e-01,2.557e-01,2.929e-04,7.903e-05,7.168e-04,-1.000,1.629e-03,12.558,20.154,17.671,15.709,13.911,12.064,10.535,10.104,9.927,
0.0015467,-1.00000,10.27875,0.1000000015,1.1711064577,0.100,-2.997,3.4782,5.299,1,0.000,0.545,0.00,0.00,0.00,0.00,0.00,-1,-1e-30,0.00,7.417e-01,2.567e-01,2.929e-04,7.903e-05,7.168e-04,-1.000,1.629e-03,12.262,19.123,16.878,14.961,13.371,11.709,10.292,9.817,9.631,
0.0015467,-1.00000,10.27875,0.1199999973,1.3193154335,0.120,-2.715,3.5115,5.230,1,0.000,0.545,0.00,0.00,0.00,0.00,0.00,-1,-1e-30,0.00,7.385e-01,2.598e-01,2.929e-04,7.903e-05,7.168e-04,-1.000,1.629e-03,11.557,17.083,15.299,13.511,12.229,10.925,9.695,9.159,8.955,
0.0015467,-1.00000,10.27875,0.1400000006,1.4384527206,0.140,-2.528,3.5294,5.181,1,0.000,0.545,0.00,0.00,0.00,0.00,0.00,-1,-1e-30,0.00,7.360e-01,2.623e-01,2.929e-04,7.904e-05,7.168e-04,-1.000,1.629e-03,11.090,16.011,14.437,12.746,11.571,10.430,9.283,8.727,8.517,
0.0015467,-1.00000,10.27875,0.1599999964,1.5372931957,0.160,-2.383,3.5406,5.139,1,0.000,0.545,0.00,0.00,0.00,0.00,0.00,-1,-1e-30,0.00,7.343e-01,2.641e-01,2.929e-04,7.904e-05,7.168e-04,-1.000,1.629e-03,10.728,15.313,13.852,12.228,11.108,10.054,8.954,8.389,8.177,
0.0015467,-1.00000,10.27875,0.2000000179,1.6938792467,0.200,-2.158,3.5551,5.069,1,0.000,0.545,0.00,0.00,0.00,0.00,0.00,-1,-1e-30,0.00,7.328e-01,2.655e-01,2.929e-04,7.904e-05,7.168e-04,-1.000,1.629e-03,10.165,14.358,13.026,11.491,10.430,9.480,8.435,7.861,7.646,
0.0015467,-1.00000,10.27875,0.2500000000,1.8403258324,0.250,-1.955,3.5665,5.008,1,0.000,0.545,0.00,0.00,0.00,0.00,0.00,-1,-1.03e-28,0.00,7.329e-01,2.655e-01,2.929e-04,7.904e-05,7.168e-04,-1.000,1.629e-03,9.656,13.567,12.328,10.859,9.842,8.965,7.962,7.380,7.164,
0.0015467,-1.00000,10.27875,0.3000000417,1.9529141188,0.300,-1.799,3.5753,4.967,1,0.000,0.545,0.00,0.00,0.00,0.00,0.00,-1,-1.5e-30,0.00,7.331e-01,2.653e-01,2.929e-04,7.904e-05,7.168e-04,-1.000,1.629e-03,9.268,12.986,11.809,10.387,9.402,8.572,7.599,7.012,6.799,
0.0015467,-1.00000,10.27875,0.3499999940,2.0434174538,0.350,-1.667,3.5827,4.932,1,0.000,0.545,0.00,0.00,0.00,0.00,0.00,-1,-1e-30,0.00,7.462e-01,2.521e-01,2.929e-04,7.903e-05,7.168e-04,-1.000,1.629e-03,8.936,12.497,11.371,9.990,9.031,8.237,7.289,6.698,6.487,
0.0015467,-1.00000,10.27875,0.3512742221,2.0455009937,0.351,-1.662,3.5831,4.930,1,0.000,0.545,0.00,0.00,0.00,0.00,0.00,-1,-1e-30,0.00,7.462e-01,2.521e-01,2.929e-04,7.903e-05,7.168e-04,-1.000,1.629e-03,8.926,12.480,11.355,9.976,9.019,8.226,7.279,6.688,6.477,
0.0015467,-1.00000,10.27875,0.4000000060,2.1185026169,0.400,-1.509,3.5947,4.880,1,0.000,0.545,0.00,0.00,0.00,0.00,0.00,-1,-1e-30,0.00,7.470e-01,2.514e-01,2.929e-04,7.903e-05,7.168e-04,-1.000,1.629e-03,8.542,11.864,10.816,9.498,8.583,7.840,6.928,6.330,6.128,
0.0015467,-1.00000,10.27875,0.4499999881,2.1822810173,0.450,-1.322,3.6130,4.817,1,0.000,0.545,0.00,0.00,0.00,0.00,0.00,-1,-1e-30,0.00,7.470e-01,2.514e-01,2.929e-04,7.903e-05,7.168e-04,-1.000,1.629e-03,8.075,11.058,10.112,8.895,8.048,7.366,6.507,5.898,5.721,
0.0015467,-1.00000,10.27875,0.4643769264,2.1989326477,0.464,-1.257,3.6221,4.802,1,0.000,0.545,0.00,0.00,0.00,0.00,0.00,-1,-1e-30,0.00,7.470e-01,2.514e-01,2.929e-04,7.903e-05,7.168e-04,-1.000,1.629e-03,7.912,10.738,9.839,8.670,7.855,7.203,6.367,5.753,5.591,
0.0015467,-1.00000,10.27875,0.5000000000,2.2374541759,0.500,-1.104,3.6434,4.767,1,0.000,0.545,0.00,0.00,0.00,0.00,0.00,-1,-1e-30,0.00,7.470e-01,2.514e-01,2.929e-04,7.903e-05,7.168e-04,-1.000,1.629e-03,7.530,9.983,9.199,8.144,7.409,6.823,6.041,5.429,5.298,
0.0015467,-1.00000,10.27875,0.5500000715,2.2836585045,0.550,-0.846,3.6795,4.694,1,0.000,0.544,0.00,0.00,0.00,0.00,0.00,-1,-1e-30,0.00,7.994e-01,1.993e-01,2.370e-04,6.403e-05,5.812e-04,-1.000,1.303e-03,6.886,8.639,8.145,7.270,6.673,6.183,5.506,4.960,4.863,
0.0015467,-1.00000,10.27875,0.6000000238,2.3211214542,0.600,-0.600,3.7152,4.629,1,0.000,0.543,0.00,0.00,0.00,0.00,0.00,-1,-1e-30,0.00,8.108e-01,1.879e-01,2.260e-04,6.109e-05,5.549e-04,-1.000,1.241e-03,6.270,7.413,7.238,6.495,6.009,5.583,5.024,4.577,4.499,
0.0015467,-1.00000,10.27875,0.6005117297,2.3214678764,0.600,-0.597,3.7156,4.628,1,0.000,0.543,0.00,0.00,0.00,0.00,0.00,-1,-1.08e-30,0.00,8.109e-01,1.878e-01,2.258e-04,6.105e-05,5.545e-04,-1.000,1.241e-03,6.263,7.401,7.229,6.487,6.002,5.577,5.019,4.573,4.495,
0.0015467,-1.00000,10.27875,0.6131676435,2.3298261166,0.613,-0.531,3.7246,4.606,1,0.000,0.543,0.00,0.00,0.00,0.00,0.00,-1,-1e-30,0.00,8.141e-01,1.846e-01,2.226e-04,6.019e-05,5.469e-04,-1.000,1.277e-03,6.097,7.108,7.003,6.293,5.830,5.421,4.889,4.464,4.392,
0.0015467,-1.00000,10.27875,0.6252878904,2.3374669552,0.625,-0.465,3.7331,4.583,1,0.000,0.542,0.00,0.00,0.00,0.00,0.00,-1,-1e-30,0.00,8.172e-01,1.816e-01,2.195e-04,5.935e-05,5.393e-04,-1.000,1.218e-03,5.933,6.837,6.789,6.108,5.664,5.268,4.760,4.355,4.286,
0.0015467,-1.00000,10.27875,0.6365656257,2.3442769051,0.636,-0.403,3.7408,4.559,1,0.000,0.542,0.00,0.00,0.00,0.00,0.00,-1,-1e-30,0.00,8.202e-01,1.786e-01,2.164e-04,5.856e-05,5.322e-04,-1.000,1.200e-03,5.777,6.590,6.589,5.935,5.507,5.122,4.635,4.247,4.182,
0.0015467,-1.00000,10.27875,0.6476132274,2.3506841660,0.647,-0.339,3.7482,4.533,1,0.000,0.542,0.00,0.00,0.00,0.00,0.00,-1,-1e-30,0.00,8.231e-01,1.757e-01,2.134e-04,5.776e-05,5.251e-04,-1.000,1.202e-03,5.617,6.350,6.390,5.761,5.350,4.977,4.508,4.134,4.074,
0.0015467,-1.00000,10.27875,0.6499999762,2.3520355225,0.650,-0.324,3.7498,4.526,1,0.000,0.542,0.00,0.00,0.00,0.00,0.00,-1,-1e-30,0.00,8.237e-01,1.751e-01,2.128e-04,5.759e-05,5.236e-04,-1.000,1.203e-03,5.581,6.297,6.345,5.722,5.314,4.944,4.479,4.108,4.049,
0.0015467,-1.00000,10.27875,0.6559417844,2.3553504944,0.656,-0.287,3.7533,4.507,1,0.000,0.542,0.00,0.00,0.00,0.00,0.00,-1,-9.64e-30,0.00,8.257e-01,1.731e-01,2.109e-04,5.709e-05,5.191e-04,-1.000,1.203e-03,5.488,6.168,6.234,5.624,5.224,4.859,4.403,4.038,3.982,
0.0015467,-1.00000,10.27875,0.6629849076,2.3591918945,0.663,-0.241,3.7575,4.482,1,0.000,0.541,0.00,0.00,0.00,0.00,0.00,-1,-1.24e-29,0.00,8.281e-01,1.707e-01,2.086e-04,5.647e-05,5.136e-04,-1.000,1.200e-03,5.372,6.010,6.095,5.501,5.110,4.753,4.306,3.948,3.895,
0.0015467,-1.00000,10.27875,0.6696414351,2.3627369404,0.669,-0.194,3.7613,4.455,1,0.000,0.541,0.00,0.00,0.00,0.00,0.00,-1,-1e-30,0.00,8.304e-01,1.684e-01,2.064e-04,5.589e-05,5.084e-04,-1.000,1.187e-03,5.256,5.858,5.959,5.379,4.996,4.645,4.208,3.856,3.806,
0.0015467,-1.00000,10.27875,0.6779102087,2.3670294285,0.678,-0.132,3.7658,4.416,1,0.000,0.541,0.00,0.00,0.00,0.00,0.00,-1,-1e-30,0.00,8.333e-01,1.656e-01,2.036e-04,5.515e-05,5.018e-04,-1.000,1.158e-03,5.100,5.664,5.781,5.219,4.845,4.501,4.074,3.730,3.683,
0.0015467,-1.00000,10.27875,0.6855305433,2.3708798885,0.685,-0.070,3.7695,4.374,1,0.000,0.541,0.00,0.00,0.00,0.00,0.00,-1,-1e-30,0.00,8.357e-01,1.632e-01,2.014e-04,5.456e-05,4.965e-04,-1.000,1.112e-03,4.946,5.479,5.608,5.061,4.695,4.357,3.938,3.600,3.556,
0.0015467,-1.00000,10.27875,0.6929166913,2.3745193481,0.693,-0.007,3.7727,4.329,1,0.000,0.541,0.00,0.00,0.00,0.00,0.00,-1,-1e-30,0.00,8.364e-01,1.625e-01,2.007e-04,5.440e-05,4.951e-04,-1.000,1.134e-03,4.789,5.298,5.435,4.900,4.541,4.208,3.797,3.465,3.422,
0.0015467,-1.00000,10.27875,0.6982541084,2.3770942688,0.698,0.041,3.7745,4.291,1,0.000,0.540,0.00,0.00,0.00,0.00,0.00,-1,-1e-30,0.00,8.363e-01,1.626e-01,2.009e-04,5.446e-05,4.957e-04,-1.000,1.137e-03,4.669,5.164,5.306,4.778,4.423,4.094,3.686,3.357,3.316,
0.0015467,-1.00000,10.27875,0.6999999881,2.3779268265,0.700,0.057,3.7750,4.278,1,0.000,0.540,0.00,0.00,0.00,0.00,0.00,-1,-1e-30,0.00,8.362e-01,1.626e-01,2.010e-04,5.448e-05,4.958e-04,-1.000,1.140e-03,4.627,5.119,5.262,4.736,4.382,4.053,3.647,3.318,3.278,
0.0015467,-1.00000,10.27875,0.7002834082,2.3780615330,0.700,0.060,3.7751,4.275,1,0.000,0.540,0.00,0.00,0.00,0.00,0.00,-1,-1.09e-30,0.00,8.363e-01,1.626e-01,2.010e-04,5.448e-05,4.958e-04,-1.000,1.140e-03,4.620,5.111,5.254,4.729,4.375,4.047,3.640,3.312,3.271,
0.0015467,-1.00000,10.27875,0.7015723586,2.3786723614,0.701,0.073,3.7753,4.264,1,0.000,0.540,0.00,0.00,0.00,0.00,0.00,-1,-1.62e-30,0.00,8.364e-01,1.625e-01,2.008e-04,5.445e-05,4.957e-04,-1.000,1.139e-03,4.587,5.076,5.219,4.696,4.342,4.014,3.608,3.280,3.240,
0.0015467,-1.00000,10.27875,0.7061730623,2.3808324337,0.706,0.125,3.7753,4.215,1,0.000,0.539,0.00,0.00,0.00,0.00,0.00,-1,-4.78e-30,0.00,8.367e-01,1.622e-01,2.005e-04,5.443e-05,4.955e-04,-1.000,1.136e-03,4.457,4.947,5.089,4.566,4.213,3.886,3.480,3.151,3.111,
0.0015467,-1.00000,10.27875,0.7106822729,2.3829181194,0.710,0.183,3.7738,4.154,1,0.000,0.539,0.00,0.00,0.00,0.00,0.00,-1,-2.21e-30,0.00,8.363e-01,1.626e-01,2.013e-04,5.472e-05,4.982e-04,-1.000,1.114e-03,4.313,4.814,4.950,4.424,4.068,3.738,3.328,2.997,2.956,
0.0015467,-1.00000,10.27875,0.7120306492,2.3835358620,0.712,0.201,3.7730,4.133,1,0.000,0.538,0.00,0.00,0.00,0.00,0.00,-1,-1e-30,0.00,8.357e-01,1.632e-01,2.022e-04,5.497e-05,5.006e-04,-1.000,1.188e-03,4.268,4.774,4.907,4.379,4.022,3.691,3.279,2.947,2.905,
0.0015467,-1.00000,10.27875,0.7149377465,2.3848586082,0.714,0.247,3.7689,4.073,2,0.000,0.538,0.00,0.00,0.00,0.00,0.00,-1,-1e-30,0.00,8.299e-01,1.689e-01,2.099e-04,5.710e-05,5.201e-04,-1.000,1.217e-03,4.153,4.687,4.809,4.268,3.905,3.567,3.146,2.805,2.762,
0.0015467,-1.00000,10.27875,0.7170403004,2.3858077526,0.717,0.284,3.7642,4.018,2,0.000,0.538,0.00,0.00,0.00,0.00,0.00,-1,-1e-30,0.00,8.213e-01,1.775e-01,2.199e-04,5.987e-05,5.453e-04,-1.000,1.249e-03,4.060,4.628,4.738,4.181,3.809,3.464,3.030,2.681,2.635,
0.0015467,-1.00000,10.27875,0.7186224461,2.3865177631,0.718,0.317,3.7585,3.964,2,0.000,0.538,0.00,0.00,0.00,0.00,0.00,-1,-1e-30,0.00,8.098e-01,1.889e-01,2.318e-04,6.310e-05,5.745e-04,-1.000,1.291e-03,3.978,4.591,4.683,4.107,3.724,3.370,2.923,2.563,2.513,
0.0015467,-1.00000,10.27875,0.7198794484,2.3870792389,0.719,0.347,3.7520,3.908,2,0.000,0.538,0.00,0.00,0.00,0.00,0.00,-1,-1e-30,0.00,7.979e-01,2.007e-01,2.430e-04,6.612e-05,6.017e-04,-1.000,1.362e-03,3.902,4.568,4.638,4.041,3.645,3.281,2.818,2.446,2.392,
0.0015467,-1.00000,10.27875,0.7209571004,2.3875586987,0.720,0.381,3.7448,3.846,2,0.000,0.539,0.00,0.00,0.00,0.00,0.00,-1,-1e-30,0.00,7.880e-01,2.106e-01,2.520e-04,6.853e-05,6.233e-04,-1.000,1.409e-03,3.817,4.545,4.590,3.969,3.560,3.184,2.703,2.316,2.258,
0.0015467,-1.00000,10.27875,0.7218868732,2.3879711628,0.721,0.420,3.7380,3.780,2,0.000,0.540,0.00,0.00,0.00,0.00,0.00,-1,-1e-30,0.00,7.805e-01,2.180e-01,2.587e-04,7.033e-05,6.393e-04,-1.000,1.460e-03,3.721,4.510,4.530,3.886,3.464,3.078,2.577,2.177,2.114,
0.0015467,-1.00000,10.27875,0.7225929499,2.3882834911,0.722,0.458,3.7332,3.723,2,0.000,0.540,0.00,0.00,0.00,0.00,0.00,-1,-1e-30,0.00,7.757e-01,2.228e-01,2.629e-04,7.146e-05,6.494e-04,-1.000,1.466e-03,3.624,4.461,4.460,3.800,3.369,2.975,2.461,2.049,1.984,
0.0015467,-1.00000,10.27875,0.7231627703,2.3885352612,0.723,0.496,3.7299,3.673,2,0.000,0.540,0.00,0.00,0.00,0.00,0.00,-1,-1e-30,0.00,7.724e-01,2.262e-01,2.658e-04,7.224e-05,6.563e-04,-1.000,1.466e-03,3.530,4.400,4.385,3.714,3.277,2.878,2.354,1.933,1.867,
0.0015467,-1.00000,10.27875,0.7232646346,2.3885800838,0.723,0.503,3.7293,3.663,2,0.000,0.540,0.00,0.00,0.00,0.00,0.00,-1,-1e-30,0.00,7.718e-01,2.268e-01,2.663e-04,7.237e-05,6.575e-04,-1.000,1.466e-03,3.513,4.388,4.371,3.698,3.260,2.860,2.334,1.912,1.846,
0.0015467,-1.00000,10.27875,0.7233920693,2.3886363506,0.723,0.513,3.7287,3.651,3,0.000,0.540,0.00,0.00,0.00,0.00,0.00,-1,-1e-30,0.00,7.711e-01,2.274e-01,2.669e-04,7.252e-05,6.588e-04,-1.000,1.480e-03,3.488,4.370,4.350,3.675,3.236,2.835,2.307,1.883,1.817,
0.0015467,-1.00000,10.27875,0.7239752412,2.3888931274,0.723,0.559,3.7262,3.595,3,0.000,0.540,0.00,0.00,0.00,0.00,0.00,-1,-1e-30,0.00,7.680e-01,2.304e-01,2.692e-04,7.315e-05,6.645e-04,-1.000,1.557e-03,3.372,4.279,4.248,3.565,3.122,2.716,2.180,1.750,1.683,
0.0015467,-1.00000,10.27875,0.7244644761,2.3891081810,0.724,0.602,3.7244,3.545,3,0.000,0.540,0.00,0.00,0.00,0.00,0.00,-1,-1e-30,0.00,7.657e-01,2.328e-01,2.708e-04,7.359e-05,6.684e-04,-1.000,1.532e-03,3.264,4.188,4.151,3.462,3.016,2.608,2.066,1.631,1.563,
0.0015467,-1.00000,10.27875,0.7249425650,2.3893182278,0.724,0.647,3.7230,3.494,3,0.000,0.540,0.00,0.00,0.00,0.00,0.00,-1,-1e-30,0.00,7.635e-01,2.350e-01,2.722e-04,7.396e-05,6.718e-04,-1.000,1.498e-03,3.151,4.088,4.046,3.353,2.905,2.494,1.948,1.508,1.440,
0.0015467,-1.00000,10.27875,0.7253419161,2.3894932270,0.725,0.688,3.7218,3.449,3,0.000,0.540,0.00,0.00,0.00,0.00,0.00,-1,-1e-30,0.00,7.618e-01,2.367e-01,2.732e-04,7.424e-05,6.743e-04,-1.000,1.529e-03,3.049,3.998,3.951,3.254,2.803,2.391,1.841,1.398,1.330,
0.0015467,-1.00000,10.27875,0.7257782221,2.3896842003,0.725,0.736,3.7206,3.396,3,0.000,0.540,0.00,0.00,0.00,0.00,0.00,-1,-1e-30,0.00,7.600e-01,2.385e-01,2.741e-04,7.450e-05,6.765e-04,-1.000,1.539e-03,2.929,3.891,3.838,3.137,2.684,2.270,1.716,1.270,1.201,
0.0015467,-1.00000,10.27875,0.7261449695,2.3898446560,0.726,0.780,3.7195,3.349,3,0.000,0.540,0.00,0.00,0.00,0.00,0.00,-1,-1e-30,0.00,7.584e-01,2.400e-01,2.748e-04,7.471e-05,6.784e-04,-1.000,1.538e-03,2.820,3.792,3.734,3.030,2.576,2.160,1.602,1.153,1.084,
0.0015467,-1.00000,10.27875,0.7264922857,2.3899962902,0.726,0.825,3.7184,3.300,3,0.000,0.540,0.00,0.00,0.00,0.00,0.00,-1,-1e-30,0.00,7.569e-01,2.415e-01,2.753e-04,7.490e-05,6.800e-04,-1.000,1.543e-03,2.709,3.693,3.630,2.922,2.466,2.048,1.487,1.034,0.965,
0.0015467,-1.00000,10.27875,0.7267976999,2.3901295662,0.726,0.867,3.7174,3.254,3,0.000,0.540,0.00,0.00,0.00,0.00,0.00,-1,-1e-30,0.00,7.557e-01,2.427e-01,2.756e-04,7.506e-05,6.811e-04,-1.000,1.560e-03,2.603,3.599,3.531,2.820,2.362,1.942,1.378,0.922,0.853,
0.0015467,-1.00000,10.27875,0.7271100879,2.3902657032,0.726,0.914,3.7163,3.203,3,0.000,0.539,0.00,0.00,0.00,0.00,0.00,-1,-1e-30,0.00,7.546e-01,2.439e-01,2.758e-04,7.522e-05,6.822e-04,-1.000,1.524e-03,2.486,3.495,3.421,2.706,2.246,1.825,1.256,0.797,0.727,
0.0015467,-1.00000,10.27875,0.7273807526,2.3903834820,0.727,0.958,3.7152,3.154,3,0.000,0.539,0.00,0.00,0.00,0.00,0.00,-1,-1e-30,0.00,7.536e-01,2.449e-01,2.759e-04,7.538e-05,6.831e-04,-1.000,1.537e-03,2.376,3.397,3.318,2.599,2.137,1.714,1.142,0.678,0.609,
0.0015467,-1.00000,10.27875,0.7276428342,2.3904976845,0.727,1.004,3.7139,3.103,3,0.000,0.538,0.00,0.00,0.00,0.00,0.00,-1,-1e-30,0.00,7.526e-01,2.459e-01,2.759e-04,7.556e-05,6.839e-04,-1.000,1.538e-03,2.260,3.295,3.210,2.487,2.023,1.598,1.021,0.554,0.484,
0.0015467,-1.00000,10.27875,0.7278686166,2.3905956745,0.727,1.047,3.7127,3.055,3,0.000,0.538,0.00,0.00,0.00,0.00,0.00,-1,-1e-30,0.00,7.519e-01,2.465e-01,2.759e-04,7.572e-05,6.844e-04,-1.000,1.540e-03,2.152,3.200,3.109,2.382,1.916,1.488,0.908,0.437,0.367,
0.0015467,-1.00000,10.27875,0.7280694246,2.3906829357,0.727,1.089,3.7115,3.009,3,0.000,0.537,0.00,0.00,0.00,0.00,0.00,-1,-1e-30,0.00,7.513e-01,2.471e-01,2.757e-04,7.590e-05,6.848e-04,-1.000,1.571e-03,2.047,3.109,3.013,2.282,1.813,1.384,0.799,0.324,0.254,
0.0015467,-1.00000,10.27875,0.7282600403,2.3907656670,0.728,1.133,3.7101,2.960,3,0.000,0.537,0.00,0.00,0.00,0.00,0.00,-1,-1e-30,0.00,7.509e-01,2.475e-01,2.756e-04,7.603e-05,6.851e-04,-1.000,1.551e-03,1.938,3.017,2.914,2.177,1.706,1.274,0.684,0.205,0.135,
0.0015467,-1.00000,10.27875,0.7284289002,2.3908390999,0.728,1.174,3.7087,2.913,3,0.000,0.536,0.00,0.00,0.00,0.00,0.00,-1,-1e-30,0.00,7.507e-01,2.478e-01,2.755e-04,7.614e-05,6.853e-04,-1.000,1.551e-03,1.834,2.930,2.819,2.077,1.603,1.168,0.574,0.091,0.020,
0.0015467,-1.00000,10.27875,0.7285780311,2.3909037113,0.728,1.215,3.7074,2.867,3,0.000,0.536,0.00,0.00,0.00,0.00,0.00,-1,-1e-30,0.00,7.505e-01,2.480e-01,2.755e-04,7.622e-05,6.855e-04,-1.000,1.547e-03,1.733,2.848,2.728,1.981,1.504,1.067,0.468,-0.019,-0.090,
0.0015467,-1.00000,10.27875,0.7287201881,2.3909654617,0.728,1.256,3.7059,2.820,3,0.000,0.536,0.00,0.00,0.00,0.00,0.00,-1,-1e-30,0.00,7.503e-01,2.482e-01,2.754e-04,7.628e-05,6.856e-04,-1.000,1.563e-03,1.629,2.763,2.635,1.882,1.402,0.963,0.359,-0.133,-0.205,
0.0015467,-1.00000,10.27875,0.7288866043,2.3910374641,0.728,1.310,3.7040,2.759,3,0.000,0.536,0.00,0.00,0.00,0.00,0.00,-1,-1e-30,0.00,7.502e-01,2.482e-01,2.754e-04,7.632e-05,6.857e-04,-1.000,1.566e-03,1.496,2.655,2.516,1.755,1.272,0.828,0.218,-0.280,-0.352,
0.0015467,-1.00000,10.27875,0.7290002108,2.3910868168,0.728,1.350,3.7024,2.713,3,0.000,0.536,0.00,0.00,0.00,0.00,0.00,-1,-1e-30,0.00,7.502e-01,2.483e-01,2.753e-04,7.633e-05,6.857e-04,-1.000,1.566e-03,1.396,2.575,2.428,1.661,1.174,0.728,0.112,-0.391,-0.463,
0.0015467,-1.00000,10.27875,0.7291314602,2.3911435604,0.728,1.400,3.7004,2.654,3,0.000,0.536,0.00,0.00,0.00,0.00,0.00,-1,-1e-30,0.00,7.502e-01,2.483e-01,2.753e-04,7.633e-05,6.857e-04,-1.000,1.566e-03,1.270,2.475,2.316,1.541,1.051,0.601,-0.022,-0.531,-0.604,
0.0015467,-1.00000,10.27875,0.7292243242,2.3911836147,0.729,1.439,3.6988,2.609,3,0.000,0.536,0.00,0.00,0.00,0.00,0.00,-1,-1e-30,0.00,7.502e-01,2.483e-01,2.753e-04,7.634e-05,6.857e-04,-1.000,1.566e-03,1.173,2.399,2.231,1.450,0.956,0.503,-0.126,-0.639,-0.713,
0.0015467,-1.00000,10.27875,0.7293342352,2.3912312984,0.729,1.489,3.6967,2.550,3,0.000,0.536,0.00,0.00,0.00,0.00,0.00,-1,-1e-30,0.00,7.501e-01,2.483e-01,2.753e-04,7.634e-05,6.857e-04,-1.000,1.566e-03,1.047,2.303,2.123,1.333,0.835,0.378,-0.259,-0.780,-0.854,
0.0015467,-1.00000,10.27875,0.7294297814,2.3912725449,0.729,1.537,3.6946,2.494,3,0.000,0.536,0.00,0.00,0.00,0.00,0.00,-1,-1e-30,0.00,7.501e-01,2.483e-01,2.753e-04,7.634e-05,6.857e-04,-1.000,1.566e-03,0.928,2.212,2.020,1.221,0.719,0.258,-0.386,-0.914,-0.989,
0.0015467,-1.00000,10.27875,0.7295194864,2.3913114071,0.729,1.586,3.6924,2.436,3,0.000,0.536,0.00,0.00,0.00,0.00,0.00,-1,-1e-30,0.00,7.501e-01,2.483e-01,2.753e-04,7.635e-05,6.858e-04,-1.000,1.566e-03,0.805,2.127,1.916,1.107,0.599,0.134,-0.517,-1.052,-1.127,
0.0015467,-1.00000,10.27875,0.7295956612,2.3913443089,0.729,1.631,3.6902,2.383,3,0.000,0.535,0.00,0.00,0.00,0.00,0.00,-1,-1e-30,0.00,7.501e-01,2.483e-01,2.753e-04,7.635e-05,6.858e-04,-1.000,1.566e-03,0.693,2.051,1.823,1.003,0.490,0.021,-0.638,-1.178,-1.254,
0.0015467,-1.00000,10.27875,0.7296657562,2.3913745880,0.729,1.675,3.6880,2.329,3,0.000,0.535,0.00,0.00,0.00,0.00,0.00,-1,-1e-30,0.00,7.501e-01,2.483e-01,2.753e-04,7.635e-05,6.858e-04,-1.000,1.566e-03,0.581,1.979,1.731,0.901,0.382,-0.091,-0.757,-1.305,-1.381,
0.0015467,-1.00000,10.27875,0.7297331691,2.3914036751,0.729,1.719,3.6858,2.277,3,0.000,0.535,0.00,0.00,0.00,0.00,0.00,-1,-1e-30,0.00,7.501e-01,2.483e-01,2.753e-04,7.636e-05,6.858e-04,-1.000,1.566e-03,0.472,1.910,1.643,0.801,0.277,-0.201,-0.875,-1.430,-1.507,
0.0015467,-1.00000,10.27875,0.7298025489,2.3914337158,0.729,1.760,3.6838,2.228,3,0.000,0.535,0.00,0.00,0.00,0.00,0.00,-1,-1e-30,0.00,7.501e-01,2.483e-01,2.753e-04,7.636e-05,6.858e-04,-1.000,1.566e-03,0.370,1.845,1.559,0.708,0.178,-0.303,-0.985,-1.546,-1.623,
0.0015467,-1.00000,10.27875,0.7298592925,2.3914582729,0.729,1.783,3.6828,2.201,3,0.000,0.535,0.00,0.00,0.00,0.00,0.00,-1,-1e-30,0.00,7.501e-01,2.483e-01,2.753e-04,7.636e-05,6.858e-04,-1.000,1.566e-03,0.313,1.806,1.512,0.655,0.124,-0.359,-1.045,-1.609,-1.687,
0.0015467,-1.00000,10.27875,0.7298992276,2.3914754391,0.729,1.775,3.6835,2.212,3,0.000,0.535,0.00,0.00,0.00,0.00,0.00,-1,-1e-30,0.00,7.501e-01,2.483e-01,2.753e-04,7.636e-05,6.858e-04,-1.000,1.566e-03,0.331,1.812,1.524,0.670,0.140,-0.341,-1.024,-1.586,-1.664,
0.0015467,-1.00000,10.27875,0.7299135327,2.3914816380,0.729,1.771,3.6839,2.218,3,0.000,0.535,0.00,0.00,0.00,0.00,0.00,-1,-1e-30,0.00,7.501e-01,2.483e-01,2.753e-04,7.636e-05,6.858e-04,-1.000,1.566e-03,0.343,1.817,1.532,0.680,0.151,-0.330,-1.011,-1.572,-1.649,
0.0015467,-1.00000,10.27875,0.7299616337,2.3915023804,0.729,1.815,3.6816,2.165,3,0.000,0.535,0.00,0.00,0.00,0.00,0.00,-1,-1e-30,0.00,7.501e-01,2.483e-01,2.753e-04,7.636e-05,6.858e-04,-1.000,1.566e-03,0.234,1.750,1.444,0.581,0.046,-0.439,-1.129,-1.698,-1.776,
0.0015467,-1.00000,10.27875,0.7300065160,2.3915216923,0.729,1.858,3.6792,2.111,3,0.000,0.535,0.00,0.00,0.00,0.00,0.00,-1,-1e-30,0.00,7.501e-01,2.484e-01,2.753e-04,7.637e-05,6.858e-04,-1.000,1.566e-03,0.125,1.685,1.359,0.483,-0.058,-0.548,-1.247,-1.823,-1.902,
0.0015467,-1.00000,10.27875,0.7300489545,2.3915400505,0.729,1.902,3.6767,2.057,3,0.000,0.535,0.00,0.00,0.00,0.00,0.00,-1,-1e-30,0.00,7.501e-01,2.484e-01,2.753e-04,7.637e-05,6.858e-04,-1.000,1.566e-03,0.015,1.622,1.274,0.385,-0.163,-0.658,-1.365,-1.949,-2.029,
0.0015467,-1.00000,10.27875,0.7300873399,2.3915567398,0.729,1.945,3.6742,2.005,3,0.000,0.535,0.00,0.00,0.00,0.00,0.00,-1,-1e-30,0.00,7.501e-01,2.484e-01,2.753e-04,7.637e-05,6.858e-04,-1.000,1.566e-03,-0.093,1.562,1.191,0.289,-0.265,-0.765,-1.481,-2.073,-2.153,
0.0015467,-1.00000,10.27875,0.7301216125,2.3915715218,0.729,1.986,3.6718,1.954,3,0.000,0.535,0.00,0.00,0.00,0.00,0.00,-1,-1e-30,0.00,7.501e-01,2.484e-01,2.753e-04,7.637e-05,6.858e-04,-1.000,1.566e-03,-0.196,1.521,1.119,0.196,-0.366,-0.870,-1.593,-2.192,-2.272,
0.0015467,-1.00000,10.27875,0.7301539779,2.3915853500,0.729,2.028,3.6693,1.902,3,0.000,0.535,0.00,0.00,0.00,0.00,0.00,-1,-1e-30,0.00,7.501e-01,2.484e-01,2.753e-04,7.637e-05,6.859e-04,-1.000,1.566e-03,-0.301,1.485,1.048,0.101,-0.468,-0.976,-1.708,-2.313,-2.393,
0.0015467,-1.00000,10.27875,0.7301836610,2.3915982246,0.730,2.070,3.6668,1.850,3,0.000,0.535,0.00,0.00,0.00,0.00,0.00,-1,-1e-30,0.00,7.501e-01,2.484e-01,2.753e-04,7.637e-05,6.859e-04,-1.000,1.566e-03,-0.405,1.454,0.979,0.008,-0.569,-1.081,-1.821,-2.432,-2.512,
0.0015467,-1.00000,10.27875,0.7302141190,2.3916113377,0.730,2.116,3.6639,1.793,3,0.000,0.535,0.00,0.00,0.00,0.00,0.00,-1,-1e-30,0.00,7.501e-01,2.484e-01,2.753e-04,7.637e-05,6.859e-04,-1.000,1.566e-03,-0.520,1.423,0.906,-0.093,-0.679,-1.196,-1.947,-2.564,-2.645,
0.0015467,-1.00000,10.27875,0.7302383780,2.3916218281,0.730,2.156,3.6614,1.743,3,0.000,0.535,0.00,0.00,0.00,0.00,0.00,-1,-1e-30,0.00,7.501e-01,2.484e-01,2.753e-04,7.637e-05,6.859e-04,-1.000,1.566e-03,-0.620,1.399,0.844,-0.181,-0.775,-1.296,-2.056,-2.680,-2.761,
0.0015467,-1.00000,10.27875,0.7302616239,2.3916318417,0.730,2.197,3.6587,1.691,3,0.000,0.535,0.00,0.00,0.00,0.00,0.00,-1,-1e-30,0.00,7.501e-01,2.484e-01,2.753e-04,7.638e-05,6.859e-04,-1.000,1.566e-03,-0.722,1.379,0.783,-0.269,-0.872,-1.398,-2.168,-2.799,-2.881,
0.0015467,-1.00000,10.27875,0.7302820086,2.3916406631,0.730,2.236,3.6561,1.642,3,0.000,0.535,0.00,0.00,0.00,0.00,0.00,-1,-1e-30,0.00,7.501e-01,2.484e-01,2.753e-04,7.638e-05,6.859e-04,-1.000,1.566e-03,-0.820,1.363,0.726,-0.352,-0.963,-1.494,-2.274,-2.912,-2.995,
0.0015467,-1.00000,10.27875,0.7303010225,2.3916487694,0.730,2.275,3.6535,1.592,3,0.000,0.535,0.00,0.00,0.00,0.00,0.00,-1,-1e-30,0.00,7.501e-01,2.484e-01,2.753e-04,7.638e-05,6.859e-04,-1.000,1.566e-03,-0.918,1.350,0.671,-0.435,-1.055,-1.590,-2.380,-3.025,-3.109,
0.0015467,-1.00000,10.27875,0.7303203344,2.3916571140,0.730,2.318,3.6507,1.538,3,0.000,0.535,0.00,0.00,0.00,0.00,0.00,-1,-1e-30,0.00,7.501e-01,2.484e-01,2.753e-04,7.638e-05,6.859e-04,-1.000,1.566e-03,-1.025,1.339,0.611,-0.525,-1.154,-1.695,-2.497,-3.149,-3.234,
0.0015467,-1.00000,10.27875,0.7303363085,2.3916640282,0.730,2.356,3.6480,1.489,3,0.000,0.535,0.00,0.00,0.00,0.00,0.00,-1,-1e-30,0.00,7.501e-01,2.484e-01,2.753e-04,7.638e-05,6.859e-04,-1.000,1.566e-03,-1.120,1.334,0.561,-0.603,-1.241,-1.787,-2.600,-3.260,-3.347,
0.0015467,-1.00000,10.27875,0.7303545475,2.3916718960,0.730,2.403,3.6447,1.430,3,0.000,0.535,0.00,0.00,0.00,0.00,0.00,-1,-1e-30,0.00,7.500e-01,2.484e-01,2.753e-04,7.638e-05,6.859e-04,-1.000,1.566e-03,-1.237,1.326,0.498,-0.693,-1.343,-1.899,-2.726,-3.396,-3.486,
0.0015467,-1.00000,10.27875,0.7303698659,2.3916785717,0.730,2.446,3.6417,1.374,3,0.000,0.535,0.00,0.00,0.00,0.00,0.00,-1,-1e-30,0.00,7.500e-01,2.484e-01,2.753e-04,7.638e-05,6.859e-04,-1.000,1.566e-03,-1.345,1.320,0.440,-0.776,-1.438,-2.002,-2.843,-3.523,-3.615,
0.0015467,-1.00000,10.27875,0.7303847075,2.3916850090,0.730,2.490,3.6384,1.316,3,0.000,0.535,0.00,0.00,0.00,0.00,0.00,-1,-1e-30,0.00,7.500e-01,2.484e-01,2.753e-04,7.638e-05,6.859e-04,-1.000,1.566e-03,-1.456,1.318,0.383,-0.861,-1.535,-2.108,-2.963,-3.654,-3.748,
0.0015467,-1.00000,10.27875,0.7303973436,2.3916904926,0.730,2.532,3.6354,1.263,3,0.000,0.535,10.76,8.00,5.58,4.35,3.52,3,-1e-30,0.00,7.500e-01,2.484e-01,2.753e-04,7.638e-05,6.859e-04,-1.000,1.566e-03,-1.559,1.317,0.330,-0.937,-1.624,-2.205,-3.074,-3.775,-3.872,
0.0015467,-1.00000,10.27875,0.7304094434,2.3916957378,0.730,2.575,3.6323,1.207,3,0.000,0.535,12.11,8.85,6.14,4.79,3.88,3,-1e-30,0.00,7.500e-01,2.484e-01,2.753e-04,7.638e-05,6.859e-04,-1.000,1.566e-03,-1.667,1.317,0.276,-1.017,-1.717,-2.307,-3.189,-3.901,-4.001,
0.0015467,-1.00000,10.27875,0.7304199934,2.3917002678,0.730,2.614,3.6293,1.156,3,0.000,0.535,13.51,9.71,6.71,5.24,4.25,2,-1e-30,0.00,7.500e-01,2.484e-01,2.753e-04,7.638e-05,6.859e-04,-1.000,1.566e-03,-1.765,1.323,0.229,-1.088,-1.800,-2.398,-3.295,-4.017,-4.119,
0.0015467,-1.00000,10.27875,0.7304298282,2.3917043209,0.730,2.654,3.6262,1.104,3,0.000,0.535,15.11,10.68,7.34,5.75,4.66,2,-1e-30,0.00,7.500e-01,2.484e-01,2.753e-04,7.638e-05,6.859e-04,-1.000,1.566e-03,-1.866,1.335,0.184,-1.159,-1.884,-2.492,-3.403,-4.135,-4.240,
0.0015467,-1.00000,10.27875,0.7304388285,2.3917083740,0.730,2.693,3.6233,1.053,3,0.000,0.535,16.83,11.70,8.02,6.28,5.09,2,-1e-30,0.00,7.500e-01,2.484e-01,2.753e-04,7.638e-05,6.859e-04,-1.000,1.566e-03,-1.963,1.346,0.140,-1.228,-1.965,-2.582,-3.507,-4.250,-4.357,
0.0015467,-1.00000,10.27875,0.7304474711,2.3917119503,0.730,2.733,3.6202,1.001,3,0.000,0.535,18.83,12.87,8.78,6.89,5.58,2,-1e-30,0.00,7.500e-01,2.484e-01,2.753e-04,7.638e-05,6.859e-04,-1.000,1.566e-03,-2.063,1.361,0.097,-1.297,-2.048,-2.674,-3.614,-4.368,-4.478,
0.0015467,-1.00000,10.27875,0.7304548025,2.3917152882,0.730,2.769,3.6173,0.953,3,0.000,0.535,20.83,14.02,9.52,7.49,6.07,2,-1e-30,0.00,7.500e-01,2.484e-01,2.753e-04,7.638e-05,6.859e-04,-1.000,1.566e-03,-2.154,1.389,0.067,-1.355,-2.120,-2.757,-3.710,-4.474,-4.587,
0.0015467,-1.00000,10.27875,0.7304621339,2.3917183876,0.730,2.808,3.6143,0.902,3,0.000,0.535,23.20,15.36,10.40,8.18,6.63,2,-1e-30,0.00,7.500e-01,2.484e-01,2.753e-04,7.638e-05,6.859e-04,-1.000,1.566e-03,-2.250,1.419,0.034,-1.417,-2.198,-2.845,-3.813,-4.588,-4.704,
0.0015467,-1.00000,10.27875,0.7304685712,2.3917210102,0.730,2.844,3.6115,0.855,3,0.000,0.535,25.66,16.73,11.28,8.89,7.21,2,-1e-30,0.00,7.500e-01,2.484e-01,2.753e-04,7.638e-05,6.859e-04,-1.000,1.566e-03,-2.340,1.447,0.003,-1.474,-2.270,-2.928,-3.909,-4.693,-4.813,
0.0015467,-1.00000,10.27875,0.7304744124,2.3917236328,0.730,2.879,3.6088,0.809,3,0.000,0.535,28.28,18.17,12.21,9.63,7.81,1,-1e-30,0.00,7.500e-01,2.484e-01,2.753e-04,7.638e-05,6.859e-04,-1.000,1.566e-03,-2.427,1.477,-0.023,-1.527,-2.338,-3.006,-4.002,-4.795,-4.918,
0.0015467,-1.00000,10.27875,0.7304804921,2.3917262554,0.730,2.916,3.6057,0.760,3,0.000,0.535,31.45,19.89,13.30,10.51,8.52,1,-1e-30,0.00,7.500e-01,2.484e-01,2.753e-04,7.638e-05,6.859e-04,-1.000,1.566e-03,-2.521,1.515,-0.050,-1.583,-2.410,-3.090,-4.102,-4.906,-5.033,
0.0015467,-1.00000,10.27875,0.7304865122,2.3917288780,0.730,2.957,3.6025,0.706,3,0.000,0.535,35.23,21.90,14.58,11.54,9.36,1,-1e-30,0.00,7.500e-01,2.484e-01,2.753e-04,7.638e-05,6.859e-04,-1.000,1.566e-03,-2.622,1.553,-0.078,-1.643,-2.488,-3.181,-4.209,-5.024,-5.155,
0.0015467,-1.00000,10.27875,0.7304917574,2.3917310238,0.730,2.993,3.5996,0.658,3,0.000,0.535,39.02,23.88,15.84,12.55,10.18,1,-1e-30,0.00,7.500e-01,2.484e-01,2.753e-04,7.638e-05,6.859e-04,-1.000,1.566e-03,-2.713,1.588,-0.104,-1.697,-2.558,-3.263,-4.305,-5.130,-5.265,
0.0015467,-1.00000,10.27875,0.7304964066,2.3917331696,0.730,3.028,3.5967,0.612,3,0.000,0.535,43.08,25.98,17.17,13.62,11.05,1,-1e-30,0.00,7.500e-01,2.484e-01,2.753e-04,7.638e-05,6.859e-04,-1.000,1.566e-03,-2.801,1.627,-0.123,-1.744,-2.622,-3.340,-4.397,-5.233,-5.372,
0.0015467,-1.00000,10.27875,0.7305014133,2.3917353153,0.730,3.068,3.5935,0.559,3,0.000,0.535,48.17,28.56,18.79,14.93,12.12,1,-1e-30,0.00,7.500e-01,2.484e-01,2.753e-04,7.638e-05,6.859e-04,-1.000,1.566e-03,-2.899,1.671,-0.145,-1.798,-2.695,-3.427,-4.501,-5.349,-5.492,
0.0015467,-1.00000,10.27875,0.7305054665,2.3917369843,0.730,3.102,3.5908,0.515,3,0.000,0.535,52.99,30.97,20.30,16.15,13.11,1,-1e-30,0.00,7.500e-01,2.484e-01,2.753e-04,7.638e-05,6.859e-04,-1.000,1.566e-03,-2.984,1.709,-0.163,-1.844,-2.757,-3.502,-4.590,-5.447,-5.594,
0.0015467,-1.00000,10.27875,0.7305095792,2.3917388916,0.730,3.137,3.5878,0.467,3,0.000,0.535,58.66,33.75,22.05,17.56,14.26,1,-1e-30,0.00,7.500e-01,2.484e-01,2.753e-04,7.639e-05,6.859e-04,-1.000,1.566e-03,-3.074,1.754,-0.175,-1.888,-2.821,-3.580,-4.685,-5.552,-5.703,
0.0015467,-1.00000,10.27875,0.7305135131,2.3917405605,0.730,3.174,3.5848,0.418,3,0.000,0.535,65.13,36.89,24.00,19.14,15.54,1,-1e-30,0.00,7.500e-01,2.484e-01,2.753e-04,7.639e-05,6.859e-04,-1.000,1.566e-03,-3.166,1.804,-0.183,-1.929,-2.884,-3.661,-4.783,-5.660,-5.816,
0.0015467,-1.00000,10.27875,0.7305169106,2.3917419910,0.730,3.207,3.5820,0.374,3,0.000,0.535,71.51,39.93,25.89,20.67,16.79,1,-1e-30,0.00,7.500e-01,2.484e-01,2.753e-04,7.639e-05,6.859e-04,-1.000,1.566e-03,-3.248,1.848,-0.189,-1.966,-2.940,-3.732,-4.870,-5.756,-5.917,
0.0015467,-1.00000,10.27875,0.7305201888,2.3917434216,0.730,3.241,3.5792,0.329,3,0.000,0.535,78.72,43.32,27.98,22.36,18.17,1,-1e-30,0.00,7.500e-01,2.484e-01,2.753e-04,7.639e-05,6.859e-04,-1.000,1.566e-03,-3.332,1.893,-0.194,-2.002,-2.996,-3.805,-4.959,-5.854,-6.019,
0.0015467,-1.00000,10.27875,0.7305234671,2.3917448521,0.730,3.275,3.5763,0.283,3,0.000,0.535,86.80,47.07,30.29,24.24,19.70,1,-1e-30,0.00,7.500e-01,2.484e-01,2.753e-04,7.639e-05,6.859e-04,-1.000,1.566e-03,-3.418,1.932,-0.197,-2.035,-3.050,-3.880,-5.050,-5.954,-6.124,
0.0015467,-1.00000,10.27875,0.7305265069,2.3917460442,0.730,3.309,3.5734,0.238,3,0.000,0.535,95.53,51.06,32.73,26.23,21.32,1,-1e-30,0.00,7.500e-01,2.484e-01,2.753e-04,7.639e-05,6.859e-04,-1.000,1.566e-03,-3.502,1.972,-0.199,-2.066,-3.103,-3.952,-5.139,-6.052,-6.227,
0.0015467,-1.00000,10.27875,0.7305294275,2.3917474747,0.730,3.341,3.5708,0.196,3,0.000,0.535,104.54,55.12,35.21,28.25,22.96,1,-1e-30,0.00,7.500e-01,2.484e-01,2.753e-04,7.639e-05,6.859e-04,-1.000,1.566e-03,-3.582,2.005,-0.202,-2.098,-3.153,-4.020,-5.223,-6.145,-6.324,
0.0015467,-1.00000,10.27875,0.7305306196,2.3917479515,0.730,3.353,3.5699,0.180,3,0.000,0.535,108.16,56.74,36.20,29.05,23.62,1,-1e-30,0.00,7.500e-01,2.484e-01,2.753e-04,7.639e-05,6.859e-04,-1.000,1.566e-03,-3.613,2.016,-0.204,-2.110,-3.173,-4.047,-5.255,-6.180,-6.361,
0.0015467,-1.00000,10.27875,0.7305306196,2.3917479515,0.639,1.640,3.8165,2.821,4,0.000,0.513,0.00,0.00,0.00,0.00,0.00,-1,-1e-30,0.00,7.390e-01,2.594e-01,2.699e-04,8.883e-05,7.035e-04,-1.000,1.566e-03,0.670,1.043,1.028,0.683,0.433,0.192,-0.116,-0.343,-0.369,
0.0015467,-1.00000,10.27875,0.7305778861,2.3917682171,0.639,1.652,3.8136,2.798,4,0.000,0.513,0.00,0.00,0.00,0.00,0.00,-1,-1e-30,0.00,7.390e-01,2.594e-01,2.699e-04,8.883e-05,7.035e-04,-1.000,1.566e-03,0.640,1.023,1.010,0.656,0.401,0.155,-0.160,-0.393,-0.420,
0.0015467,-1.00000,10.27875,0.7306219339,2.3917872906,0.639,1.653,3.8144,2.801,4,0.000,0.513,0.00,0.00,0.00,0.00,0.00,-1,-1e-30,0.00,7.390e-01,2.594e-01,2.699e-04,8.883e-05,7.035e-04,-1.000,1.566e-03,0.638,1.019,1.004,0.653,0.399,0.155,-0.158,-0.389,-0.416,
0.0015467,-1.00000,10.27875,0.7306669354,2.3918066025,0.639,1.652,3.8158,2.806,4,0.000,0.513,0.00,0.00,0.00,0.00,0.00,-1,-1e-30,0.00,7.390e-01,2.594e-01,2.699e-04,8.883e-05,7.035e-04,-1.000,1.566e-03,0.639,1.015,0.999,0.652,0.401,0.159,-0.151,-0.378,-0.405,
0.0015467,-1.00000,10.27875,0.7307112813,2.3918256760,0.639,1.651,3.8176,2.815,4,0.000,0.513,0.00,0.00,0.00,0.00,0.00,-1,-1e-30,0.00,7.390e-01,2.594e-01,2.699e-04,8.883e-05,7.035e-04,-1.000,1.566e-03,0.642,1.012,0.994,0.653,0.405,0.167,-0.139,-0.362,-0.389,
0.0015467,-1.00000,10.27875,0.7307575941,2.3918457031,0.639,1.650,3.8199,2.826,4,0.000,0.513,0.00,0.00,0.00,0.00,0.00,-1,-1e-30,0.00,7.390e-01,2.594e-01,2.699e-04,8.883e-05,7.035e-04,-1.000,1.566e-03,0.646,1.008,0.988,0.654,0.411,0.177,-0.123,-0.342,-0.368,
0.0015467,-1.00000,10.27875,0.7308030725,2.3918652534,0.639,1.648,3.8225,2.838,4,0.000,0.513,0.00,0.00,0.00,0.00,0.00,-1,-1e-30,0.00,7.390e-01,2.594e-01,2.699e-04,8.883e-05,7.035e-04,-1.000,1.566e-03,0.651,1.005,0.983,0.656,0.419,0.189,-0.105,-0.318,-0.344,
0.0015467,-1.00000,10.27875,0.7308494449,2.3918852806,0.640,1.646,3.8252,2.851,4,0.000,0.513,0.00,0.00,0.00,0.00,0.00,-1,-1e-30,0.00,7.390e-01,2.594e-01,2.699e-04,8.883e-05,7.035e-04,-1.000,1.566e-03,0.656,1.003,0.978,0.658,0.427,0.202,-0.086,-0.293,-0.318,
0.0015467,-1.00000,10.27875,0.7308952212,2.3919048309,0.640,1.643,3.8280,2.865,4,0.000,0.513,0.00,0.00,0.00,0.00,0.00,-1,-1e-30,0.00,7.390e-01,2.594e-01,2.699e-04,8.883e-05,7.035e-04,-1.000,1.566e-03,0.662,1.000,0.972,0.661,0.435,0.215,-0.066,-0.267,-0.291,
0.0015467,-1.00000,10.27875,0.7309399247,2.3919241428,0.640,1.641,3.8306,2.877,4,0.000,0.513,0.00,0.00,0.00,0.00,0.00,-1,-1e-30,0.00,7.390e-01,2.594e-01,2.699e-04,8.883e-05,7.035e-04,-1.000,1.566e-03,0.666,0.997,0.966,0.663,0.442,0.227,-0.048,-0.243,-0.267,
0.0015467,-1.00000,10.27875,0.7309881449,2.3919448853,0.640,1.640,3.8331,2.889,4,0.000,0.513,0.00,0.00,0.00,0.00,0.00,-1,-1e-30,0.00,7.390e-01,2.594e-01,2.699e-04,8.883e-05,7.035e-04,-1.000,1.566e-03,0.671,0.995,0.961,0.664,0.449,0.239,-0.030,-0.220,-0.244,
0.0015467,-1.00000,10.27875,0.7310354114,2.3919651508,0.640,1.638,3.8352,2.898,4,0.000,0.513,0.00,0.00,0.00,0.00,0.00,-1,-1e-30,0.00,7.390e-01,2.594e-01,2.699e-04,8.883e-05,7.035e-04,-1.000,1.566e-03,0.674,0.994,0.957,0.666,0.454,0.248,-0.016,-0.202,-0.226,
0.0015467,-1.00000,10.27875,0.7310789227,2.3919839859,0.640,1.637,3.8365,2.905,4,0.000,0.513,0.00,0.00,0.00,0.00,0.00,-1,-1e-30,0.00,7.390e-01,2.594e-01,2.699e-04,8.883e-05,7.035e-04,-1.000,1.566e-03,0.676,0.993,0.954,0.667,0.458,0.254,-0.007,-0.190,-0.213,
0.0015467,-1.00000,10.27875,0.7311249971,2.3920037746,0.640,1.637,3.8373,2.908,4,0.000,0.513,0.00,0.00,0.00,0.00,0.00,-1,-1e-30,0.00,7.390e-01,2.594e-01,2.699e-04,8.883e-05,7.035e-04,-1.000,1.566e-03,0.677,0.992,0.952,0.667,0.460,0.258,-0.002,-0.183,-0.206,
0.0015467,-1.00000,10.27875,0.7311713099,2.3920238018,0.640,1.637,3.8375,2.909,4,0.000,0.513,0.00,0.00,0.00,0.00,0.00,-1,-1e-30,0.00,7.390e-01,2.594e-01,2.699e-04,8.883e-05,7.035e-04,-1.000,1.566e-03,0.678,0.992,0.952,0.667,0.460,0.258,-0.001,-0.182,-0.205,
0.0015467,-1.00000,10.27875,0.7311765552,2.3920259476,0.640,1.637,3.8374,2.909,4,0.000,0.513,0.00,0.00,0.00,0.00,0.00,-1,-1e-30,0.00,7.390e-01,2.594e-01,2.699e-04,8.883e-05,7.035e-04,-1.000,1.566e-03,0.677,0.992,0.952,0.667,0.460,0.258,-0.001,-0.183,-0.206,
0.0015467,-1.00000,10.27875,0.7312183976,2.3920440674,0.640,1.637,3.8368,2.906,4,0.000,0.513,0.00,0.00,0.00,0.00,0.00,-1,-1e-30,0.00,7.390e-01,2.594e-01,2.699e-04,8.883e-05,7.035e-04,-1.000,1.566e-03,0.676,0.992,0.953,0.666,0.458,0.255,-0.006,-0.188,-0.211,
0.0015467,-1.00000,10.27875,0.7312614918,2.3920624256,0.640,1.638,3.8354,2.900,4,0.000,0.513,0.00,0.00,0.00,0.00,0.00,-1,-1e-30,0.00,7.390e-01,2.594e-01,2.699e-04,8.883e-05,7.035e-04,-1.000,1.566e-03,0.674,0.993,0.956,0.665,0.454,0.249,-0.015,-0.200,-0.224,
0.0015467,-1.00000,10.27875,0.7313078642,2.3920824528,0.640,1.640,3.8331,2.889,4,0.000,0.513,0.00,0.00,0.00,0.00,0.00,-1,-1e-30,0.00,7.390e-01,2.594e-01,2.699e-04,8.883e-05,7.035e-04,-1.000,1.566e-03,0.670,0.995,0.960,0.664,0.448,0.238,-0.031,-0.222,-0.245,
0.0015467,-1.00000,10.27875,0.7313547134,2.3921024799,0.640,1.642,3.8302,2.875,4,0.000,0.513,0.00,0.00,0.00,0.00,0.00,-1,-1e-30,0.00,7.390e-01,2.594e-01,2.699e-04,8.883e-05,7.035e-04,-1.000,1.566e-03,0.665,0.997,0.966,0.661,0.439,0.224,-0.052,-0.248,-0.272,
0.0015467,-1.00000,10.27875,0.7313992977,2.3921217918,0.640,1.645,3.8266,2.858,4,0.000,0.513,0.00,0.00,0.00,0.00,0.00,-1,-1e-30,0.00,7.390e-01,2.594e-01,2.699e-04,8.883e-05,7.035e-04,-1.000,1.566e-03,0.658,1.001,0.974,0.659,0.430,0.207,-0.077,-0.281,-0.305,
0.0015467,-1.00000,10.27875,0.7314422131,2.3921401501,0.640,1.648,3.8227,2.839,4,0.000,0.513,0.00,0.00,0.00,0.00,0.00,-1,-1e-30,0.00,7.390e-01,2.594e-01,2.699e-04,8.883e-05,7.035e-04,-1.000,1.566e-03,0.650,1.005,0.982,0.656,0.419,0.189,-0.104,-0.317,-0.342,
0.0015467,-1.00000,10.27875,0.7314890623,2.3921604156,0.640,1.652,3.8181,2.817,4,0.000,0.513,0.00,0.00,0.00,0.00,0.00,-1,-1e-30,0.00,7.390e-01,2.594e-01,2.699e-04,8.883e-05,7.035e-04,-1.000,1.566e-03,0.641,1.009,0.991,0.652,0.405,0.167,-0.137,-0.359,-0.386,
0.0015467,-1.00000,10.27875,0.7315269113,2.3921766281,0.640,1.655,3.8142,2.798,4,0.000,0.513,0.00,0.00,0.00,0.00,0.00,-1,-1e-30,0.00,7.390e-01,2.594e-01,2.699e-04,8.883e-05,7.035e-04,-1.000,1.566e-03,0.633,1.014,0.999,0.648,0.394,0.149,-0.165,-0.396,-0.423,
0.0015467,-1.00000,10.27875,0.7315429449,2.3921835423,0.640,1.657,3.8125,2.790,4,0.000,0.513,0.00,0.00,0.00,0.00,0.00,-1,-1e-30,0.00,7.390e-01,2.594e-01,2.699e-04,8.883e-05,7.035e-04,-1.000,1.566e-03,0.629,1.016,1.003,0.646,0.388,0.140,-0.178,-0.413,-0.440,
0.0015467,-1.00000,10.27875,0.7315853834,2.3922016621,0.640,1.661,3.8079,2.767,4,0.000,0.513,0.00,0.00,0.00,0.00,0.00,-1,-1e-30,0.00,7.390e-01,2.594e-01,2.699e-04,8.883e-05,7.035e-04,-1.000,1.566e-03,0.618,1.021,1.013,0.642,0.374,0.118,-0.211,-0.456,-0.484,
0.0015467,-1.00000,10.27875,0.7316291332,2.3922204971,0.640,1.666,3.8028,2.742,4,0.000,0.513,0.00,0.00,0.00,0.00,0.00,-1,-1e-30,0.00,7.390e-01,2.594e-01,2.699e-04,8.883e-05,7.035e-04,-1.000,1.566e-03,0.606,1.026,1.024,0.637,0.359,0.093,-0.248,-0.503,-0.534,
0.0015467,-1.00000,10.27875,0.7316724062,2.3922390938,0.640,1.671,3.7976,2.716,4,0.000,0.513,0.00,0.00,0.00,0.00,0.00,-1,-1e-30,0.00,7.390e-01,2.594e-01,2.699e-04,8.883e-05,7.035e-04,-1.000,1.566e-03,0.592,1.033,1.036,0.631,0.343,0.067,-0.286,-0.553,-0.585,
0.0015467,-1.00000,10.27875,0.7317150235,2.3922574520,0.641,1.677,3.7927,2.690,4,0.000,0.513,0.00,0.00,0.00,0.00,0.00,-1,-1e-30,0.00,7.390e-01,2.594e-01,2.699e-04,8.883e-05,7.035e-04,-1.000,1.566e-03,0.578,1.040,1.046,0.625,0.326,0.042,-0.324,-0.603,-0.636,
0.0015467,-1.00000,10.27875,0.7317573428,2.3922755718,0.641,1.682,3.7881,2.667,4,0.000,0.513,0.00,0.00,0.00,0.00,0.00,-1,-1e-30,0.00,7.390e-01,2.594e-01,2.699e-04,8.883e-05,7.035e-04,-1.000,1.566e-03,0.565,1.047,1.057,0.620,0.311,0.019,-0.359,-0.647,-0.683,
0.0015467,-1.00000,10.27875,0.7317996621,2.3922936916,0.641,1.689,3.7830,2.639,4,0.000,0.513,0.00,0.00,0.00,0.00,0.00,-1,-1e-30,0.00,7.390e-01,2.594e-01,2.699e-04,8.883e-05,7.035e-04,-1.000,1.566e-03,0.547,1.052,1.065,0.611,0.292,-0.010,-0.400,-0.700,-0.737,
0.0015467,-1.00000,10.27875,0.7318423986,2.3923120499,0.641,1.697,3.7783,2.613,4,0.000,0.513,0.00,0.00,0.00,0.00,0.00,-1,-1e-30,0.00,7.390e-01,2.594e-01,2.699e-04,8.883e-05,7.035e-04,-1.000,1.566e-03,0.527,1.055,1.069,0.599,0.270,-0.040,-0.442,-0.753,-0.791,
0.0015467,-1.00000,10.27875,0.7318843603,2.3923301697,0.641,1.706,3.7741,2.587,4,0.000,0.513,0.00,0.00,0.00,0.00,0.00,-1,-1e-30,0.00,7.390e-01,2.594e-01,2.699e-04,8.883e-05,7.035e-04,-1.000,1.566e-03,0.506,1.059,1.072,0.585,0.248,-0.070,-0.483,-0.805,-0.845,
0.0015467,-1.00000,10.27875,0.7319261432,2.3923480511,0.641,1.715,3.7701,2.562,4,0.000,0.513,0.00,0.00,0.00,0.00,0.00,-1,-1e-30,0.00,7.390e-01,2.594e-01,2.699e-04,8.883e-05,7.035e-04,-1.000,1.566e-03,0.482,1.060,1.071,0.569,0.224,-0.102,-0.526,-0.858,-0.899,
0.0015467,-1.00000,10.27875,0.7319703102,2.3923668861,0.641,1.727,3.7660,2.534,4,0.000,0.513,0.00,0.00,0.00,0.00,0.00,-1,-1e-30,0.00,7.390e-01,2.594e-01,2.699e-04,8.883e-05,7.035e-04,-1.000,1.566e-03,0.454,1.057,1.065,0.549,0.196,-0.138,-0.573,-0.915,-0.958,
0.0015467,-1.00000,10.27875,0.7320101261,2.3923840523,0.641,1.740,3.7618,2.504,4,0.000,0.513,0.00,0.00,0.00,0.00,0.00,-1,-1e-30,0.00,7.390e-01,2.594e-01,2.699e-04,8.883e-05,7.035e-04,-1.000,1.566e-03,0.420,1.048,1.055,0.524,0.162,-0.179,-0.625,-0.977,-1.022,
0.0015467,-1.00000,10.27875,0.7320443988,2.3923988342,0.641,1.760,3.7568,2.464,4,0.000,0.513,0.00,0.00,0.00,0.00,0.00,-1,-1e-30,0.00,7.390e-01,2.594e-01,2.699e-04,8.883e-05,7.035e-04,-1.000,1.566e-03,0.371,1.033,1.035,0.485,0.113,-0.236,-0.696,-1.060,-1.108,
0.0015467,-1.00000,10.27875,0.7320602536,2.3924055099,0.641,1.775,3.7530,2.434,4,0.000,0.513,0.00,0.00,0.00,0.00,0.00,-1,-1e-30,0.00,7.390e-01,2.594e-01,2.699e-04,8.883e-05,7.035e-04,-1.000,1.566e-03,0.333,1.022,1.019,0.455,0.075,-0.281,-0.751,-1.123,-1.173,
0.0015467,-1.00000,10.27875,0.7320711613,2.3924102783,0.641,1.788,3.7499,2.409,4,0.000,0.513,0.00,0.00,0.00,0.00,0.00,-1,-1e-30,0.00,7.390e-01,2.594e-01,2.699e-04,8.883e-05,7.035e-04,-1.000,1.566e-03,0.301,1.013,1.006,0.430,0.044,-0.318,-0.796,-1.176,-1.227,
0.0015467,-1.00000,10.27875,0.7320787311,2.3924133778,0.641,1.798,3.7471,2.387,4,0.000,0.513,0.00,0.00,0.00,0.00,0.00,-1,-1e-30,0.00,7.390e-01,2.594e-01,2.699e-04,8.883e-05,7.035e-04,-1.000,1.566e-03,0.275,1.009,0.997,0.410,0.019,-0.348,-0.834,-1.220,-1.273,
0.0015467,-1.00000,10.27875,0.7320840359,2.3924157619,0.641,1.810,3.7439,2.362,4,0.000,0.513,0.00,0.00,0.00,0.00,0.00,-1,-1e-30,0.00,7.390e-01,2.594e-01,2.699e-04,8.883e-05,7.035e-04,-1.000,1.566e-03,0.244,1.003,0.986,0.387,-0.011,-0.384,-0.878,-1.273,-1.327,
0.0015467,-1.00000,10.27875,0.7320877314,2.3924174309,0.641,1.819,3.7415,2.344,4,0.000,0.513,0.00,0.00,0.00,0.00,0.00,-1,-1e-30,0.00,7.390e-01,2.594e-01,2.699e-04,8.883e-05,7.035e-04,-1.000,1.566e-03,0.222,0.999,0.978,0.370,-0.033,-0.409,-0.911,-1.311,-1.367,
0.0015467,-1.00000,10.27875,0.7320913076,2.3924188614,0.641,1.829,3.7390,2.324,4,0.000,0.513,0.00,0.00,0.00,0.00,0.00,-1,-1e-30,0.00,7.390e-01,2.594e-01,2.699e-04,8.883e-05,7.035e-04,-1.000,1.566e-03,0.198,0.998,0.971,0.353,-0.055,-0.436,-0.945,-1.352,-1.408,
0.0015467,-1.00000,10.27875,0.7320952415,2.3924205303,0.641,1.847,3.7350,2.290,4,0.000,0.513,0.00,0.00,0.00,0.00,0.00,-1,-1e-30,0.00,7.390e-01,2.594e-01,2.699e-04,8.883e-05,7.035e-04,-1.000,1.566e-03,0.153,0.994,0.952,0.317,-0.099,-0.487,-1.007,-1.424,-1.482,
0.0015467,-1.00000,10.27875,0.7320987582,2.3924219608,0.641,1.865,3.7311,2.256,4,0.000,0.513,0.00,0.00,0.00,0.00,0.00,-1,-1e-30,0.00,7.390e-01,2.594e-01,2.699e-04,8.883e-05,7.035e-04,-1.000,1.566e-03,0.107,0.987,0.931,0.280,-0.144,-0.539,-1.070,-1.496,-1.556,
0.0015467,-1.00000,10.27875,0.7321015000,2.3924231529,0.641,1.891,3.7264,2.212,4,0.000,0.513,0.00,0.00,0.00,0.00,0.00,-1,-1e-30,0.00,7.390e-01,2.594e-01,2.699e-04,8.883e-05,7.035e-04,-1.000,1.566e-03,0.043,0.975,0.899,0.227,-0.207,-0.609,-1.154,-1.592,-1.653,
0.0015467,-1.00000,10.27875,0.7321034670,2.3924241066,0.641,1.918,3.7219,2.167,4,0.000,0.513,0.00,0.00,0.00,0.00,0.00,-1,-1e-30,0.00,7.390e-01,2.594e-01,2.699e-04,8.883e-05,7.035e-04,-1.000,1.566e-03,-0.024,0.960,0.864,0.172,-0.271,-0.682,-1.240,-1.689,-1.752,
0.0015467,-1.00000,10.27875,0.7321048379,2.3924245834,0.641,1.947,3.7174,2.120,4,0.000,0.513,0.00,0.00,0.00,0.00,0.00,-1,-1e-30,0.00,7.390e-01,2.594e-01,2.699e-04,8.883e-05,7.035e-04,-1.000,1.566e-03,-0.096,0.944,0.825,0.113,-0.340,-0.759,-1.330,-1.792,-1.856,
0.0015467,-1.00000,10.27875,0.7321058512,2.3924250603,0.641,1.981,3.7124,2.066,4,0.000,0.513,0.00,0.00,0.00,0.00,0.00,-1,-1e-30,0.00,7.390e-01,2.594e-01,2.699e-04,8.883e-05,7.035e-04,-1.000,1.566e-03,-0.182,0.921,0.777,0.042,-0.422,-0.850,-1.436,-1.911,-1.977,
0.0015467,-1.00000,10.27875,0.7321063876,2.3924252987,0.641,2.002,3.7097,2.034,7,0.000,0.513,0.00,0.00,0.00,0.00,0.00,-1,-1.04e-24,0.00,7.390e-01,2.590e-01,2.699e-04,8.883e-05,7.035e-04,-1.000,2.023e-03,-0.234,0.906,0.747,-0.001,-0.471,-0.904,-1.500,-1.982,-2.049,
0.0015467,-1.00000,10.27875,0.7321067452,2.3924255371,0.641,2.018,3.7077,2.010,7,0.000,0.513,0.00,0.00,0.00,0.00,0.00,-1,-1.19e-23,0.00,7.390e-01,2.589e-01,2.699e-04,8.883e-05,7.035e-04,-1.000,2.105e-03,-0.275,0.894,0.723,-0.035,-0.510,-0.946,-1.548,-2.035,-2.103,
0.0015467,-1.00000,10.27875,0.7321074605,2.3924257755,0.641,2.055,3.7032,1.954,7,0.000,0.513,0.00,0.00,0.00,0.00,0.00,-1,-1.36e-10,0.00,7.390e-01,2.579e-01,2.699e-04,8.883e-05,7.035e-04,-1.000,3.143e-03,-0.369,0.868,0.666,-0.114,-0.599,-1.044,-1.659,-2.159,-2.228,
0.0015467,-1.00000,10.27875,0.7321082354,2.3924260139,0.641,2.094,3.6987,1.898,7,0.000,0.513,0.00,0.00,0.00,0.00,0.00,-1,-2.16e-09,0.00,7.390e-01,2.578e-01,2.699e-04,8.883e-05,7.035e-04,-1.000,3.229e-03,-0.465,0.841,0.608,-0.195,-0.690,-1.144,-1.773,-2.286,-2.356,
0.0015467,-1.00000,10.27875,0.7321090102,2.3924264908,0.641,2.134,3.6941,1.839,7,0.000,0.513,0.00,0.00,0.00,0.00,0.00,-1,-2.73e-09,0.00,7.390e-01,2.578e-01,2.699e-04,8.883e-05,7.035e-04,-1.000,3.229e-03,-0.565,0.819,0.551,-0.276,-0.783,-1.246,-1.890,-2.416,-2.488,
0.0015467,-1.00000,10.27875,0.7321097255,2.3924267292,0.641,2.166,3.6906,1.793,7,0.000,0.513,0.00,0.00,0.00,0.00,0.00,-1,-3.31e-09,0.00,7.390e-01,2.578e-01,2.699e-04,8.883e-05,7.035e-04,-1.000,3.229e-03,-0.645,0.799,0.503,-0.343,-0.859,-1.328,-1.985,-2.521,-2.594,
0.0015467,-1.00000,10.27875,0.7321117520,2.3924276829,0.640,2.182,3.6890,1.770,7,0.000,0.513,0.00,0.00,0.00,0.00,0.00,-1,-3.61e-09,0.00,7.390e-01,2.578e-01,2.699e-04,8.883e-05,7.035e-04,-1.000,3.229e-03,-0.685,0.788,0.479,-0.376,-0.896,-1.368,-2.030,-2.572,-2.644,
0.0015467,-1.00000,10.27875,0.7321131229,2.3924281597,0.640,2.160,3.6914,1.802,7,0.000,0.513,0.00,0.00,0.00,0.00,0.00,-1,-3.18e-09,0.00,7.390e-01,2.578e-01,2.699e-04,8.883e-05,7.035e-04,-1.000,3.229e-03,-0.630,0.801,0.511,-0.331,-0.844,-1.312,-1.966,-2.500,-2.572,
0.0015467,-1.00000,10.27875,0.7321159840,2.3924293518,0.639,2.128,3.6949,1.848,7,0.000,0.513,0.00,0.00,0.00,0.00,0.00,-1,-2.64e-09,0.00,7.390e-01,2.578e-01,2.699e-04,8.883e-05,7.035e-04,-1.000,3.229e-03,-0.550,0.821,0.559,-0.264,-0.770,-1.230,-1.872,-2.396,-2.467,
0.0015467,-1.00000,10.27875,0.7321345806,2.3924374580,0.637,2.117,3.6960,1.861,7,0.000,0.513,0.00,0.00,0.00,0.00,0.00,-1,-2.54e-09,0.00,7.390e-01,2.578e-01,2.699e-04,8.883e-05,7.035e-04,-1.000,3.229e-03,-0.523,0.829,0.575,-0.242,-0.744,-1.203,-1.841,-2.361,-2.432,
0.0015467,-1.00000,10.27875,0.7321550846,2.3924462795,0.634,2.145,3.6927,1.818,7,0.000,0.513,0.00,0.00,0.00,0.00,0.00,-1,-3.05e-09,0.00,7.390e-01,2.578e-01,2.699e-04,8.883e-05,7.035e-04,-1.000,3.229e-03,-0.593,0.816,0.536,-0.299,-0.810,-1.274,-1.924,-2.454,-2.526,
0.0015467,-1.00000,10.27875,0.7321711779,2.3924531937,0.631,2.181,3.6887,1.763,7,0.000,0.513,0.00,0.00,0.00,0.00,0.00,-1,-3.81e-09,0.00,7.390e-01,2.578e-01,2.699e-04,8.883e-05,7.035e-04,-1.000,3.229e-03,-0.684,0.796,0.483,-0.373,-0.894,-1.367,-2.030,-2.572,-2.645,
0.0015467,-1.00000,10.27875,0.7321889400,2.3924608231,0.626,2.223,3.6844,1.702,7,0.000,0.513,0.00,0.00,0.00,0.00,0.00,-1,-4.93e-09,0.00,7.390e-01,2.578e-01,2.699e-04,8.883e-05,7.035e-04,-1.000,3.229e-03,-0.786,0.781,0.426,-0.457,-0.990,-1.470,-2.149,-2.705,-2.779,
0.0015467,-1.00000,10.27875,0.7322053909,2.3924677372,0.621,2.264,3.6802,1.640,7,0.000,0.513,0.00,0.00,0.00,0.00,0.00,-1,-6.42e-09,0.00,7.390e-01,2.578e-01,2.699e-04,8.883e-05,7.035e-04,-1.000,3.229e-03,-0.890,0.779,0.373,-0.546,-1.090,-1.578,-2.271,-2.838,-2.911,
0.0015467,-1.00000,10.27875,0.7322197556,2.3924739361,0.615,2.305,3.6761,1.578,7,0.000,0.513,0.00,0.00,0.00,0.00,0.00,-1,-8.37e-09,0.00,7.390e-01,2.578e-01,2.699e-04,8.883e-05,7.035e-04,-1.000,3.215e-03,-0.994,0.784,0.323,-0.633,-1.189,-1.683,-2.390,-2.967,-3.041,
0.0015467,-1.00000,10.27875,0.7322322726,2.3924791813,0.609,2.346,3.6721,1.516,7,0.000,0.513,0.00,0.00,0.00,0.00,0.00,-1,-1.09e-08,0.00,7.390e-01,2.578e-01,2.699e-04,8.884e-05,7.035e-04,-1.000,3.168e-03,-1.096,0.791,0.275,-0.718,-1.287,-1.788,-2.507,-3.094,-3.169,
0.0015467,-1.00000,10.27875,0.7322434187,2.3924841881,0.601,2.387,3.6682,1.454,7,0.000,0.513,0.00,0.00,0.00,0.00,0.00,-1,-1.42e-08,0.00,7.390e-01,2.579e-01,2.698e-04,8.884e-05,7.035e-04,-1.000,3.119e-03,-1.199,0.807,0.232,-0.801,-1.384,-1.892,-2.625,-3.222,-3.297,
0.0015467,-1.00000,10.27875,0.7322533131,2.3924882412,0.592,2.429,3.6642,1.390,7,0.000,0.512,0.00,0.00,0.00,0.00,0.00,-1,-1.86e-08,0.00,7.390e-01,2.579e-01,2.695e-04,8.891e-05,7.035e-04,-1.000,3.066e-03,-1.301,0.833,0.192,-0.883,-1.479,-1.994,-2.743,-3.348,-3.425,
0.0015467,-1.00000,10.27875,0.7322554588,2.3924891949,0.589,2.438,3.6633,1.376,7,0.000,0.512,0.00,0.00,0.00,0.00,0.00,-1,-1.98e-08,0.00,7.390e-01,2.580e-01,2.694e-04,8.894e-05,7.035e-04,-1.000,3.052e-03,-1.325,0.840,0.184,-0.901,-1.501,-2.018,-2.769,-3.377,-3.455,
0.0015467,-1.00000,10.27875,0.7322567105,2.3924896717,0.588,2.444,3.6628,1.367,7,0.000,0.512,0.00,0.00,0.00,0.00,0.00,-1,-2.06e-08,0.00,7.390e-01,2.580e-01,2.694e-04,8.896e-05,7.035e-04,-1.000,3.043e-03,-1.339,0.845,0.179,-0.913,-1.514,-2.033,-2.786,-3.395,-3.473,
0.0015467,-1.00000,10.27875,0.7322642207,2.3924930096,0.578,2.481,3.6592,1.307,7,0.000,0.509,0.00,0.00,0.00,0.00,0.00,-1,-2.69e-08,0.00,7.390e-01,2.580e-01,2.682e-04,8.954e-05,7.035e-04,-1.000,2.992e-03,-1.433,0.878,0.147,-0.986,-1.601,-2.126,-2.894,-3.511,-3.590,
0.0015467,-1.00000,10.27875,0.7322711945,2.3924958706,0.565,2.519,3.6557,1.246,7,0.000,0.504,10.38,7.73,5.37,4.22,3.41,2,-3.54e-08,0.00,7.390e-01,2.581e-01,2.658e-04,9.141e-05,7.035e-04,-1.000,2.934e-03,-1.527,0.903,0.111,-1.055,-1.683,-2.216,-2.999,-3.626,-3.708,
0.0015467,-1.00000,10.27875,0.7322776318,2.3924987316,0.549,2.556,3.6521,1.182,7,0.000,0.496,11.83,8.61,5.94,4.69,3.79,2,-4.69e-08,0.00,7.390e-01,2.581e-01,2.617e-04,9.558e-05,7.035e-04,-1.000,2.903e-03,-1.620,0.924,0.074,-1.122,-1.763,-2.305,-3.103,-3.741,-3.825,
0.0015467,-1.00000,10.27875,0.7322838902,2.3925013542,0.529,2.594,3.6512,1.125,7,0.000,0.485,13.27,9.47,6.50,5.14,4.15,1,-6.35e-08,0.00,7.390e-01,2.582e-01,2.560e-04,1.021e-04,7.035e-04,-1.000,2.835e-03,-1.714,0.883,0.004,-1.208,-1.854,-2.400,-3.202,-3.842,-3.927,
0.0015467,-1.00000,10.27875,0.7322883010,2.3925032616,0.510,2.622,3.6664,1.141,7,0.000,0.476,12.69,9.10,6.26,4.95,4.00,1,-7.69e-08,0.00,7.389e-01,2.582e-01,2.514e-04,1.077e-04,7.035e-04,-1.000,2.865e-03,-1.784,0.398,-0.285,-1.373,-1.971,-2.486,-3.227,-3.822,-3.898,
0.0015467,-1.00000,10.27875,0.7322897315,2.3925039768,0.497,2.631,3.6749,1.155,7,0.000,0.471,12.24,8.82,6.07,4.81,3.88,1,-8.03e-08,0.00,7.389e-01,2.582e-01,2.486e-04,1.111e-04,7.035e-04,-1.000,2.892e-03,-1.808,0.127,-0.436,-1.440,-2.009,-2.509,-3.219,-3.794,-3.867,
0.0015467,-1.00000,10.27875,1.0965409279,2.4910964966,0.544,-9.999,3.4590,7.957,9,0.545,0.000,0.00,0.00,0.00,0.00,0.00,-1,-1e-30,0.00,7.252e-01,2.732e-01,2.244e-04,1.654e-04,7.173e-04,-1.000,1.584e-03,29.767,38.360,35.305,33.327,31.223,29.220,27.690,27.361,27.273,
