Zini,MH,logAge,Mini,int_IMF,Mass,logL,logTe,logg,label,McoreTP,C_O,period0,period1,period2,period3,period4,pmode,Mloss,tau1m,X,Y,Xc,Xn,Xo,Cexcess,Z,mbolmag,Gmag,G_BPbrmag,G_BPftmag,G_RPmag
0.00024632,-1.80000,10.07918,0.0900000036,1.0816895962,0.090,-3.197,3.4849,5.480,1,0.000,0.545,0.00,0.00,0.00,0.00,0.00,-1,-4.85e-17,0.00,7.483e-01,2.514e-01,4.823e-05,1.301e-05,1.180e-04,-1.000,2.681e-04,12.762,13.502,15.180,15.222,12.306
0.00024632,-1.80000,10.07918,0.0963150561,1.1395660639,0.096,-2.964,3.5190,5.414,1,0.000,0.545,0.00,0.00,0.00,0.00,0.00,-1,-8.65e-17,0.00,7.467e-01,2.530e-01,4.823e-05,1.301e-05,1.180e-04,-1.000,2.682e-04,12.180,12.778,14.050,14.099,11.700
0.00024632,-1.80000,10.07918,0.1000000015,1.1711064577,0.100,-2.835,3.5378,5.377,1,0.000,0.545,0.00,0.00,0.00,0.00,0.00,-1,-1.19e-16,0.00,7.458e-01,2.540e-01,4.823e-05,1.301e-05,1.180e-04,-1.000,2.681e-04,11.858,12.372,13.490,13.539,11.354
0.00024632,-1.80000,10.07918,0.1199999973,1.3193154335,0.120,-2.543,3.5687,5.286,1,0.000,0.545,0.00,0.00,0.00,0.00,0.00,-1,-2.37e-16,0.00,7.427e-01,2.571e-01,4.823e-05,1.301e-05,1.180e-04,-1.000,2.682e-04,11.126,11.507,12.431,12.480,10.577
0.00024632,-1.80000,10.07918,0.1400000006,1.4384527206,0.140,-2.359,3.5835,5.229,1,0.000,0.545,0.00,0.00,0.00,0.00,0.00,-1,-3.57e-16,0.00,7.405e-01,2.592e-01,4.823e-05,1.301e-05,1.180e-04,-1.000,2.682e-04,10.667,10.992,11.842,11.890,10.101
0.00024632,-1.80000,10.07918,0.1599999964,1.5372931957,0.160,-2.215,3.5932,5.182,1,0.000,0.545,0.00,0.00,0.00,0.00,0.00,-1,-4.91e-16,0.00,7.391e-01,2.606e-01,4.823e-05,1.301e-05,1.180e-04,-1.000,2.682e-04,10.307,10.598,11.405,11.451,9.733
0.00024632,-1.80000,10.07918,0.2000000179,1.6938792467,0.200,-1.994,3.6056,5.107,1,0.000,0.545,0.00,0.00,0.00,0.00,0.00,-1,-7.96e-16,0.00,7.382e-01,2.615e-01,4.823e-05,1.301e-05,1.180e-04,-1.000,2.682e-04,9.755,10.006,10.759,10.804,9.172
0.00024632,-1.80000,10.07918,0.2500000000,1.8403258324,0.250,-1.792,3.6166,5.047,1,0.000,0.545,0.00,0.00,0.00,0.00,0.00,-1,-9.84e-16,0.00,7.384e-01,2.613e-01,4.822e-05,1.301e-05,1.180e-04,-1.000,2.681e-04,9.251,9.466,10.175,10.219,8.659
0.00024632,-1.80000,10.07918,0.3000000417,1.9529141188,0.300,-1.638,3.6256,5.007,1,0.000,0.545,0.00,0.00,0.00,0.00,0.00,-1,-1.66e-15,0.00,7.385e-01,2.612e-01,4.821e-05,1.301e-05,1.180e-04,-1.000,2.682e-04,8.864,9.051,9.725,9.768,8.267
0.00024632,-1.80000,10.07918,0.3499999940,2.0434174538,0.350,-1.511,3.6337,4.980,1,0.000,0.544,0.00,0.00,0.00,0.00,0.00,-1,-2.12e-15,0.00,7.383e-01,2.614e-01,4.819e-05,1.301e-05,1.180e-04,-1.000,2.682e-04,8.548,8.709,9.354,9.396,7.945
0.00024632,-1.80000,10.07918,0.4000000060,2.1185026169,0.400,-1.380,3.6434,4.946,1,0.000,0.545,0.00,0.00,0.00,0.00,0.00,-1,-2.79e-15,0.00,7.503e-01,2.494e-01,4.823e-05,1.301e-05,1.180e-04,-1.000,2.682e-04,8.220,8.353,8.965,9.005,7.613
0.00024632,-1.80000,10.07918,0.4500000477,2.1822810173,0.450,-1.219,3.6597,4.901,1,0.000,0.545,0.00,0.00,0.00,0.00,0.00,-1,-4.01e-15,0.00,7.506e-01,2.491e-01,4.823e-05,1.301e-05,1.180e-04,-1.000,2.682e-04,7.818,7.905,8.464,8.502,7.205
0.00024632,-1.80000,10.07918,0.5000000000,2.2374541759,0.500,-1.039,3.6799,4.848,1,0.000,0.545,0.00,0.00,0.00,0.00,0.00,-1,-6.12e-15,0.00,7.506e-01,2.491e-01,4.823e-05,1.301e-05,1.180e-04,-1.000,2.682e-04,7.367,7.406,7.905,7.939,6.754
0.00024632,-1.80000,10.07918,0.5500000715,2.2836585045,0.550,-0.831,3.7016,4.767,1,0.000,0.544,0.00,0.00,0.00,0.00,0.00,-1,-1.03e-14,0.00,7.848e-01,2.151e-01,4.204e-05,1.135e-05,1.030e-04,-1.000,1.689e-04,6.847,6.845,7.288,7.317,6.241
0.00024632,-1.80000,10.07918,0.6000000238,2.3211214542,0.600,-0.621,3.7277,4.700,1,0.000,0.544,0.00,0.00,0.00,0.00,0.00,-1,-1.73e-14,0.00,7.968e-01,2.030e-01,3.998e-05,1.080e-05,9.805e-05,-1.000,2.031e-04,6.322,6.291,6.675,6.698,5.742
0.00024632,-1.80000,10.07918,0.6089505553,2.3270854950,0.609,-0.582,3.7331,4.688,1,0.000,0.543,0.00,0.00,0.00,0.00,0.00,-1,-1.91e-14,0.00,7.994e-01,2.004e-01,3.954e-05,1.068e-05,9.700e-05,-1.000,2.178e-04,6.224,6.189,6.561,6.583,5.651
0.00024632,-1.80000,10.07918,0.6199614406,2.3341512680,0.620,-0.533,3.7397,4.673,1,0.000,0.543,0.00,0.00,0.00,0.00,0.00,-1,-2.15e-14,0.00,8.028e-01,1.970e-01,3.898e-05,1.053e-05,9.565e-05,-1.000,2.313e-04,6.102,6.063,6.421,6.442,5.539
0.00024632,-1.80000,10.07918,0.6306080818,2.3407144547,0.630,-0.485,3.7460,4.659,1,0.000,0.543,0.00,0.00,0.00,0.00,0.00,-1,-2.42e-14,0.00,8.062e-01,1.936e-01,3.841e-05,1.038e-05,9.429e-05,-1.000,2.400e-04,5.983,5.943,6.288,6.307,5.431
0.00024632,-1.80000,10.07918,0.6404981017,2.3465867043,0.640,-0.440,3.7517,4.644,1,0.000,0.543,0.00,0.00,0.00,0.00,0.00,-1,-1.31e-16,0.00,8.095e-01,1.902e-01,3.786e-05,1.023e-05,9.296e-05,-1.000,2.311e-04,5.871,5.831,6.164,6.182,5.332
0.00024632,-1.80000,10.07918,0.6496865153,2.3518586159,0.649,-0.399,3.7570,4.629,1,0.000,0.543,0.00,0.00,0.00,0.00,0.00,-1,-2.4e-14,0.00,8.128e-01,1.870e-01,3.732e-05,1.009e-05,9.170e-05,-1.000,2.029e-04,5.766,5.726,6.048,6.065,5.239
0.00024632,-1.80000,10.07918,0.6499999762,2.3520355225,0.650,-0.397,3.7572,4.628,1,0.000,0.543,0.00,0.00,0.00,0.00,0.00,-1,-3.02e-14,0.00,8.129e-01,1.869e-01,3.731e-05,1.009e-05,9.165e-05,-1.000,2.301e-04,5.762,5.722,6.044,6.061,5.236
0.00024632,-1.80000,10.07918,0.6562289000,2.3555090427,0.656,-0.368,3.7606,4.617,1,0.000,0.543,0.00,0.00,0.00,0.00,0.00,-1,-3.25e-14,0.00,8.156e-01,1.841e-01,3.685e-05,9.967e-06,9.057e-05,-1.000,2.455e-04,5.691,5.651,5.965,5.982,5.172
0.00024632,-1.80000,10.07918,0.6682723761,2.3620145321,0.668,-0.312,3.7670,4.595,1,0.000,0.542,0.00,0.00,0.00,0.00,0.00,-1,-3.77e-14,0.00,8.213e-01,1.785e-01,3.593e-05,9.720e-06,8.836e-05,-1.000,2.367e-04,5.550,5.512,5.814,5.829,5.046
0.00024632,-1.80000,10.07918,0.6793372631,2.3677580357,0.679,-0.259,3.7728,4.572,1,0.000,0.542,0.00,0.00,0.00,0.00,0.00,-1,-3.35e-14,0.00,8.268e-01,1.730e-01,3.502e-05,9.478e-06,8.618e-05,-1.000,2.106e-04,5.417,5.382,5.672,5.687,4.928
0.00024632,-1.80000,10.07918,0.6898880005,2.3730378151,0.690,-0.206,3.7782,4.548,1,0.000,0.541,0.00,0.00,0.00,0.00,0.00,-1,-1.31e-14,0.00,8.325e-01,1.673e-01,3.409e-05,9.231e-06,8.397e-05,-1.000,1.624e-04,5.286,5.253,5.534,5.547,4.812
0.00024632,-1.80000,10.07918,0.6997185349,2.3777928352,0.699,-0.156,3.7832,4.523,1,0.000,0.541,0.00,0.00,0.00,0.00,0.00,-1,-4.69e-14,0.00,8.381e-01,1.617e-01,3.317e-05,8.987e-06,8.178e-05,-1.000,2.165e-04,5.160,5.130,5.401,5.413,4.699
0.00024632,-1.80000,10.07918,0.6999999881,2.3779268265,0.700,-0.154,3.7833,4.522,1,0.000,0.541,0.00,0.00,0.00,0.00,0.00,-1,-5.75e-14,0.00,8.382e-01,1.616e-01,3.315e-05,8.979e-06,8.171e-05,-1.000,2.188e-04,5.156,5.126,5.397,5.410,4.695
0.00024632,-1.80000,10.07918,0.7005032897,2.3781659603,0.700,-0.152,3.7835,4.521,1,0.000,0.541,0.00,0.00,0.00,0.00,0.00,-1,-5.79e-14,0.00,8.385e-01,1.613e-01,3.309e-05,8.966e-06,8.160e-05,-1.000,2.219e-04,5.150,5.120,5.390,5.403,4.689
0.00024632,-1.80000,10.07918,0.7101446986,2.3826708794,0.710,-0.100,3.7881,4.493,1,0.000,0.538,0.00,0.00,0.00,0.00,0.00,-1,-6.69e-14,0.00,8.441e-01,1.557e-01,3.210e-05,8.724e-06,7.946e-05,-1.000,2.066e-04,5.019,4.991,5.253,5.265,4.571
0.00024632,-1.80000,10.07918,0.7186080813,2.3865113258,0.718,-0.051,3.7921,4.466,1,0.000,0.537,0.00,0.00,0.00,0.00,0.00,-1,-7.67e-14,0.00,8.488e-01,1.510e-01,3.129e-05,8.528e-06,7.771e-05,-1.000,1.933e-04,4.898,4.872,5.127,5.138,4.461
0.00024632,-1.80000,10.07918,0.7269651890,2.3902025223,0.726,-0.001,3.7959,4.436,1,0.000,0.535,0.00,0.00,0.00,0.00,0.00,-1,-8.86e-14,0.00,8.531e-01,1.467e-01,3.056e-05,8.351e-06,7.617e-05,-1.000,1.544e-04,4.773,4.748,4.996,5.007,4.345
0.00024632,-1.80000,10.07918,0.7341432571,2.3932960033,0.734,0.045,3.7991,4.407,1,0.000,0.533,0.00,0.00,0.00,0.00,0.00,-1,-1.01e-13,0.00,8.564e-01,1.434e-01,3.001e-05,8.220e-06,7.502e-05,-1.000,1.525e-04,4.659,4.635,4.877,4.888,4.239
0.00024632,-1.80000,10.07918,0.7410975695,2.3962275982,0.741,0.091,3.8020,4.376,1,0.000,0.532,0.00,0.00,0.00,0.00,0.00,-1,-4.79e-14,0.00,8.593e-01,1.405e-01,2.953e-05,8.107e-06,7.404e-05,-1.000,1.852e-04,4.542,4.519,4.756,4.766,4.130
0.00024632,-1.80000,10.07918,0.7480527163,2.3990967274,0.747,0.141,3.8049,4.342,1,0.000,0.530,0.00,0.00,0.00,0.00,0.00,-1,-3.08e-14,0.00,8.619e-01,1.378e-01,2.911e-05,8.007e-06,7.317e-05,-1.000,2.202e-04,4.417,4.394,4.626,4.636,4.012
0.00024632,-1.80000,10.07918,0.7500000000,2.3998889923,0.749,0.156,3.8056,4.331,1,0.000,0.530,0.00,0.00,0.00,0.00,0.00,-1,-1.41e-13,0.00,8.626e-01,1.371e-01,2.900e-05,7.982e-06,7.295e-05,-1.000,2.227e-04,4.380,4.358,4.588,4.598,3.977
0.00024632,-1.80000,10.07918,0.7528932095,2.4010574818,0.752,0.178,3.8069,4.316,1,0.000,0.530,0.00,0.00,0.00,0.00,0.00,-1,-1.51e-13,0.00,8.630e-01,1.368e-01,2.898e-05,7.979e-06,7.294e-05,-1.000,2.180e-04,4.326,4.303,4.531,4.541,3.925
0.00024632,-1.80000,10.07918,0.7594544888,2.4036698341,0.759,0.231,3.8095,4.277,1,0.000,0.529,0.00,0.00,0.00,0.00,0.00,-1,-1.77e-13,0.00,8.638e-01,1.361e-01,2.896e-05,7.975e-06,7.294e-05,-1.000,1.454e-04,4.192,4.169,4.393,4.403,3.797
0.00024632,-1.80000,10.07918,0.7654582858,2.4060149193,0.765,0.284,3.8115,4.235,1,0.000,0.529,0.00,0.00,0.00,0.00,0.00,-1,-2.09e-13,0.00,8.644e-01,1.354e-01,2.895e-05,7.975e-06,7.297e-05,-1.000,1.492e-04,4.060,4.036,4.256,4.266,3.669
0.00024632,-1.80000,10.07918,0.7710509896,2.4081616402,0.770,0.337,3.8130,4.192,1,0.000,0.529,0.00,0.00,0.00,0.00,0.00,-1,-2.47e-13,0.00,8.637e-01,1.362e-01,2.914e-05,8.031e-06,7.348e-05,-1.000,1.539e-04,3.928,3.904,4.121,4.131,3.541
0.00024632,-1.80000,10.07918,0.7748826146,2.4096119404,0.774,0.375,3.8135,4.158,1,0.000,0.529,0.00,0.00,0.00,0.00,0.00,-1,-2.81e-13,0.00,8.629e-01,1.370e-01,2.933e-05,8.082e-06,7.395e-05,-1.000,1.570e-04,3.832,3.807,4.023,4.033,3.445
0.00024632,-1.80000,10.07918,0.7761428356,2.4100854397,0.775,0.389,3.8134,4.144,1,0.000,0.529,0.00,0.00,0.00,0.00,0.00,-1,-2.95e-13,0.00,8.626e-01,1.373e-01,2.939e-05,8.099e-06,7.411e-05,-1.000,1.575e-04,3.797,3.771,3.988,3.997,3.410
0.00024632,-1.80000,10.07918,0.7810258269,2.4119031429,0.780,0.447,3.8119,4.083,1,0.000,0.529,0.00,0.00,0.00,0.00,0.00,-1,-3.58e-13,0.00,8.615e-01,1.383e-01,2.963e-05,8.166e-06,7.472e-05,-1.000,1.598e-04,3.653,3.626,3.843,3.853,3.261
0.00024632,-1.80000,10.07918,0.7847222686,2.4132616520,0.783,0.497,3.8089,4.023,1,0.000,0.529,0.00,0.00,0.00,0.00,0.00,-1,-4.31e-13,0.00,8.607e-01,1.392e-01,2.981e-05,8.216e-06,7.518e-05,-1.000,1.614e-04,3.528,3.498,3.721,3.731,3.129
0.00024632,-1.80000,10.07918,0.7853510976,2.4134914875,0.784,0.506,3.8082,4.011,1,0.000,0.529,0.00,0.00,0.00,0.00,0.00,-1,-4.47e-13,0.00,8.605e-01,1.393e-01,2.985e-05,8.225e-06,7.526e-05,-1.000,1.617e-04,3.505,3.475,3.698,3.708,3.103
0.00024632,-1.80000,10.07918,0.7859975696,2.4137270451,0.785,0.517,3.8071,3.996,2,0.000,0.529,0.00,0.00,0.00,0.00,0.00,-1,-4.67e-13,0.00,8.604e-01,1.394e-01,2.988e-05,8.234e-06,7.534e-05,-1.000,1.620e-04,3.478,3.448,3.673,3.684,3.075
0.00024632,-1.80000,10.07918,0.7881715894,2.4145164490,0.787,0.555,3.8021,3.939,2,0.000,0.529,0.00,0.00,0.00,0.00,0.00,-1,-5.41e-13,0.00,8.599e-01,1.399e-01,2.998e-05,8.263e-06,7.561e-05,-1.000,1.629e-04,3.383,3.351,3.583,3.594,2.967
0.00024632,-1.80000,10.07918,0.7898349762,2.4151170254,0.788,0.589,3.7959,3.881,2,0.000,0.529,0.00,0.00,0.00,0.00,0.00,-1,-6.25e-13,0.00,8.594e-01,1.404e-01,3.011e-05,8.298e-06,7.594e-05,-1.000,1.637e-04,3.297,3.263,3.506,3.518,2.867
0.00024632,-1.80000,10.07918,0.7911377549,2.4155852795,0.790,0.620,3.7885,3.821,2,0.000,0.529,0.00,0.00,0.00,0.00,0.00,-1,-7.19e-13,0.00,8.584e-01,1.414e-01,3.039e-05,8.373e-06,7.662e-05,-1.000,1.715e-04,3.219,3.185,3.439,3.452,2.773
0.00024632,-1.80000,10.07918,0.7921880484,2.4159615040,0.791,0.648,3.7804,3.762,2,0.000,0.529,0.00,0.00,0.00,0.00,0.00,-1,-8.2e-13,0.00,8.519e-01,1.479e-01,3.196e-05,8.803e-06,8.050e-05,-1.000,1.766e-04,3.150,3.115,3.383,3.396,2.687
0.00024632,-1.80000,10.07918,0.7930692434,2.4162762165,0.791,0.674,3.7723,3.704,2,0.000,0.531,0.00,0.00,0.00,0.00,0.00,-1,-9.29e-13,0.00,8.345e-01,1.653e-01,3.500e-05,9.624e-06,8.788e-05,-1.000,1.848e-04,3.086,3.050,3.333,3.348,2.606
0.00024632,-1.80000,10.07918,0.7938465476,2.4165532589,0.792,0.699,3.7647,3.648,2,0.000,0.533,0.00,0.00,0.00,0.00,0.00,-1,-5.24e-13,0.00,8.081e-01,1.916e-01,3.881e-05,1.064e-05,9.700e-05,-1.000,2.159e-04,3.022,2.987,3.283,3.299,2.526
0.00024632,-1.80000,10.07918,0.7945361137,2.4167985916,0.793,0.728,3.7578,3.592,2,0.000,0.535,0.00,0.00,0.00,0.00,0.00,-1,-4.42e-13,0.00,7.906e-01,2.092e-01,4.136e-05,1.133e-05,1.031e-04,-1.000,1.992e-04,2.951,2.917,3.226,3.243,2.442
0.00024632,-1.80000,10.07918,0.7952189445,2.4170410633,0.793,0.765,3.7514,3.530,2,0.000,0.536,0.00,0.00,0.00,0.00,0.00,-1,-5.82e-13,0.00,7.800e-01,2.198e-01,4.294e-05,1.175e-05,1.069e-04,-1.000,2.443e-04,2.858,2.826,3.148,3.165,2.339
0.00024632,-1.80000,10.07918,0.7957578897,2.4172317982,0.794,0.802,3.7472,3.477,2,0.000,0.536,0.00,0.00,0.00,0.00,0.00,-1,-7.43e-13,0.00,7.747e-01,2.251e-01,4.373e-05,1.196e-05,1.087e-04,-1.000,2.554e-04,2.765,2.735,3.065,3.083,2.239
0.00024632,-1.80000,10.07918,0.7961263061,2.4173622131,0.794,0.831,3.7446,3.438,2,0.000,0.536,0.00,0.00,0.00,0.00,0.00,-1,-8.88e-13,0.00,7.719e-01,2.279e-01,4.414e-05,1.207e-05,1.097e-04,-1.000,2.455e-04,2.694,2.665,3.000,3.018,2.163
0.00024632,-1.80000,10.07918,0.7962945700,2.4174218178,0.794,0.845,3.7436,3.419,3,0.000,0.536,0.00,0.00,0.00,0.00,0.00,-1,-9.7e-13,0.00,7.709e-01,2.289e-01,4.428e-05,1.211e-05,1.101e-04,-1.000,1.814e-04,2.657,2.628,2.965,2.983,2.125
0.00024632,-1.80000,10.07918,0.7967463136,2.4175813198,0.795,0.887,3.7413,3.368,3,0.000,0.537,0.00,0.00,0.00,0.00,0.00,-1,-1.22e-12,0.00,7.684e-01,2.313e-01,4.462e-05,1.220e-05,1.109e-04,-1.000,2.662e-04,2.552,2.525,2.866,2.885,2.016
0.00024632,-1.80000,10.07918,0.7972404361,2.4177556038,0.795,0.937,3.7390,3.310,3,0.000,0.537,0.00,0.00,0.00,0.00,0.00,-1,-1.6e-12,0.00,7.661e-01,2.337e-01,4.491e-05,1.227e-05,1.116e-04,-1.000,2.567e-04,2.428,2.402,2.747,2.767,1.889
0.00024632,-1.80000,10.07918,0.7976601720,2.4179034233,0.796,0.982,3.7373,3.258,3,0.000,0.537,0.00,0.00,0.00,0.00,0.00,-1,-2.03e-12,0.00,7.642e-01,2.355e-01,4.510e-05,1.233e-05,1.120e-04,-1.000,2.563e-04,2.315,2.291,2.639,2.659,1.774
0.00024632,-1.80000,10.07918,0.7980613112,2.4180445671,0.796,1.028,3.7356,3.205,3,0.000,0.537,0.00,0.00,0.00,0.00,0.00,-1,-2.58e-12,0.00,7.627e-01,2.371e-01,4.527e-05,1.237e-05,1.124e-04,-1.000,2.681e-04,2.200,2.177,2.529,2.548,1.658
0.00024632,-1.80000,10.07918,0.7984688878,2.4181878567,0.796,1.078,3.7340,3.149,3,0.000,0.537,0.00,0.00,0.00,0.00,0.00,-1,-3.34e-12,0.00,7.609e-01,2.388e-01,4.541e-05,1.242e-05,1.128e-04,-1.000,2.681e-04,2.074,2.053,2.408,2.428,1.531
0.00024632,-1.80000,10.07918,0.7988435030,2.4183194637,0.797,1.128,3.7325,3.093,3,0.000,0.537,0.00,0.00,0.00,0.00,0.00,-1,-4.28e-12,0.00,7.594e-01,2.403e-01,4.551e-05,1.245e-05,1.131e-04,-1.000,2.664e-04,1.950,1.930,2.287,2.308,1.405
0.00024632,-1.80000,10.07918,0.7991799712,2.4184374809,0.797,1.177,3.7310,3.038,3,0.000,0.536,0.00,0.00,0.00,0.00,0.00,-1,-5.42e-12,0.00,7.581e-01,2.417e-01,4.557e-05,1.248e-05,1.133e-04,-1.000,2.587e-04,1.828,1.810,2.170,2.190,1.282
0.00024632,-1.80000,10.07918,0.7994741201,2.4185404778,0.797,1.223,3.7295,2.987,3,0.000,0.536,0.00,0.00,0.00,0.00,0.00,-1,-6.76e-12,0.00,7.569e-01,2.428e-01,4.559e-05,1.251e-05,1.135e-04,-1.000,2.539e-04,1.713,1.696,2.059,2.079,1.165
0.00024632,-1.80000,10.07918,0.7997607589,2.4186408520,0.797,1.272,3.7280,2.932,3,0.000,0.535,0.00,0.00,0.00,0.00,0.00,-1,-8.51e-12,0.00,7.557e-01,2.440e-01,4.557e-05,1.255e-05,1.136e-04,-1.000,2.676e-04,1.591,1.575,1.940,1.962,1.042
0.00024632,-1.80000,10.07918,0.8000000119,2.4187245369,0.797,1.316,3.7267,2.882,3,0.000,0.534,0.00,0.00,0.00,0.00,0.00,-1,-1.04e-11,0.00,7.549e-01,2.448e-01,4.552e-05,1.260e-05,1.137e-04,-1.000,2.605e-04,1.479,1.465,1.833,1.854,0.929
0.00024632,-1.80000,10.07918,0.8000359535,2.4187371731,0.797,1.323,3.7265,2.875,3,0.000,0.534,0.00,0.00,0.00,0.00,0.00,-1,-1.07e-11,0.00,7.548e-01,2.449e-01,4.551e-05,1.261e-05,1.138e-04,-1.000,2.595e-04,1.462,1.448,1.817,1.838,0.912
0.00024632,-1.80000,10.07918,0.8002674580,2.4188179970,0.797,1.370,3.7250,2.822,3,0.000,0.533,0.00,0.00,0.00,0.00,0.00,-1,-1.27e-11,0.00,7.540e-01,2.458e-01,4.543e-05,1.268e-05,1.138e-04,-1.000,2.524e-04,1.345,1.332,1.704,1.725,0.793
0.00024632,-1.80000,10.07918,0.8004785776,2.4188919067,0.797,1.417,3.7235,2.769,3,0.000,0.531,0.00,0.00,0.00,0.00,0.00,-1,-1.5e-11,0.00,7.533e-01,2.464e-01,4.534e-05,1.275e-05,1.139e-04,-1.000,2.682e-04,1.229,1.217,1.592,1.614,0.676
0.00024632,-1.80000,10.07918,0.8006771207,2.4189610481,0.797,1.465,3.7220,2.715,3,0.000,0.530,0.00,0.00,0.00,0.00,0.00,-1,-1.78e-11,0.00,7.528e-01,2.469e-01,4.524e-05,1.284e-05,1.140e-04,-1.000,2.681e-04,1.109,1.099,1.476,1.498,0.554
0.00024632,-1.80000,10.07918,0.8008526564,2.4190223217,0.797,1.511,3.7203,2.662,3,0.000,0.529,0.00,0.00,0.00,0.00,0.00,-1,-2.11e-11,0.00,7.524e-01,2.473e-01,4.516e-05,1.292e-05,1.140e-04,-1.000,2.679e-04,0.993,0.985,1.365,1.387,0.437
0.00024632,-1.80000,10.07918,0.8010195494,2.4190804958,0.797,1.559,3.7187,2.607,3,0.000,0.528,0.00,0.00,0.00,0.00,0.00,-1,-2.51e-11,0.00,7.521e-01,2.476e-01,4.509e-05,1.298e-05,1.140e-04,-1.000,2.680e-04,0.872,0.866,1.249,1.272,0.315
0.00024632,-1.80000,10.07918,0.8011666536,2.4191317558,0.797,1.606,3.7171,2.554,3,0.000,0.528,0.00,0.00,0.00,0.00,0.00,-1,-2.97e-11,0.00,7.520e-01,2.478e-01,4.506e-05,1.302e-05,1.141e-04,-1.000,2.682e-04,0.755,0.751,1.138,1.161,0.197
0.00024632,-1.80000,10.07918,0.8012976050,2.4191775322,0.797,1.651,3.7154,2.502,3,0.000,0.527,0.00,0.00,0.00,0.00,0.00,-1,-3.5e-11,0.00,7.519e-01,2.479e-01,4.503e-05,1.304e-05,1.141e-04,-1.000,2.681e-04,0.642,0.641,1.031,1.054,0.084
0.00024632,-1.80000,10.07918,0.8014223576,2.4192209244,0.797,1.698,3.7137,2.448,3,0.000,0.527,0.00,0.00,0.00,0.00,0.00,-1,-4.15e-11,0.00,7.519e-01,2.479e-01,4.502e-05,1.306e-05,1.141e-04,-1.000,2.681e-04,0.525,0.525,0.919,0.943,-0.036
0.00024632,-1.80000,10.07918,0.8015352488,2.4192602634,0.797,1.744,3.7120,2.395,3,0.000,0.527,0.00,0.00,0.00,0.00,0.00,-1,-4.91e-11,0.00,7.518e-01,2.479e-01,4.502e-05,1.306e-05,1.141e-04,-1.000,2.682e-04,0.409,0.411,0.808,0.832,-0.154
0.00024632,-1.80000,10.07918,0.8016346693,2.4192948341,0.797,1.789,3.7103,2.344,3,0.000,0.527,0.00,0.00,0.00,0.00,0.00,-1,-5.77e-11,0.00,7.518e-01,2.479e-01,4.502e-05,1.306e-05,1.141e-04,-1.000,2.682e-04,0.298,0.301,0.703,0.727,-0.267
0.00024632,-1.80000,10.07918,0.8017259836,2.4193267822,0.797,1.833,3.7086,2.292,3,0.000,0.527,0.00,0.00,0.00,0.00,0.00,-1,-6.78e-11,0.00,7.518e-01,2.479e-01,4.501e-05,1.307e-05,1.141e-04,-1.000,2.682e-04,0.187,0.193,0.598,0.623,-0.379
0.00024632,-1.80000,10.07918,0.8018143773,2.4193575382,0.796,1.880,3.7068,2.239,3,0.000,0.527,0.00,0.00,0.00,0.00,0.00,-1,-8.02e-11,0.00,7.518e-01,2.479e-01,4.501e-05,1.307e-05,1.141e-04,-1.000,2.682e-04,0.071,0.079,0.489,0.514,-0.496
0.00024632,-1.80000,10.07918,0.8018917441,2.4193842411,0.796,1.924,3.7050,2.187,3,0.000,0.527,0.00,0.00,0.00,0.00,0.00,-1,-9.43e-11,0.00,7.518e-01,2.479e-01,4.501e-05,1.307e-05,1.141e-04,-1.000,2.682e-04,-0.039,-0.028,0.386,0.411,-0.608
0.00024632,-1.80000,10.07918,0.8019628525,2.4194090366,0.796,1.967,3.7032,2.136,3,0.000,0.527,0.00,0.00,0.00,0.00,0.00,-1,-1.11e-10,0.00,7.518e-01,2.479e-01,4.501e-05,1.307e-05,1.141e-04,-1.000,2.682e-04,-0.149,-0.135,0.283,0.309,-0.719
0.00024632,-1.80000,10.07918,0.8020302653,2.4194324017,0.795,2.012,3.7014,2.084,3,0.000,0.527,0.00,0.00,0.00,0.00,0.00,-1,-1.3e-10,0.00,7.518e-01,2.479e-01,4.501e-05,1.308e-05,1.141e-04,-1.000,2.682e-04,-0.261,-0.245,0.178,0.204,-0.832
0.00024632,-1.80000,10.07918,0.8020895123,2.4194531441,0.795,2.054,3.6996,2.035,3,0.000,0.527,0.00,0.00,0.00,0.00,0.00,-1,-1.52e-10,0.00,7.518e-01,2.479e-01,4.501e-05,1.308e-05,1.141e-04,-1.000,2.681e-04,-0.365,-0.346,0.081,0.108,-0.938
0.00024632,-1.80000,10.07918,0.8021466136,2.4194729328,0.795,2.096,3.6978,1.985,3,0.000,0.527,0.00,0.00,0.00,0.00,0.00,-1,-1.77e-10,0.00,7.518e-01,2.479e-01,4.500e-05,1.308e-05,1.141e-04,-1.000,2.681e-04,-0.470,-0.448,-0.016,0.011,-1.044
0.00024632,-1.80000,10.07918,0.8022059202,2.4194936752,0.794,2.138,3.6960,1.936,3,0.000,0.527,0.00,0.00,0.00,0.00,0.00,-1,-2.07e-10,0.00,7.518e-01,2.479e-01,4.500e-05,1.308e-05,1.141e-04,-1.000,2.682e-04,-0.576,-0.551,-0.114,-0.086,-1.151
0.00024632,-1.80000,10.07918,0.8022589087,2.4195120335,0.794,2.162,3.6950,1.908,3,0.000,0.527,0.00,0.00,0.00,0.00,0.00,-1,-2.27e-10,0.00,7.518e-01,2.479e-01,4.500e-05,1.308e-05,1.141e-04,-1.000,2.682e-04,-0.635,-0.609,-0.169,-0.141,-1.211
0.00024632,-1.80000,10.07918,0.8022910953,2.4195232391,0.793,2.152,3.6957,1.920,3,0.000,0.527,0.00,0.00,0.00,0.00,0.00,-1,-2.2e-10,0.00,7.518e-01,2.480e-01,4.500e-05,1.308e-05,1.141e-04,-1.000,2.682e-04,-0.611,-0.586,-0.148,-0.120,-1.186
0.00024632,-1.80000,10.07918,0.8022953868,2.4195246696,0.793,2.151,3.6958,1.922,3,0.000,0.527,0.00,0.00,0.00,0.00,0.00,-1,-2.19e-10,0.00,7.518e-01,2.480e-01,4.500e-05,1.309e-05,1.141e-04,-1.000,2.682e-04,-0.608,-0.583,-0.145,-0.117,-1.183
0.00024632,-1.80000,10.07918,0.8023212552,2.4195337296,0.793,2.177,3.6946,1.890,3,0.000,0.527,0.00,0.00,0.00,0.00,0.00,-1,-2.4e-10,0.00,7.518e-01,2.480e-01,4.500e-05,1.309e-05,1.141e-04,-1.000,2.682e-04,-0.673,-0.646,-0.205,-0.177,-1.249
0.00024632,-1.80000,10.07918,0.8023605347,2.4195473194,0.792,2.219,3.6927,1.841,3,0.000,0.527,0.00,0.00,0.00,0.00,0.00,-1,-2.78e-10,0.00,7.518e-01,2.480e-01,4.500e-05,1.309e-05,1.141e-04,-1.000,2.682e-04,-0.777,-0.747,-0.301,-0.272,-1.355
0.00024632,-1.80000,10.07918,0.8023970723,2.4195599556,0.792,2.260,3.6908,1.792,3,0.000,0.527,0.00,0.00,0.00,0.00,0.00,-1,-3.24e-10,0.00,7.518e-01,2.480e-01,4.500e-05,1.309e-05,1.141e-04,-1.000,2.682e-04,-0.880,-0.846,-0.395,-0.366,-1.459
0.00024632,-1.80000,10.07918,0.8024308085,2.4195716381,0.791,2.301,3.6889,1.743,3,0.000,0.527,0.00,0.00,0.00,0.00,0.00,-1,-3.76e-10,0.00,7.518e-01,2.480e-01,4.500e-05,1.309e-05,1.141e-04,-1.000,2.682e-04,-0.982,-0.944,-0.487,-0.457,-1.561
0.00024632,-1.80000,10.07918,0.8024604321,2.4195818901,0.791,2.339,3.6870,1.697,3,0.000,0.527,0.00,0.00,0.00,0.00,0.00,-1,-4.33e-10,0.00,7.518e-01,2.480e-01,4.500e-05,1.309e-05,1.141e-04,-1.000,2.681e-04,-1.077,-1.035,-0.573,-0.542,-1.656
0.00024632,-1.80000,10.07918,0.8024892807,2.4195919037,0.790,2.378,3.6852,1.650,3,0.000,0.527,0.00,0.00,0.00,0.00,0.00,-1,-5.01e-10,0.00,7.518e-01,2.480e-01,4.500e-05,1.309e-05,1.141e-04,-1.000,2.682e-04,-1.176,-1.130,-0.662,-0.631,-1.756
0.00024632,-1.80000,10.07918,0.8025146723,2.4196007252,0.789,2.416,3.6832,1.604,3,0.000,0.527,0.00,0.00,0.00,0.00,0.00,-1,-5.76e-10,0.00,7.518e-01,2.480e-01,4.500e-05,1.309e-05,1.141e-04,-1.000,2.682e-04,-1.269,-1.220,-0.745,-0.713,-1.852
0.00024632,-1.80000,10.07918,0.8025392890,2.4196093082,0.789,2.454,3.6814,1.558,3,0.000,0.527,0.00,0.00,0.00,0.00,0.00,-1,-6.64e-10,0.00,7.518e-01,2.480e-01,4.500e-05,1.309e-05,1.141e-04,-1.000,2.681e-04,-1.366,-1.313,-0.831,-0.799,-1.950
0.00024632,-1.80000,10.07918,0.8025611639,2.4196169376,0.788,2.491,3.6795,1.513,3,0.000,0.527,0.00,0.00,0.00,0.00,0.00,-1,-7.61e-10,0.00,7.518e-01,2.480e-01,4.499e-05,1.309e-05,1.141e-04,-1.000,2.681e-04,-1.458,-1.401,-0.912,-0.878,-2.044
0.00024632,-1.80000,10.07918,0.8025866151,2.4196257591,0.787,2.537,3.6771,1.457,3,0.000,0.527,7.29,5.74,4.07,3.15,2.55,3,-9.02e-10,0.00,7.518e-01,2.480e-01,4.499e-05,1.309e-05,1.141e-04,-1.000,2.682e-04,-1.572,-1.510,-1.010,-0.976,-2.161
0.00024632,-1.80000,10.07918,0.8026092649,2.4196336269,0.786,2.581,3.6748,1.404,3,0.000,0.527,8.17,6.32,4.46,3.46,2.80,3,-1.06e-09,0.00,7.518e-01,2.480e-01,4.499e-05,1.310e-05,1.141e-04,-1.000,2.682e-04,-1.682,-1.614,-1.104,-1.068,-2.273
0.00024632,-1.80000,10.07918,0.8026270270,2.4196398258,0.785,2.618,3.6728,1.358,3,0.000,0.527,9.00,6.87,4.83,3.75,3.03,3,-1.22e-09,0.00,7.518e-01,2.480e-01,4.499e-05,1.310e-05,1.141e-04,-1.000,2.681e-04,-1.775,-1.701,-1.181,-1.144,-2.368
0.00024632,-1.80000,10.07918,0.8026459217,2.4196465015,0.783,2.660,3.6705,1.306,3,0.000,0.527,10.03,7.54,5.28,4.10,3.32,3,-1.43e-09,0.00,7.518e-01,2.480e-01,4.499e-05,1.310e-05,1.141e-04,-1.000,2.681e-04,-1.879,-1.800,-1.268,-1.230,-2.476
0.00024632,-1.80000,10.07918,0.8026610613,2.4196517467,0.782,2.696,3.6685,1.261,3,0.000,0.527,11.03,8.17,5.70,4.43,3.59,3,-1.63e-09,0.00,7.518e-01,2.480e-01,4.499e-05,1.310e-05,1.141e-04,-1.000,2.682e-04,-1.970,-1.884,-1.340,-1.301,-2.568
0.00024632,-1.80000,10.07918,0.8026770353,2.4196572304,0.781,2.736,3.6662,1.211,3,0.000,0.527,12.27,8.95,6.21,4.84,3.92,3,-1.9e-09,0.00,7.518e-01,2.480e-01,4.499e-05,1.310e-05,1.141e-04,-1.000,2.682e-04,-2.070,-1.976,-1.420,-1.380,-2.670
0.00024632,-1.80000,10.07918,0.8026922941,2.4196624756,0.779,2.778,3.6638,1.159,3,0.000,0.527,13.68,9.82,6.79,5.30,4.29,2,-2.22e-09,0.00,7.517e-01,2.480e-01,4.499e-05,1.310e-05,1.141e-04,-1.000,2.681e-04,-2.174,-2.071,-1.501,-1.460,-2.775
0.00024632,-1.80000,10.07918,0.8027065992,2.4196674824,0.777,2.819,3.6613,1.107,3,0.000,0.527,15.28,10.79,7.43,5.80,4.70,2,-2.6e-09,0.00,7.517e-01,2.480e-01,4.499e-05,1.310e-05,1.141e-04,-1.000,2.682e-04,-2.278,-2.165,-1.579,-1.537,-2.880
0.00024632,-1.80000,10.07918,0.8027189374,2.4196717739,0.776,2.857,3.6591,1.059,3,0.000,0.527,16.91,11.76,8.07,6.31,5.11,2,-3.01e-09,0.00,7.517e-01,2.480e-01,4.499e-05,1.310e-05,1.141e-04,-1.000,2.682e-04,-2.374,-2.252,-1.651,-1.607,-2.977
0.00024632,-1.80000,10.07918,0.8027310967,2.4196758270,0.774,2.897,3.6566,1.008,3,0.000,0.527,18.84,12.89,8.81,6.90,5.59,2,-3.5e-09,0.00,7.517e-01,2.480e-01,4.499e-05,1.310e-05,1.141e-04,-1.000,2.682e-04,-2.474,-2.340,-1.725,-1.680,-3.076
0.00024632,-1.80000,10.07918,0.8027416468,2.4196796417,0.772,2.935,3.6545,0.960,3,0.000,0.527,20.81,14.03,9.55,7.49,6.07,2,-4.03e-09,0.00,7.517e-01,2.480e-01,4.499e-05,1.310e-05,1.141e-04,-1.000,2.682e-04,-2.567,-2.423,-1.794,-1.749,-3.167
0.00024632,-1.80000,10.07918,0.8027517796,2.4196832180,0.769,2.973,3.6520,0.911,3,0.000,0.527,23.08,15.33,10.39,8.16,6.62,2,-4.67e-09,0.00,7.517e-01,2.480e-01,4.499e-05,1.310e-05,1.141e-04,-1.000,2.682e-04,-2.663,-2.506,-1.862,-1.816,-3.260
0.00024632,-1.80000,10.07918,0.8027613759,2.4196865559,0.767,3.011,3.6497,0.862,3,0.000,0.527,25.58,16.73,11.29,8.88,7.20,1,-5.4e-09,0.00,7.517e-01,2.480e-01,4.499e-05,1.310e-05,1.141e-04,-1.000,2.681e-04,-2.758,-2.588,-1.931,-1.884,-3.352
0.00024632,-1.80000,10.07918,0.8027697206,2.4196894169,0.764,3.046,3.6475,0.817,3,0.000,0.527,28.15,18.14,12.20,9.61,7.79,1,-6.18e-09,0.00,7.517e-01,2.480e-01,4.499e-05,1.310e-05,1.141e-04,-1.000,2.682e-04,-2.846,-2.664,-1.993,-1.946,-3.437
0.00024632,-1.80000,10.07918,0.8027777672,2.4196920395,0.762,3.082,3.6451,0.770,3,0.000,0.527,31.07,19.73,13.22,10.43,8.46,1,-7.09e-09,0.00,7.517e-01,2.480e-01,4.499e-05,1.310e-05,1.141e-04,-1.000,2.682e-04,-2.935,-2.740,-2.055,-2.007,-3.522
0.00024632,-1.80000,10.07918,0.8027853966,2.4196949005,0.759,3.118,3.6429,0.724,3,0.000,0.527,34.24,21.43,14.30,11.29,9.16,1,-8.13e-09,0.00,7.517e-01,2.480e-01,4.499e-05,1.310e-05,1.141e-04,-1.000,2.681e-04,-3.024,-2.817,-2.119,-2.070,-3.608
0.00024632,-1.80000,10.07918,0.8027922511,2.4196970463,0.756,3.152,3.6406,0.679,3,0.000,0.527,37.63,23.21,15.43,12.21,9.90,1,-9.29e-09,0.00,7.517e-01,2.480e-01,4.499e-05,1.310e-05,1.141e-04,-1.000,2.682e-04,-3.109,-2.889,-2.177,-2.128,-3.689
0.00024632,-1.80000,10.07918,0.8027991056,2.4196994305,0.752,3.187,3.6383,0.632,3,0.000,0.527,41.54,25.24,16.71,13.24,10.74,1,-1.07e-08,0.00,7.517e-01,2.480e-01,4.499e-05,1.310e-05,1.141e-04,-1.000,2.682e-04,-3.198,-2.963,-2.235,-2.186,-3.772
0.00024632,-1.80000,10.07918,0.8028052449,2.4197015762,0.748,3.220,3.6362,0.588,3,0.000,0.527,45.54,27.28,18.00,14.28,11.59,1,-1.21e-08,0.00,7.517e-01,2.480e-01,4.499e-05,1.310e-05,1.141e-04,-1.000,2.682e-04,-3.281,-3.031,-2.290,-2.240,-3.850
0.00024632,-1.80000,10.07918,0.8028111458,2.4197037220,0.744,3.253,3.6340,0.544,3,0.000,0.527,49.97,29.51,19.40,15.41,12.51,1,-1.38e-08,0.00,7.517e-01,2.480e-01,4.499e-05,1.310e-05,1.141e-04,-1.000,2.682e-04,-3.364,-3.099,-2.343,-2.293,-3.927
0.00024632,-1.80000,10.07918,0.8028161526,2.4197053909,0.741,3.279,3.6323,0.509,3,0.000,0.527,53.77,31.39,20.58,16.36,13.28,1,-1.54e-08,0.00,7.517e-01,2.480e-01,4.499e-05,1.310e-05,1.141e-04,-1.000,2.682e-04,-3.429,-3.153,-2.385,-2.335,-3.988
0.00024632,-1.80000,10.07918,0.8028161526,2.4197053909,0.741,1.691,3.8505,2.971,4,0.000,0.529,0.00,0.00,0.00,0.00,0.00,-1,-1e-30,0.00,7.513e-01,2.484e-01,4.560e-05,1.308e-05,1.151e-04,-1.000,2.682e-04,0.543,0.454,0.594,0.604,0.205
0.00024632,-1.80000,10.07918,0.8028194308,2.4197065830,0.741,1.696,3.8480,2.955,4,0.000,0.529,0.00,0.00,0.00,0.00,0.00,-1,-1e-30,0.00,7.513e-01,2.484e-01,4.560e-05,1.308e-05,1.151e-04,-1.000,2.682e-04,0.529,0.440,0.584,0.594,0.185
0.00024632,-1.80000,10.07918,0.8028743267,2.4197256565,0.741,1.713,3.8409,2.911,4,0.000,0.529,0.00,0.00,0.00,0.00,0.00,-1,-1e-30,0.00,7.513e-01,2.484e-01,4.560e-05,1.308e-05,1.151e-04,-1.000,2.683e-04,0.488,0.399,0.554,0.564,0.127
0.00024632,-1.80000,10.07918,0.8029298186,2.4197449684,0.741,1.714,3.8416,2.912,4,0.000,0.529,0.00,0.00,0.00,0.00,0.00,-1,-1e-30,0.00,7.513e-01,2.484e-01,4.560e-05,1.308e-05,1.151e-04,-1.000,2.682e-04,0.486,0.397,0.550,0.561,0.127
0.00024632,-1.80000,10.07918,0.8029864430,2.4197645187,0.741,1.714,3.8427,2.916,4,0.000,0.529,0.00,0.00,0.00,0.00,0.00,-1,-1e-30,0.00,7.513e-01,2.484e-01,4.560e-05,1.308e-05,1.151e-04,-1.000,2.681e-04,0.485,0.396,0.548,0.558,0.129
0.00024632,-1.80000,10.07918,0.8030426502,2.4197840691,0.741,1.714,3.8439,2.921,4,0.000,0.529,0.00,0.00,0.00,0.00,0.00,-1,-1e-30,0.00,7.513e-01,2.484e-01,4.560e-05,1.308e-05,1.151e-04,-1.000,2.682e-04,0.485,0.396,0.546,0.556,0.132
0.00024632,-1.80000,10.07918,0.8030954599,2.4198021889,0.741,1.714,3.8451,2.927,4,0.000,0.529,0.00,0.00,0.00,0.00,0.00,-1,-1e-30,0.00,7.513e-01,2.484e-01,4.560e-05,1.308e-05,1.151e-04,-1.000,2.681e-04,0.486,0.397,0.545,0.555,0.135
0.00024632,-1.80000,10.07918,0.8031473756,2.4198203087,0.741,1.713,3.8464,2.932,4,0.000,0.529,0.00,0.00,0.00,0.00,0.00,-1,-1e-30,0.00,7.513e-01,2.484e-01,4.560e-05,1.308e-05,1.151e-04,-1.000,2.682e-04,0.487,0.397,0.543,0.553,0.139
0.00024632,-1.80000,10.07918,0.8031998873,2.4198384285,0.741,1.713,3.8476,2.937,4,0.000,0.529,0.00,0.00,0.00,0.00,0.00,-1,-1e-30,0.00,7.513e-01,2.484e-01,4.560e-05,1.308e-05,1.151e-04,-1.000,2.682e-04,0.488,0.398,0.542,0.552,0.143
0.00024632,-1.80000,10.07918,0.8032548428,2.4198575020,0.741,1.713,3.8488,2.942,4,0.000,0.529,0.00,0.00,0.00,0.00,0.00,-1,-1e-30,0.00,7.513e-01,2.484e-01,4.560e-05,1.308e-05,1.151e-04,-1.000,2.683e-04,0.489,0.399,0.541,0.551,0.146
0.00024632,-1.80000,10.07918,0.8033090234,2.4198763371,0.741,1.712,3.8497,2.946,4,0.000,0.529,0.00,0.00,0.00,0.00,0.00,-1,-1e-30,0.00,7.513e-01,2.484e-01,4.560e-05,1.308e-05,1.151e-04,-1.000,2.683e-04,0.489,0.400,0.540,0.550,0.149
0.00024632,-1.80000,10.07918,0.8033648133,2.4198956490,0.741,1.712,3.8503,2.949,4,0.000,0.529,0.00,0.00,0.00,0.00,0.00,-1,-1e-30,0.00,7.513e-01,2.484e-01,4.560e-05,1.308e-05,1.151e-04,-1.000,2.683e-04,0.489,0.400,0.539,0.549,0.150
0.00024632,-1.80000,10.07918,0.8034200668,2.4199147224,0.741,1.713,3.8505,2.949,4,0.000,0.529,0.00,0.00,0.00,0.00,0.00,-1,-1e-30,0.00,7.513e-01,2.484e-01,4.560e-05,1.308e-05,1.151e-04,-1.000,2.681e-04,0.488,0.399,0.538,0.548,0.150
0.00024632,-1.80000,10.07918,0.8034747243,2.4199337959,0.741,1.713,3.8502,2.948,4,0.000,0.529,0.00,0.00,0.00,0.00,0.00,-1,-1e-30,0.00,7.513e-01,2.484e-01,4.560e-05,1.308e-05,1.151e-04,-1.000,2.681e-04,0.487,0.398,0.538,0.547,0.148
0.00024632,-1.80000,10.07918,0.8035277128,2.4199521542,0.741,1.714,3.8495,2.944,4,0.000,0.529,0.00,0.00,0.00,0.00,0.00,-1,-1e-30,0.00,7.513e-01,2.484e-01,4.560e-05,1.308e-05,1.151e-04,-1.000,2.681e-04,0.486,0.396,0.537,0.547,0.145
0.00024632,-1.80000,10.07918,0.8035507798,2.4199600220,0.741,1.714,3.8491,2.942,4,0.000,0.529,0.00,0.00,0.00,0.00,0.00,-1,-1e-30,0.00,7.513e-01,2.484e-01,4.560e-05,1.308e-05,1.151e-04,-1.000,2.682e-04,0.485,0.395,0.537,0.546,0.143
0.00024632,-1.80000,10.07918,0.8035629392,2.4199643135,0.741,1.714,3.8487,2.941,4,0.000,0.529,0.00,0.00,0.00,0.00,0.00,-1,-1e-30,0.00,7.513e-01,2.484e-01,4.560e-05,1.308e-05,1.151e-04,-1.000,2.683e-04,0.484,0.394,0.536,0.546,0.142
0.00024632,-1.80000,10.07918,0.8036160469,2.4199826717,0.741,1.716,3.8470,2.932,4,0.000,0.529,0.00,0.00,0.00,0.00,0.00,-1,-1e-30,0.00,7.513e-01,2.484e-01,4.560e-05,1.308e-05,1.151e-04,-1.000,2.681e-04,0.481,0.391,0.536,0.546,0.134
0.00024632,-1.80000,10.07918,0.8036698699,2.4200012684,0.741,1.717,3.8446,2.921,4,0.000,0.529,0.00,0.00,0.00,0.00,0.00,-1,-1e-30,0.00,7.513e-01,2.484e-01,4.560e-05,1.308e-05,1.151e-04,-1.000,2.683e-04,0.476,0.387,0.536,0.546,0.124
0.00024632,-1.80000,10.07918,0.8037227392,2.4200196266,0.742,1.719,3.8417,2.907,4,0.000,0.529,0.00,0.00,0.00,0.00,0.00,-1,-1e-30,0.00,7.513e-01,2.484e-01,4.560e-05,1.308e-05,1.151e-04,-1.000,2.682e-04,0.471,0.382,0.535,0.546,0.112
0.00024632,-1.80000,10.07918,0.8037748337,2.4200375080,0.742,1.722,3.8382,2.891,4,0.000,0.529,0.00,0.00,0.00,0.00,0.00,-1,-1e-30,0.00,7.513e-01,2.484e-01,4.560e-05,1.308e-05,1.151e-04,-1.000,2.682e-04,0.465,0.377,0.535,0.546,0.098
0.00024632,-1.80000,10.07918,0.8038267493,2.4200556278,0.742,1.725,3.8341,2.872,4,0.000,0.529,0.00,0.00,0.00,0.00,0.00,-1,-1e-30,0.00,7.513e-01,2.484e-01,4.560e-05,1.308e-05,1.151e-04,-1.000,2.683e-04,0.458,0.370,0.535,0.546,0.082
0.00024632,-1.80000,10.07918,0.8038782477,2.4200732708,0.742,1.728,3.8294,2.850,4,0.000,0.529,0.00,0.00,0.00,0.00,0.00,-1,-1e-30,0.00,7.513e-01,2.484e-01,4.560e-05,1.308e-05,1.151e-04,-1.000,2.683e-04,0.450,0.363,0.536,0.547,0.063
0.00024632,-1.80000,10.07918,0.8039298654,2.4200911522,0.742,1.731,3.8242,2.826,4,0.000,0.529,0.00,0.00,0.00,0.00,0.00,-1,-1e-30,0.00,7.513e-01,2.484e-01,4.560e-05,1.308e-05,1.151e-04,-1.000,2.681e-04,0.441,0.355,0.537,0.548,0.044
0.00024632,-1.80000,10.07918,0.8039347529,2.4200928211,0.742,1.732,3.8237,2.823,4,0.000,0.529,0.00,0.00,0.00,0.00,0.00,-1,-1e-30,0.00,7.513e-01,2.484e-01,4.560e-05,1.308e-05,1.151e-04,-1.000,2.682e-04,0.441,0.355,0.537,0.548,0.042
0.00024632,-1.80000,10.07918,0.8039438725,2.4200959206,0.742,1.732,3.8227,2.819,4,0.000,0.529,0.00,0.00,0.00,0.00,0.00,-1,-1e-30,0.00,7.513e-01,2.484e-01,4.560e-05,1.308e-05,1.151e-04,-1.000,2.682e-04,0.439,0.353,0.537,0.548,0.038
0.00024632,-1.80000,10.07918,0.8039975762,2.4201145172,0.742,1.737,3.8167,2.790,4,0.000,0.529,0.00,0.00,0.00,0.00,0.00,-1,-1e-30,0.00,7.513e-01,2.484e-01,4.560e-05,1.308e-05,1.151e-04,-1.000,2.683e-04,0.428,0.344,0.538,0.550,0.015
0.00024632,-1.80000,10.07918,0.8040499091,2.4201326370,0.742,1.741,3.8108,2.762,4,0.000,0.529,0.00,0.00,0.00,0.00,0.00,-1,-1e-30,0.00,7.513e-01,2.484e-01,4.560e-05,1.308e-05,1.151e-04,-1.000,2.682e-04,0.418,0.336,0.539,0.551,-0.007
0.00024632,-1.80000,10.07918,0.8041059375,2.4201519489,0.742,1.746,3.8040,2.730,4,0.000,0.529,0.00,0.00,0.00,0.00,0.00,-1,-1e-30,0.00,7.513e-01,2.484e-01,4.560e-05,1.308e-05,1.151e-04,-1.000,2.682e-04,0.405,0.326,0.542,0.554,-0.033
0.00024632,-1.80000,10.07918,0.8041592240,2.4201705456,0.742,1.752,3.7975,2.699,4,0.000,0.529,0.00,0.00,0.00,0.00,0.00,-1,-1e-30,0.00,7.513e-01,2.484e-01,4.560e-05,1.308e-05,1.151e-04,-1.000,2.683e-04,0.391,0.316,0.543,0.557,-0.058
0.00024632,-1.80000,10.07918,0.8042103052,2.4201881886,0.742,1.757,3.7919,2.671,4,0.000,0.529,0.00,0.00,0.00,0.00,0.00,-1,-1e-30,0.00,7.513e-01,2.484e-01,4.560e-05,1.308e-05,1.151e-04,-1.000,2.682e-04,0.378,0.306,0.543,0.557,-0.081
0.00024632,-1.80000,10.07918,0.8042629957,2.4202063084,0.742,1.763,3.7861,2.642,4,0.000,0.529,0.00,0.00,0.00,0.00,0.00,-1,-1e-30,0.00,7.513e-01,2.484e-01,4.560e-05,1.308e-05,1.151e-04,-1.000,2.681e-04,0.362,0.295,0.542,0.557,-0.106
0.00024632,-1.80000,10.07918,0.8043147326,2.4202241898,0.742,1.769,3.7812,2.617,4,0.000,0.529,0.00,0.00,0.00,0.00,0.00,-1,-1e-30,0.00,7.513e-01,2.484e-01,4.560e-05,1.308e-05,1.151e-04,-1.000,2.681e-04,0.348,0.284,0.540,0.555,-0.128
0.00024632,-1.80000,10.07918,0.8043670058,2.4202423096,0.742,1.775,3.7767,2.592,4,0.000,0.529,0.00,0.00,0.00,0.00,0.00,-1,-1e-30,0.00,7.513e-01,2.484e-01,4.560e-05,1.308e-05,1.151e-04,-1.000,2.682e-04,0.332,0.272,0.536,0.551,-0.150
0.00024632,-1.80000,10.07918,0.8044193387,2.4202604294,0.742,1.782,3.7724,2.568,4,0.000,0.529,0.00,0.00,0.00,0.00,0.00,-1,-1e-30,0.00,7.513e-01,2.484e-01,4.560e-05,1.308e-05,1.151e-04,-1.000,2.682e-04,0.315,0.258,0.530,0.546,-0.174
0.00024632,-1.80000,10.07918,0.8044720888,2.4202785492,0.742,1.791,3.7677,2.540,4,0.000,0.529,0.00,0.00,0.00,0.00,0.00,-1,-1e-30,0.00,7.513e-01,2.484e-01,4.560e-05,1.308e-05,1.151e-04,-1.000,2.682e-04,0.293,0.238,0.520,0.536,-0.204
0.00024632,-1.80000,10.07918,0.8044825196,2.4202821255,0.742,1.783,3.7705,2.559,4,0.000,0.529,0.00,0.00,0.00,0.00,0.00,-1,-1e-30,0.00,7.513e-01,2.484e-01,4.560e-05,1.308e-05,1.151e-04,-1.000,2.683e-04,0.311,0.255,0.531,0.547,-0.181
0.00024632,-1.80000,10.07918,0.8045366406,2.4203007221,0.742,1.797,3.7642,2.520,4,0.000,0.529,0.00,0.00,0.00,0.00,0.00,-1,-1e-30,0.00,7.513e-01,2.484e-01,4.560e-05,1.308e-05,1.151e-04,-1.000,2.683e-04,0.276,0.225,0.513,0.530,-0.225
0.00024632,-1.80000,10.07918,0.8045898676,2.4203193188,0.743,1.815,3.7582,2.478,4,0.000,0.529,0.00,0.00,0.00,0.00,0.00,-1,-1e-30,0.00,7.513e-01,2.484e-01,4.560e-05,1.308e-05,1.151e-04,-1.000,2.683e-04,0.232,0.186,0.485,0.502,-0.278
0.00024632,-1.80000,10.07918,0.8046346903,2.4203345776,0.743,1.844,3.7507,2.419,4,0.000,0.529,0.00,0.00,0.00,0.00,0.00,-1,-1e-30,0.00,7.513e-01,2.484e-01,4.560e-05,1.308e-05,1.151e-04,-1.000,2.681e-04,0.159,0.119,0.433,0.451,-0.361
0.00024632,-1.80000,10.07918,0.8046590090,2.4203431606,0.743,1.879,3.7431,2.354,4,0.000,0.529,0.00,0.00,0.00,0.00,0.00,-1,-1e-30,0.00,7.513e-01,2.484e-01,4.560e-05,1.308e-05,1.151e-04,-1.000,2.682e-04,0.072,0.038,0.367,0.386,-0.458
0.00024632,-1.80000,10.07918,0.8046699762,2.4203467369,0.743,1.916,3.7363,2.290,4,0.000,0.529,0.00,0.00,0.00,0.00,0.00,-1,-1e-30,0.00,7.513e-01,2.484e-01,4.560e-05,1.308e-05,1.151e-04,-1.000,2.682e-04,-0.020,-0.048,0.295,0.315,-0.559
0.00024632,-1.80000,10.07918,0.8046749234,2.4203486443,0.743,1.954,3.7302,2.227,4,0.000,0.529,0.00,0.00,0.00,0.00,0.00,-1,-1e-30,0.00,7.513e-01,2.484e-01,4.560e-05,1.308e-05,1.151e-04,-1.000,2.683e-04,-0.116,-0.139,0.217,0.238,-0.663
0.00024632,-1.80000,10.07918,0.8046771884,2.4203493595,0.743,1.991,3.7253,2.171,4,0.000,0.529,0.00,0.00,0.00,0.00,0.00,-1,-1e-30,0.00,7.513e-01,2.484e-01,4.560e-05,1.308e-05,1.151e-04,-1.000,2.682e-04,-0.208,-0.227,0.140,0.162,-0.761
0.00024632,-1.80000,10.07918,0.8046781421,2.4203495979,0.743,2.016,3.7225,2.134,7,0.000,0.529,0.00,0.00,0.00,0.00,0.00,-1,-1e-30,0.00,7.513e-01,2.484e-01,4.560e-05,1.308e-05,1.151e-04,-1.000,2.682e-04,-0.271,-0.286,0.087,0.109,-0.826
0.00024632,-1.80000,10.07918,0.8046791553,2.4203500748,0.743,2.055,3.7188,2.081,7,0.000,0.529,0.00,0.00,0.00,0.00,0.00,-1,-1e-30,0.00,7.513e-01,2.484e-01,4.560e-05,1.308e-05,1.151e-04,-1.000,2.682e-04,-0.368,-0.380,0.001,0.024,-0.928
0.00024632,-1.80000,10.07918,0.8046801686,2.4203503132,0.743,2.093,3.7157,2.030,7,0.000,0.529,0.00,0.00,0.00,0.00,0.00,-1,-1e-30,0.00,7.513e-01,2.484e-01,4.560e-05,1.308e-05,1.151e-04,-1.000,2.681e-04,-0.462,-0.470,-0.081,-0.058,-1.025
0.00024632,-1.80000,10.07918,0.8046810627,2.4203507900,0.743,2.124,3.7133,1.990,7,0.000,0.529,0.00,0.00,0.00,0.00,0.00,-1,-1e-30,0.00,7.513e-01,2.484e-01,4.560e-05,1.308e-05,1.151e-04,-1.000,2.682e-04,-0.539,-0.543,-0.149,-0.125,-1.104
0.00024632,-1.80000,10.07918,0.8046819568,2.4203510284,0.743,2.144,3.7118,1.964,7,0.000,0.529,0.00,0.00,0.00,0.00,0.00,-1,-1e-30,0.00,7.513e-01,2.484e-01,4.560e-05,1.308e-05,1.151e-04,-1.000,2.682e-04,-0.591,-0.594,-0.196,-0.171,-1.157
0.00024632,-1.80000,10.07918,0.8046833277,2.4203515053,0.743,2.165,3.7104,1.937,7,0.000,0.529,0.00,0.00,0.00,0.00,0.00,-1,-1e-30,0.00,7.513e-01,2.484e-01,4.560e-05,1.308e-05,1.151e-04,-1.000,2.682e-04,-0.643,-0.644,-0.243,-0.218,-1.211
0.00024632,-1.80000,10.07918,0.8046858907,2.4203524590,0.743,2.150,3.7116,1.957,7,0.000,0.529,0.00,0.00,0.00,0.00,0.00,-1,-1e-30,0.00,7.513e-01,2.484e-01,4.560e-05,1.308e-05,1.151e-04,-1.000,2.683e-04,-0.605,-0.607,-0.209,-0.184,-1.171
0.00024632,-1.80000,10.07918,0.8046902418,2.4203538895,0.743,2.126,3.7133,1.988,7,0.000,0.529,0.00,0.00,0.00,0.00,0.00,-1,-1e-30,0.00,7.513e-01,2.484e-01,4.560e-05,1.308e-05,1.151e-04,-1.000,2.682e-04,-0.544,-0.549,-0.155,-0.131,-1.109
0.00024632,-1.80000,10.07918,0.8047161698,2.4203627110,0.743,2.149,3.7113,1.957,7,0.000,0.529,0.00,0.00,0.00,0.00,0.00,-1,-1e-30,0.00,7.513e-01,2.484e-01,4.560e-05,1.308e-05,1.151e-04,-1.000,2.682e-04,-0.602,-0.604,-0.206,-0.181,-1.169
0.00024632,-1.80000,10.07918,0.8047319651,2.4203681946,0.743,2.178,3.7090,1.919,7,0.000,0.529,0.00,0.00,0.00,0.00,0.00,-1,-1e-30,0.00,7.513e-01,2.484e-01,4.560e-05,1.308e-05,1.151e-04,-1.000,2.682e-04,-0.674,-0.673,-0.269,-0.243,-1.243
0.00024632,-1.80000,10.07918,0.8047510982,2.4203748703,0.743,2.220,3.7059,1.864,7,0.000,0.529,0.00,0.00,0.00,0.00,0.00,-1,-1e-30,0.00,7.513e-01,2.484e-01,4.560e-05,1.308e-05,1.151e-04,-1.000,2.681e-04,-0.781,-0.775,-0.363,-0.337,-1.353
0.00024632,-1.80000,10.07918,0.8047705889,2.4203815460,0.743,2.273,3.7023,1.798,7,0.000,0.529,0.00,0.00,0.00,0.00,0.00,-1,-1e-30,0.00,7.513e-01,2.484e-01,4.560e-05,1.308e-05,1.151e-04,-1.000,2.682e-04,-0.911,-0.900,-0.478,-0.451,-1.486
0.00024632,-1.80000,10.07918,0.8047881722,2.4203877449,0.743,2.319,3.6992,1.739,7,0.000,0.529,0.00,0.00,0.00,0.00,0.00,-1,-1e-30,0.00,7.513e-01,2.484e-01,4.560e-05,1.308e-05,1.151e-04,-1.000,2.682e-04,-1.028,-1.012,-0.582,-0.554,-1.605
0.00024632,-1.80000,10.07918,0.8048036695,2.4203929901,0.743,2.363,3.6964,1.684,7,0.000,0.529,0.00,0.00,0.00,0.00,0.00,-1,-1e-30,0.00,7.514e-01,2.484e-01,4.559e-05,1.308e-05,1.151e-04,-1.000,2.502e-04,-1.137,-1.115,-0.678,-0.649,-1.715
0.00024632,-1.80000,10.07918,0.8048173785,2.4203977585,0.743,2.405,3.6937,1.630,7,0.000,0.529,0.00,0.00,0.00,0.00,0.00,-1,-1e-30,0.00,7.514e-01,2.483e-01,4.557e-05,1.309e-05,1.151e-04,-1.000,2.446e-04,-1.244,-1.217,-0.772,-0.743,-1.824
0.00024632,-1.80000,10.07918,0.8048294783,2.4204018116,0.743,2.447,3.6911,1.578,7,0.000,0.527,0.00,0.00,0.00,0.00,0.00,-1,-1e-30,0.00,7.514e-01,2.483e-01,4.547e-05,1.313e-05,1.151e-04,-1.000,2.448e-04,-1.348,-1.317,-0.864,-0.834,-1.930
0.00024632,-1.80000,10.07918,0.8048401475,2.4204056263,0.743,2.489,3.6885,1.526,7,0.000,0.523,0.00,0.00,0.00,0.00,0.00,-1,-1e-30,0.00,7.514e-01,2.484e-01,4.513e-05,1.337e-05,1.151e-04,-1.000,2.466e-04,-1.452,-1.414,-0.954,-0.924,-2.033
0.00024632,-1.80000,10.07918,0.8048498631,2.4204089642,0.743,2.530,3.6859,1.474,7,0.000,0.513,6.90,5.49,3.89,3.02,2.44,3,-1e-30,0.00,7.513e-01,2.484e-01,4.443e-05,1.407e-05,1.151e-04,-1.000,2.682e-04,-1.555,-1.511,-1.044,-1.012,-2.137
0.00024632,-1.80000,10.07918,0.8048587441,2.4204120636,0.743,2.571,3.6832,1.422,7,0.000,0.499,7.71,6.03,4.26,3.30,2.67,3,-1e-30,0.00,7.513e-01,2.485e-01,4.342e-05,1.521e-05,1.151e-04,-1.000,2.682e-04,-1.658,-1.610,-1.132,-1.100,-2.244
0.00024632,-1.80000,10.07918,0.8048670292,2.4204149246,0.743,2.613,3.6806,1.370,7,0.000,0.486,8.62,6.63,4.66,3.62,2.93,3,-1e-30,0.00,7.512e-01,2.485e-01,4.231e-05,1.654e-05,1.151e-04,-1.000,2.682e-04,-1.763,-1.709,-1.220,-1.187,-2.351
0.00024632,-1.80000,10.07918,0.8048747182,2.4204175472,0.743,2.655,3.6779,1.318,7,0.000,0.474,9.63,7.28,5.10,3.97,3.21,3,-1e-30,0.00,7.511e-01,2.487e-01,4.127e-05,1.781e-05,1.151e-04,-1.000,2.363e-04,-1.866,-1.806,-1.306,-1.271,-2.458
0.00024632,-1.80000,10.07918,0.8048821092,2.4204199314,0.743,2.696,3.6752,1.265,7,0.000,0.464,10.76,8.01,5.58,4.35,3.52,3,-1e-30,0.00,7.509e-01,2.488e-01,4.035e-05,1.894e-05,1.151e-04,-1.000,2.682e-04,-1.970,-1.903,-1.390,-1.353,-2.565
0.00024632,-1.80000,10.07918,0.8048891425,2.4204225540,0.743,2.737,3.6725,1.214,7,0.000,0.455,12.01,8.79,6.10,4.76,3.85,2,-1e-30,0.00,7.508e-01,2.490e-01,3.956e-05,1.992e-05,1.151e-04,-1.000,2.683e-04,-2.072,-1.998,-1.471,-1.433,-2.670
0.00024632,-1.80000,10.07918,0.8048958778,2.4204246998,0.743,2.778,3.6697,1.162,7,0.000,0.447,13.43,9.66,6.68,5.22,4.22,2,-1e-30,0.00,7.506e-01,2.491e-01,3.889e-05,2.074e-05,1.151e-04,-1.000,2.682e-04,-2.176,-2.093,-1.551,-1.512,-2.776
0.00024632,-1.80000,10.07918,0.8049019575,2.4204268456,0.743,2.820,3.6669,1.108,7,0.000,0.440,15.03,10.63,7.32,5.73,4.64,2,-1e-30,0.00,7.505e-01,2.493e-01,3.829e-05,2.148e-05,1.151e-04,-1.000,2.682e-04,-2.281,-2.188,-1.630,-1.590,-2.883
0.00024632,-1.80000,10.07918,0.8049070239,2.4204285145,0.743,2.861,3.6642,1.057,7,0.000,0.435,16.77,11.67,8.00,6.27,5.08,2,-1e-30,0.00,7.503e-01,2.494e-01,3.781e-05,2.207e-05,1.150e-04,-1.000,2.682e-04,-2.382,-2.279,-1.704,-1.663,-2.986
0.00024632,-1.80000,10.07918,0.8049113154,2.4204301834,0.743,2.901,3.6614,1.005,7,0.000,0.431,18.73,12.82,8.75,6.86,5.56,2,-1e-30,0.00,7.501e-01,2.496e-01,3.739e-05,2.261e-05,1.149e-04,-1.000,2.682e-04,-2.484,-2.370,-1.777,-1.734,-3.090
0.00024632,-1.80000,10.07918,0.8049149513,2.4204313755,0.743,2.942,3.6586,0.954,7,0.000,0.427,20.90,14.07,9.56,7.51,6.09,2,-1e-30,0.00,7.499e-01,2.498e-01,3.702e-05,2.309e-05,1.148e-04,-1.000,2.364e-04,-2.584,-2.457,-1.844,-1.799,-3.191
0.00024632,-1.80000,10.07918,0.8049184680,2.4204325676,0.743,2.983,3.6557,0.901,7,0.000,0.424,23.39,15.48,10.48,8.24,6.68,1,-1e-30,0.00,7.498e-01,2.500e-01,3.670e-05,2.355e-05,1.147e-04,-1.000,2.683e-04,-2.687,-2.545,-1.914,-1.869,-3.291
0.00024632,-1.80000,10.07918,0.8049219251,2.4204337597,0.743,3.026,3.6525,0.845,7,0.000,0.422,26.36,17.14,11.54,9.10,7.37,1,-1e-30,0.00,7.496e-01,2.501e-01,3.645e-05,2.394e-05,1.145e-04,-1.000,2.682e-04,-2.796,-2.639,-1.990,-1.943,-3.397
0.00024632,-1.80000,10.07918,0.8049250245,2.4204347134,0.743,3.072,3.6492,0.785,7,0.000,0.420,29.90,19.07,12.79,10.09,8.18,1,-1e-30,0.00,7.494e-01,2.503e-01,3.622e-05,2.436e-05,1.143e-04,-1.000,2.683e-04,-2.911,-2.736,-2.068,-2.021,-3.507
0.00024632,-1.80000,10.07918,0.8049260378,2.4204351902,0.743,3.093,3.6476,0.758,7,0.000,0.420,31.70,20.04,13.41,10.59,8.59,1,-1e-30,0.00,7.494e-01,2.504e-01,3.612e-05,2.457e-05,1.141e-04,-1.000,2.683e-04,-2.964,-2.780,-2.103,-2.055,-3.557
0.00024632,-1.80000,10.07918,0.8049262762,2.4204351902,0.743,3.123,3.6454,0.720,7,0.000,0.419,34.35,21.46,14.31,11.31,9.18,1,-1e-30,0.00,7.492e-01,2.505e-01,3.601e-05,2.485e-05,1.139e-04,-1.000,2.682e-04,-3.036,-2.841,-2.152,-2.104,-3.626
0.00024632,-1.80000,10.07918,0.8049265742,2.4204354286,0.743,3.159,3.6427,0.673,7,0.000,0.418,37.97,23.36,15.52,12.29,9.97,1,-1e-30,0.00,7.490e-01,2.508e-01,3.582e-05,2.539e-05,1.136e-04,-1.000,2.681e-04,-3.127,-2.916,-2.212,-2.163,-3.712
0.00024632,-1.80000,10.07918,0.8049270511,2.4204354286,0.743,3.195,3.6399,0.625,7,0.000,0.417,42.02,25.47,16.85,13.36,10.84,1,-1e-30,0.00,7.487e-01,2.510e-01,3.560e-05,2.600e-05,1.132e-04,-1.000,2.682e-04,-3.218,-2.991,-2.270,-2.221,-3.798
0.00024632,-1.80000,10.07918,0.8049272895,2.4204356670,0.743,3.260,3.6323,0.530,8,0.527,0.420,51.46,30.25,19.86,15.78,12.81,1,-4.71e-07,0.00,7.460e-01,2.538e-01,3.521e-05,2.935e-05,1.139e-04,-1.000,2.148e-04,-3.380,-3.105,-2.340,-2.290,-3.938
0.00024632,-1.80000,10.07918,0.8049273491,2.4204356670,0.741,3.056,3.6477,0.796,8,0.527,0.412,29.25,18.72,12.56,9.91,8.03,1,-1.98e-07,0.00,7.460e-01,2.538e-01,3.521e-05,2.935e-05,1.139e-04,-1.000,2.148e-04,-2.869,-2.687,-2.015,-1.968,-3.461
0.00024632,-1.80000,10.07918,0.8049274683,2.4204356670,0.739,2.903,3.6594,0.994,8,0.527,0.412,19.18,13.07,8.91,7.00,5.67,2,-1.08e-07,0.00,7.460e-01,2.538e-01,3.521e-05,2.935e-05,1.139e-04,-1.000,2.148e-04,-2.488,-2.366,-1.762,-1.718,-3.094
0.00024632,-1.80000,10.07918,0.8049277067,2.4204356670,0.735,2.699,3.6751,1.257,8,0.527,0.412,10.92,8.10,5.64,4.40,3.56,3,-5.17e-08,0.00,7.460e-01,2.538e-01,3.521e-05,2.935e-05,1.139e-04,-1.000,2.148e-04,-1.979,-1.911,-1.397,-1.361,-2.574
0.00024632,-1.80000,10.07918,0.8049280047,2.4204359055,0.730,2.706,3.6744,1.245,8,0.528,0.412,11.18,8.27,5.75,4.49,3.63,2,-5.34e-08,0.00,7.460e-01,2.538e-01,3.521e-05,2.935e-05,1.139e-04,-1.000,2.148e-04,-1.995,-1.925,-1.408,-1.372,-2.590
0.00024632,-1.80000,10.07918,0.8049283624,2.4204359055,0.723,2.799,3.6671,1.118,8,0.528,0.412,14.62,10.38,7.15,5.60,4.53,2,-7.59e-08,0.00,7.460e-01,2.538e-01,3.521e-05,2.935e-05,1.139e-04,-1.000,2.148e-04,-2.228,-2.136,-1.579,-1.539,-2.830
0.00024632,-1.80000,10.07918,0.8049287796,2.4204361439,0.714,2.978,3.6531,0.878,8,0.528,0.412,24.30,15.96,10.78,8.50,6.88,1,-1.55e-07,0.00,7.460e-01,2.538e-01,3.521e-05,2.935e-05,1.139e-04,-1.000,2.149e-04,-2.675,-2.521,-1.878,-1.832,-3.275
0.00024632,-1.80000,10.07918,0.8049293160,2.4204363823,0.704,3.136,3.6406,0.664,8,0.528,0.412,38.27,23.43,15.54,12.33,10.00,1,-3.07e-07,0.00,7.460e-01,2.538e-01,3.521e-05,2.935e-05,1.139e-04,-1.000,2.148e-04,-3.071,-2.849,-2.135,-2.086,-3.651
0.00024632,-1.80000,10.07918,0.8049299717,2.4204366207,0.693,3.242,3.6321,0.517,8,0.529,0.412,52.19,30.43,19.94,15.89,12.89,1,-5.02e-07,0.00,7.460e-01,2.538e-01,3.521e-05,2.935e-05,1.139e-04,-1.000,2.149e-04,-3.336,-3.060,-2.293,-2.243,-3.894
0.00024632,-1.80000,10.07918,0.8049306273,2.4204368591,0.681,3.302,3.6273,0.430,8,0.529,0.412,62.63,35.43,23.06,18.42,14.95,1,-6.79e-07,0.00,7.460e-01,2.538e-01,3.521e-05,2.935e-05,1.139e-04,-1.000,2.149e-04,-3.485,-3.174,-2.371,-2.320,-4.029
0.00024632,-1.80000,10.07918,0.8049314022,2.4204370975,0.668,3.333,3.6245,0.380,8,0.530,0.412,69.60,38.65,25.04,20.05,16.27,1,-8.16e-07,0.00,7.460e-01,2.538e-01,3.521e-05,2.935e-05,1.139e-04,-1.000,2.148e-04,-3.563,-3.231,-2.407,-2.356,-4.097
0.00024632,-1.80000,10.07918,0.8049322367,2.4204373360,0.653,3.353,3.6226,0.342,8,0.530,0.412,75.11,41.11,26.55,21.29,17.28,1,-9.37e-07,0.00,7.460e-01,2.538e-01,3.521e-05,2.935e-05,1.139e-04,-1.000,2.148e-04,-3.613,-3.266,-2.427,-2.375,-4.141
0.00024632,-1.80000,10.07918,0.8049361110,2.4204387665,0.532,-9.999,4.0000,1.843,9,0.532,0.000,0.00,0.00,0.00,0.00,0.00,-1,-1e-30,0.00,7.460e-01,2.538e-01,3.521e-05,2.935e-05,1.139e-04,-1.000,2.149e-04,29.767,30.055,30.048,30.039,30.050
