Gmag,G_BPbrmag,G_BPftmag,G_RPmag
14.861,17.846,17.892,13.411
14.819,17.803,17.849,13.370
14.185,16.850,16.896,12.781
13.199,15.277,15.324,11.895
12.545,14.304,14.351,11.312
12.066,13.636,13.683,10.882
11.640,13.079,13.127,10.496
11.363,12.725,12.772,10.244
10.731,11.961,12.009,9.660
10.262,11.421,11.468,9.219
9.854,10.958,11.005,8.835
9.409,10.443,10.490,8.422
8.913,9.865,9.912,7.967
8.373,9.235,9.283,7.477
8.023,8.823,8.870,7.163
7.769,8.525,8.571,6.937
7.340,8.006,8.052,6.567
7.167,7.795,7.840,6.421
6.567,7.076,7.117,5.913
6.503,7.002,7.042,5.857
6.299,6.767,6.805,5.680
6.113,6.555,6.591,5.518
6.036,6.467,6.502,5.450
5.981,6.405,6.439,5.403
5.836,6.241,6.274,5.274
5.703,6.093,6.124,5.157
5.577,5.952,5.982,5.045
5.539,5.910,5.939,5.011
5.495,5.861,5.890,4.971
5.381,5.735,5.763,4.869
5.272,5.616,5.642,4.770
5.169,5.504,5.530,4.677
5.067,5.394,5.418,4.584
5.058,5.384,5.409,4.576
4.994,5.315,5.339,4.516
4.886,5.200,5.222,4.417
4.777,5.084,5.106,4.316
4.678,4.978,4.999,4.223
4.578,4.872,4.893,4.130
4.547,4.839,4.860,4.100
4.435,4.722,4.742,3.994
4.289,4.571,4.590,3.855
4.169,4.447,4.466,3.738
4.061,4.337,4.355,3.633
4.040,4.316,4.335,3.613
3.962,4.238,4.257,3.535
3.954,4.229,4.248,3.527
3.892,4.168,4.186,3.465
3.774,4.052,4.071,3.343
3.697,3.978,3.997,3.264
3.652,3.936,3.956,3.215
3.552,3.847,3.868,3.102
3.485,3.797,3.819,3.017
3.458,3.789,3.814,2.968
3.454,3.806,3.833,2.944
3.447,3.818,3.847,2.916
3.406,3.796,3.826,2.858
3.324,3.728,3.759,2.762
3.279,3.688,3.720,2.712
3.225,3.637,3.670,2.655
3.108,3.527,3.560,2.533
2.985,3.408,3.441,2.405
2.884,3.310,3.344,2.302
2.780,3.209,3.243,2.195
2.649,3.081,3.115,2.060
2.539,2.974,3.008,1.948
2.439,2.877,2.911,1.846
2.312,2.753,2.787,1.715
2.210,2.653,2.688,1.610
2.111,2.558,2.593,1.509
2.012,2.463,2.498,1.407
1.886,2.341,2.377,1.276
1.760,2.221,2.257,1.146
1.693,2.157,2.192,1.075
1.603,2.071,2.107,0.982
1.482,1.955,1.992,0.856
1.369,1.848,1.885,0.739
1.255,1.739,1.777,0.619
1.139,1.630,1.668,0.499
1.025,1.522,1.560,0.380
0.915,1.418,1.456,0.263
0.805,1.315,1.354,0.147
0.700,1.218,1.257,0.036
0.621,1.144,1.184,-0.046
0.658,1.178,1.217,-0.007
0.728,1.241,1.280,0.068
0.749,1.260,1.299,0.091
0.724,1.237,1.277,0.065
0.622,1.142,1.182,-0.044
0.516,1.045,1.085,-0.156
0.415,0.952,0.993,-0.264
0.310,0.856,0.898,-0.375
0.211,0.766,0.808,-0.481
0.111,0.675,0.717,-0.589
0.015,0.588,0.631,-0.691
-0.081,0.501,0.544,-0.795
-0.178,0.414,0.458,-0.898
-0.271,0.331,0.375,-0.998
-0.366,0.246,0.291,-1.100
-0.456,0.165,0.211,-1.197
-0.547,0.084,0.130,-1.295
-0.635,0.006,0.052,-1.390
-0.723,-0.073,-0.026,-1.485
-0.808,-0.148,-0.101,-1.577
-0.892,-0.222,-0.174,-1.668
-0.978,-0.296,-0.247,-1.762
-1.059,-0.365,-0.316,-1.852
-1.140,-0.433,-0.384,-1.942
-1.221,-0.500,-0.451,-2.031
-1.299,-0.565,-0.515,-2.117
-1.378,-0.630,-0.580,-2.205
-1.452,-0.690,-0.639,-2.288
-1.527,-0.750,-0.700,-2.372
-1.603,-0.812,-0.761,-2.458
-1.689,-0.877,-0.826,-2.556
-1.774,-0.940,-0.889,-2.654
-1.843,-0.991,-0.939,-2.733
-1.922,-1.045,-0.994,-2.826
-2.000,-1.099,-1.047,-2.918
-2.071,-1.140,-1.088,-3.004
-2.139,-1.177,-1.125,-3.088
-2.204,-1.210,-1.158,-3.170
-2.261,-1.226,-1.174,-3.245
-2.316,-1.239,-1.187,-3.320
-2.361,-1.231,-1.179,-3.386
-2.401,-1.215,-1.164,-3.450
-2.435,-1.188,-1.136,-3.508
-2.465,-1.142,-1.091,-3.563
-2.491,-1.093,-1.042,-3.613
-2.512,-1.024,-0.974,-3.662
0.474,0.930,0.966,-0.136
0.450,0.908,0.943,-0.162
0.440,0.899,0.934,-0.172
0.437,0.896,0.931,-0.175
0.438,0.895,0.931,-0.173
0.441,0.897,0.932,-0.169
0.444,0.899,0.934,-0.165
0.448,0.901,0.936,-0.160
0.451,0.903,0.938,-0.155
0.454,0.905,0.940,-0.151
0.457,0.906,0.941,-0.147
0.459,0.907,0.942,-0.144
0.460,0.907,0.942,-0.142
0.461,0.908,0.942,-0.140
0.462,0.908,0.942,-0.139
0.462,0.908,0.942,-0.138
0.463,0.907,0.942,-0.137
0.463,0.907,0.941,-0.137
0.462,0.906,0.940,-0.137
0.461,0.904,0.939,-0.138
0.459,0.902,0.936,-0.140
0.456,0.899,0.934,-0.143
0.452,0.896,0.931,-0.147
0.452,0.896,0.930,-0.147
0.447,0.891,0.926,-0.152
0.441,0.886,0.921,-0.159
0.434,0.880,0.914,-0.167
0.425,0.872,0.907,-0.177
0.415,0.864,0.899,-0.188
0.404,0.854,0.889,-0.200
0.392,0.844,0.879,-0.214
0.378,0.831,0.866,-0.230
0.358,0.814,0.850,-0.252
0.365,0.820,0.855,-0.244
0.329,0.789,0.824,-0.285
0.264,0.732,0.768,-0.357
0.182,0.661,0.698,-0.448
0.092,0.583,0.621,-0.548
0.004,0.506,0.545,-0.646
-0.080,0.433,0.473,-0.739
-0.163,0.361,0.402,-0.831
-0.247,0.289,0.330,-0.924
-0.290,0.252,0.294,-0.971
-0.366,0.186,0.228,-1.056
-0.457,0.107,0.150,-1.156
-0.529,0.045,0.089,-1.235
-0.508,0.063,0.107,-1.211
-0.437,0.124,0.167,-1.133
-0.500,0.071,0.114,-1.202
-0.594,-0.011,0.033,-1.307
-0.667,-0.074,-0.029,-1.388
-0.749,-0.144,-0.099,-1.478
-0.833,-0.217,-0.171,-1.570
-0.916,-0.288,-0.242,-1.662
-0.999,-0.358,-0.310,-1.753
-1.082,-0.427,-0.379,-1.846
-1.164,-0.495,-0.446,-1.938
-1.245,-0.561,-0.512,-2.029
-1.322,-0.622,-0.573,-2.118
-1.364,-0.642,-0.592,-2.175
-1.426,-0.678,-0.628,-2.253
-1.500,-0.735,-0.685,-2.338
-1.575,-0.792,-0.742,-2.424
-1.647,-0.843,-0.792,-2.508
-1.718,-0.893,-0.841,-2.593
-1.794,-0.943,-0.892,-2.683
-1.873,-0.991,-0.939,-2.779
-1.944,-1.032,-0.980,-2.867
-2.004,-1.057,-1.005,-2.946
-2.064,-1.078,-1.026,-3.025
-2.114,-1.076,-1.024,-3.099
-2.158,-1.069,-1.017,-3.167
-2.192,-1.052,-1.000,-3.222
-2.209,-1.054,-1.002,-3.244
-2.219,-1.056,-1.005,-3.258
-2.213,-1.091,-1.040,-3.234
-2.207,-1.098,-1.047,-3.224
-2.212,-1.097,-1.046,-3.231
-2.221,-1.094,-1.042,-3.245
-2.260,-1.071,-1.019,-3.309
-2.288,-1.059,-1.007,-3.354
-2.315,-1.023,-0.972,-3.402
-2.340,-1.007,-0.956,-3.441
-2.381,-1.034,-0.983,-3.487
-2.539,-1.268,-1.217,-3.619
-2.764,-1.671,-1.619,-3.772
31.687,31.568,31.526,31.888
