Zini,MH,logAge,Mini,int_IMF,Mass,logL,logTe,logg,label,McoreTP,C_O,period0,period1,period2,period3,period4,pmode,Mloss,tau1m,X,Y,Xc,Xn,Xo,Cexcess,Z,,mbolmag,Umag,Bmag,Vmag,Rmag,Imag,Jmag,Hmag,Kmag
0.0094713,-0.20000,9.69897,0.0900000036,1.0816895962,0.090,-3.384,3.3804,5.250,1,0.000,0.545,0.00,0.00,0.00,0.00,0.00,-1,-4.11e-17,0.00,7.238e-01,2.666e-01,1.711e-03,4.615e-04,4.186e-03,-1.000,9.513e-03,13.230,22.584,19.874,17.978,15.758,13.488,11.123,10.555,10.289,
0.0094713,-0.20000,9.69897,0.1000000015,1.1711064577,0.100,-3.188,3.4088,5.213,1,0.000,0.545,0.00,0.00,0.00,0.00,0.00,-1,-6.38e-17,0.00,7.236e-01,2.669e-01,1.711e-03,4.615e-04,4.186e-03,-1.000,9.513e-03,12.740,22.027,19.355,17.469,15.263,12.999,10.635,10.067,9.797,
0.0094713,-0.20000,9.69897,0.1200000048,1.3193155527,0.120,-2.922,3.4426,5.161,1,0.000,0.545,0.00,0.00,0.00,0.00,0.00,-1,-1.14e-16,0.00,7.231e-01,2.674e-01,1.711e-03,4.615e-04,4.186e-03,-1.000,9.513e-03,12.074,19.971,17.735,15.957,14.082,12.044,10.036,9.453,9.171,
0.0094713,-0.20000,9.69897,0.1400000006,1.4384527206,0.140,-2.740,3.4616,5.122,1,0.000,0.545,0.00,0.00,0.00,0.00,0.00,-1,-1.68e-16,0.00,7.227e-01,2.678e-01,1.711e-03,4.615e-04,4.186e-03,-1.000,9.513e-03,11.620,18.611,16.636,14.926,13.270,11.409,9.632,9.041,8.757,
0.0094713,-0.20000,9.69897,0.1599999964,1.5372931957,0.160,-2.598,3.4752,5.093,1,0.000,0.545,0.00,0.00,0.00,0.00,0.00,-1,-2.26e-16,0.00,7.223e-01,2.682e-01,1.711e-03,4.615e-04,4.186e-03,-1.000,9.513e-03,11.264,17.680,15.863,14.197,12.680,10.948,9.311,8.715,8.435,
0.0094713,-0.20000,9.69897,0.2000000030,1.6938791275,0.200,-2.380,3.4938,5.046,1,0.000,0.545,0.00,0.00,0.00,0.00,0.00,-1,-3.51e-16,0.00,7.216e-01,2.689e-01,1.711e-03,4.615e-04,4.186e-03,-1.000,9.513e-03,10.721,16.427,14.799,13.180,11.829,10.284,8.817,8.216,7.945,
0.0094713,-0.20000,9.69897,0.2462758422,1.8307803869,0.246,-2.191,3.5075,5.002,1,0.000,0.545,0.00,0.00,0.00,0.00,0.00,-1,-5.14e-16,0.00,7.211e-01,2.694e-01,1.711e-03,4.615e-04,4.186e-03,-1.000,9.513e-03,10.247,15.520,14.002,12.425,11.171,9.745,8.379,7.774,7.511,
0.0094713,-0.20000,9.69897,0.2500000000,1.8403258324,0.250,-2.177,3.5084,4.999,1,0.000,0.545,0.00,0.00,0.00,0.00,0.00,-1,-5.29e-16,0.00,7.210e-01,2.695e-01,1.711e-03,4.615e-04,4.186e-03,-1.000,9.513e-03,10.213,15.456,13.945,12.372,11.124,9.706,8.347,7.742,7.480,
0.0094713,-0.20000,9.69897,0.3000000119,1.9529139996,0.300,-2.015,3.5190,4.958,1,0.000,0.545,0.00,0.00,0.00,0.00,0.00,-1,-7.35e-16,0.00,7.206e-01,2.699e-01,1.710e-03,4.615e-04,4.186e-03,-1.000,9.513e-03,9.807,14.766,13.321,11.778,10.590,9.259,7.968,7.358,7.104,
0.0094713,-0.20000,9.69897,0.3356806636,2.0193042755,0.336,-1.903,3.5253,4.920,1,0.000,0.545,0.00,0.00,0.00,0.00,0.00,-1,-9.4e-16,0.00,7.235e-01,2.670e-01,1.711e-03,4.615e-04,4.186e-03,-1.000,9.513e-03,9.527,14.336,12.923,11.402,10.245,8.960,7.704,7.090,6.840,
0.0094713,-0.20000,9.69897,0.3500000238,2.0434176922,0.350,-1.860,3.5276,4.905,1,0.000,0.545,0.00,0.00,0.00,0.00,0.00,-1,-1.03e-15,0.00,7.243e-01,2.662e-01,1.711e-03,4.615e-04,4.186e-03,-1.000,9.513e-03,9.420,14.176,12.774,11.261,10.115,8.846,7.603,6.988,6.740,
0.0094713,-0.20000,9.69897,0.4000000358,2.1185026169,0.400,-1.713,3.5387,4.860,1,0.000,0.545,0.00,0.00,0.00,0.00,0.00,-1,-1.43e-15,0.00,7.244e-01,2.661e-01,1.711e-03,4.615e-04,4.186e-03,-1.000,9.513e-03,9.052,13.587,12.223,10.741,9.642,8.449,7.263,6.641,6.401,
0.0094713,-0.20000,9.69897,0.4500000179,2.1822810173,0.450,-1.556,3.5518,4.806,1,0.000,0.545,0.00,0.00,0.00,0.00,0.00,-1,-2.06e-15,0.00,7.244e-01,2.661e-01,1.711e-03,4.615e-04,4.186e-03,-1.000,9.513e-03,8.659,12.974,11.636,10.186,9.134,8.027,6.904,6.272,6.042,
0.0094713,-0.20000,9.69897,0.4588693976,2.1926338673,0.459,-1.525,3.5550,4.796,1,0.000,0.545,0.00,0.00,0.00,0.00,0.00,-1,-2.22e-15,0.00,7.244e-01,2.661e-01,1.711e-03,4.615e-04,4.186e-03,-1.000,9.513e-03,8.582,12.850,11.516,10.072,9.030,7.945,6.836,6.202,5.973,
0.0094713,-0.20000,9.69897,0.5000000000,2.2374541759,0.500,-1.390,3.5688,4.754,1,0.000,0.545,0.00,0.00,0.00,0.00,0.00,-1,-3.04e-15,0.00,7.244e-01,2.661e-01,1.711e-03,4.615e-04,4.186e-03,-1.000,9.513e-03,8.244,12.317,10.994,9.575,8.574,7.584,6.537,5.893,5.675,
0.0094713,-0.20000,9.69897,0.5500000119,2.2836582661,0.550,-1.212,3.5905,4.704,1,0.000,0.545,0.00,0.00,0.00,0.00,0.00,-1,-4.62e-15,0.00,7.369e-01,2.540e-01,1.638e-03,4.421e-04,4.010e-03,-1.000,9.117e-03,7.800,11.601,10.290,8.916,7.970,7.117,6.154,5.491,5.298,
0.0094713,-0.20000,9.69897,0.6000000238,2.3211214542,0.600,-1.038,3.6168,4.673,1,0.000,0.545,0.00,0.00,0.00,0.00,0.00,-1,-6.85e-15,0.00,7.388e-01,2.521e-01,1.628e-03,4.393e-04,3.985e-03,-1.000,9.048e-03,7.364,10.864,9.557,8.267,7.387,6.665,5.780,5.099,4.950,
0.0094713,-0.20000,9.69897,0.6173651218,2.3325114250,0.617,-0.976,3.6277,4.667,1,0.000,0.545,0.00,0.00,0.00,0.00,0.00,-1,-7.84e-15,0.00,7.394e-01,2.515e-01,1.624e-03,4.384e-04,3.977e-03,-1.000,9.034e-03,7.210,10.573,9.271,8.026,7.178,6.505,5.650,4.972,4.840,
0.0094713,-0.20000,9.69897,0.6499999762,2.3520355225,0.650,-0.864,3.6474,4.656,1,0.000,0.544,0.00,0.00,0.00,0.00,0.00,-1,-1e-14,0.00,7.406e-01,2.504e-01,1.618e-03,4.367e-04,3.962e-03,-1.000,9.009e-03,6.930,9.959,8.728,7.582,6.801,6.217,5.421,4.765,4.660,
0.0094713,-0.20000,9.69897,0.6623558998,2.3588526249,0.662,-0.822,3.6549,4.653,1,0.000,0.544,0.00,0.00,0.00,0.00,0.00,-1,-1.1e-14,0.00,7.410e-01,2.500e-01,1.616e-03,4.361e-04,3.957e-03,-1.000,8.998e-03,6.826,9.693,8.522,7.416,6.664,6.109,5.338,4.699,4.602,
0.0094713,-0.20000,9.69897,0.7000000477,2.3779268265,0.700,-0.699,3.6768,4.641,1,0.000,0.544,0.00,0.00,0.00,0.00,0.00,-1,-1.43e-14,0.00,7.424e-01,2.486e-01,1.608e-03,4.342e-04,3.939e-03,-1.000,8.973e-03,6.518,8.886,7.937,6.942,6.280,5.791,5.097,4.523,4.441,
0.0094713,-0.20000,9.69897,0.7210078835,2.3875813484,0.721,-0.633,3.6881,4.633,1,0.000,0.541,0.00,0.00,0.00,0.00,0.00,-1,-1.66e-14,0.00,7.434e-01,2.477e-01,1.594e-03,4.325e-04,3.927e-03,-1.000,8.949e-03,6.352,8.485,7.650,6.705,6.086,5.622,4.967,4.429,4.352,
0.0094713,-0.20000,9.69897,0.7500000000,2.3998889923,0.750,-0.543,3.7031,4.621,1,0.000,0.537,0.00,0.00,0.00,0.00,0.00,-1,-2.03e-14,0.00,7.447e-01,2.465e-01,1.575e-03,4.303e-04,3.911e-03,-1.000,8.841e-03,6.128,7.960,7.281,6.400,5.834,5.401,4.796,4.302,4.232,
0.0094713,-0.20000,9.69897,0.7783553004,2.4109122753,0.778,-0.459,3.7158,4.603,1,0.000,0.537,0.00,0.00,0.00,0.00,0.00,-1,-2.47e-14,0.00,7.464e-01,2.448e-01,1.566e-03,4.280e-04,3.890e-03,-1.000,8.857e-03,5.917,7.514,6.961,6.129,5.605,5.195,4.631,4.173,4.109,
0.0094713,-0.20000,9.69897,0.7994467616,2.4185309410,0.799,-0.397,3.7250,4.589,1,0.000,0.537,0.00,0.00,0.00,0.00,0.00,-1,-2.86e-14,0.00,7.476e-01,2.436e-01,1.559e-03,4.262e-04,3.873e-03,-1.000,8.826e-03,5.762,7.200,6.735,5.938,5.440,5.046,4.511,4.077,4.017,
0.0094713,-0.20000,9.69897,0.8146200180,2.4237320423,0.814,-0.352,3.7312,4.578,1,0.000,0.537,0.00,0.00,0.00,0.00,0.00,-1,-3.17e-14,0.00,7.487e-01,2.425e-01,1.553e-03,4.246e-04,3.859e-03,-1.000,8.800e-03,5.651,6.988,6.579,5.806,5.325,4.940,4.424,4.007,3.949,
0.0094713,-0.20000,9.69897,0.8406340480,2.4321491718,0.840,-0.277,3.7414,4.557,1,0.000,0.537,0.00,0.00,0.00,0.00,0.00,-1,-3.8e-14,0.00,7.506e-01,2.406e-01,1.543e-03,4.218e-04,3.834e-03,-1.000,8.716e-03,5.463,6.637,6.319,5.585,5.132,4.764,4.279,3.888,3.834,
0.0094713,-0.20000,9.69897,0.8488935828,2.4346976280,0.848,-0.253,3.7446,4.550,1,0.000,0.537,0.00,0.00,0.00,0.00,0.00,-1,-4.03e-14,0.00,7.513e-01,2.400e-01,1.540e-03,4.209e-04,3.826e-03,-1.000,8.701e-03,5.404,6.526,6.239,5.517,5.073,4.710,4.234,3.850,3.797,
0.0094713,-0.20000,9.69897,0.8703967333,2.4410727024,0.870,-0.192,3.7521,4.530,1,0.000,0.536,0.00,0.00,0.00,0.00,0.00,-1,-4.69e-14,0.00,7.534e-01,2.380e-01,1.529e-03,4.179e-04,3.799e-03,-1.000,8.642e-03,5.250,6.255,6.037,5.345,4.921,4.570,4.114,3.747,3.699,
0.0094713,-0.20000,9.69897,0.8965999484,2.4483678341,0.896,-0.118,3.7608,4.503,1,0.000,0.536,0.00,0.00,0.00,0.00,0.00,-1,-5.65e-14,0.00,7.561e-01,2.353e-01,1.514e-03,4.140e-04,3.765e-03,-1.000,8.595e-03,5.064,5.946,5.799,5.140,4.738,4.400,3.967,3.620,3.576,
0.0094713,-0.20000,9.69897,0.8983402848,2.4488351345,0.898,-0.113,3.7614,4.501,1,0.000,0.536,0.00,0.00,0.00,0.00,0.00,-1,-5.72e-14,0.00,7.562e-01,2.352e-01,1.513e-03,4.137e-04,3.763e-03,-1.000,8.587e-03,5.052,5.926,5.783,5.127,4.726,4.389,3.958,3.612,3.568,
0.0094713,-0.20000,9.69897,0.9101345539,2.4519474506,0.909,-0.079,3.7650,4.488,1,0.000,0.536,0.00,0.00,0.00,0.00,0.00,-1,-6.24e-14,0.00,7.578e-01,2.336e-01,1.505e-03,4.114e-04,3.742e-03,-1.000,8.519e-03,4.968,5.797,5.678,5.036,4.644,4.312,3.891,3.553,3.510,
0.0094713,-0.20000,9.69897,0.9259257913,2.4559719563,0.925,-0.034,3.7696,4.469,1,0.000,0.536,0.00,0.00,0.00,0.00,0.00,-1,-7.02e-14,0.00,7.601e-01,2.315e-01,1.492e-03,4.082e-04,3.713e-03,-1.000,8.434e-03,4.855,5.626,5.539,4.916,4.534,4.210,3.800,3.472,3.432,
0.0094713,-0.20000,9.69897,0.9404987693,2.4595484734,0.940,0.008,3.7737,4.450,1,0.000,0.536,0.00,0.00,0.00,0.00,0.00,-1,-7.84e-14,0.00,7.623e-01,2.293e-01,1.481e-03,4.050e-04,3.684e-03,-1.000,8.334e-03,4.751,5.474,5.411,4.805,4.434,4.116,3.717,3.398,3.360,
0.0094713,-0.20000,9.69897,0.9477871060,2.4612896442,0.947,0.028,3.7756,4.441,1,0.000,0.536,0.00,0.00,0.00,0.00,0.00,-1,-8.29e-14,0.00,7.635e-01,2.282e-01,1.474e-03,4.034e-04,3.669e-03,-1.000,8.299e-03,4.699,5.398,5.347,4.750,4.383,4.069,3.675,3.360,3.323,
0.0094713,-0.20000,9.69897,0.9549075365,2.4629614353,0.954,0.049,3.7774,4.430,1,0.000,0.536,0.00,0.00,0.00,0.00,0.00,-1,-8.76e-14,0.00,7.650e-01,2.268e-01,1.466e-03,4.012e-04,3.649e-03,-1.000,8.254e-03,4.648,5.326,5.286,4.696,4.334,4.022,3.633,3.322,3.285,
0.0094713,-0.20000,9.69897,0.9690272212,2.4661929607,0.968,0.090,3.7808,4.410,1,0.000,0.536,0.00,0.00,0.00,0.00,0.00,-1,-9.78e-14,0.00,7.681e-01,2.237e-01,1.450e-03,3.967e-04,3.609e-03,-1.000,8.196e-03,4.546,5.186,5.164,4.590,4.235,3.929,3.549,3.244,3.210,
0.0094713,-0.20000,9.69897,0.9820573926,2.4690806866,0.982,0.128,3.7839,4.390,1,0.000,0.535,0.00,0.00,0.00,0.00,0.00,-1,-1.08e-13,0.00,7.711e-01,2.208e-01,1.434e-03,3.923e-04,3.570e-03,-1.000,8.096e-03,4.451,5.063,5.053,4.491,4.143,3.842,3.470,3.172,3.138,
0.0094713,-0.20000,9.69897,0.9944201112,2.4717400074,0.994,0.164,3.7866,4.370,1,0.000,0.535,0.00,0.00,0.00,0.00,0.00,-1,-1.2e-13,0.00,7.741e-01,2.178e-01,1.417e-03,3.879e-04,3.530e-03,-1.000,8.055e-03,4.360,4.947,4.948,4.398,4.056,3.759,3.393,3.101,3.069,
0.0094713,-0.20000,9.69897,0.9972338676,2.4723346233,0.997,0.172,3.7872,4.365,1,0.000,0.535,0.00,0.00,0.00,0.00,0.00,-1,-1.23e-13,0.00,7.748e-01,2.171e-01,1.413e-03,3.869e-04,3.521e-03,-1.000,8.030e-03,4.339,4.921,4.924,4.377,4.036,3.740,3.375,3.084,3.052,
0.0094713,-0.20000,9.69897,1.0066989660,2.4743070602,1.006,0.200,3.7891,4.349,1,0.000,0.535,0.00,0.00,0.00,0.00,0.00,-1,-1.31e-13,0.00,7.775e-01,2.145e-01,1.399e-03,3.831e-04,3.488e-03,-1.000,7.936e-03,4.270,4.833,4.844,4.305,3.968,3.675,3.315,3.028,2.997,
0.0094713,-0.20000,9.69897,1.0184621811,2.4766998291,1.018,0.235,3.7912,4.328,1,0.000,0.534,0.00,0.00,0.00,0.00,0.00,-1,-1.42e-13,0.00,7.809e-01,2.113e-01,1.382e-03,3.786e-04,3.448e-03,-1.000,7.864e-03,4.182,4.728,4.745,4.215,3.883,3.594,3.239,2.957,2.927,
0.0094713,-0.20000,9.69897,1.0293087959,2.4788503647,1.028,0.267,3.7931,4.307,1,0.000,0.534,0.00,0.00,0.00,0.00,0.00,-1,-1.53e-13,0.00,7.839e-01,2.083e-01,1.367e-03,3.745e-04,3.411e-03,-1.000,7.734e-03,4.103,4.634,4.656,4.134,3.806,3.520,3.169,2.890,2.860,
0.0094713,-0.20000,9.69897,1.0398026705,2.4808821678,1.039,0.297,3.7946,4.288,1,0.000,0.534,0.00,0.00,0.00,0.00,0.00,-1,-1.65e-13,0.00,7.868e-01,2.055e-01,1.353e-03,3.708e-04,3.378e-03,-1.000,7.712e-03,4.027,4.547,4.572,4.056,3.732,3.448,3.101,2.825,2.796,
0.0094713,-0.20000,9.69897,1.0466805696,2.4821882248,1.046,0.317,3.7955,4.274,1,0.000,0.534,0.00,0.00,0.00,0.00,0.00,-1,-1.73e-13,0.00,7.887e-01,2.036e-01,1.344e-03,3.684e-04,3.356e-03,-1.000,7.693e-03,3.978,4.491,4.518,4.006,3.684,3.402,3.056,2.782,2.754,
0.0094713,-0.20000,9.69897,1.0629285574,2.4851968288,1.062,0.363,3.7972,4.241,1,0.000,0.534,0.00,0.00,0.00,0.00,0.00,-1,-1.93e-13,0.00,7.890e-01,2.033e-01,1.349e-03,3.699e-04,3.371e-03,-1.000,7.722e-03,3.862,4.363,4.393,3.888,3.570,3.291,2.949,2.679,2.651,
0.0094713,-0.20000,9.69897,1.0764350891,2.4876184464,1.075,0.405,3.7986,4.211,1,0.000,0.533,0.00,0.00,0.00,0.00,0.00,-1,-2.14e-13,0.00,7.879e-01,2.044e-01,1.360e-03,3.730e-04,3.400e-03,-1.000,7.734e-03,3.757,4.248,4.280,3.782,3.466,3.190,2.851,2.584,2.556,
0.0094713,-0.20000,9.69897,1.0878473520,2.4896109104,1.086,0.442,3.7996,4.182,1,0.000,0.533,0.00,0.00,0.00,0.00,0.00,-1,-2.35e-13,0.00,7.859e-01,2.063e-01,1.375e-03,3.772e-04,3.438e-03,-1.000,7.828e-03,3.664,4.148,4.181,3.688,3.375,3.100,2.764,2.499,2.472,
0.0094713,-0.20000,9.69897,1.0903245211,2.4900369644,1.089,0.450,3.7998,4.176,1,0.000,0.533,0.00,0.00,0.00,0.00,0.00,-1,-2.41e-13,0.00,7.854e-01,2.068e-01,1.378e-03,3.781e-04,3.447e-03,-1.000,7.851e-03,3.644,4.127,4.160,3.668,3.355,3.081,2.745,2.481,2.453,
0.0094713,-0.20000,9.69897,1.0961275101,2.4910266399,1.095,0.470,3.8001,4.160,1,0.000,0.533,0.00,0.00,0.00,0.00,0.00,-1,-2.53e-13,0.00,7.843e-01,2.078e-01,1.386e-03,3.804e-04,3.467e-03,-1.000,7.904e-03,3.595,4.076,4.109,3.618,3.307,3.032,2.698,2.434,2.406,
0.0094713,-0.20000,9.69897,1.0999735594,2.4916758537,1.098,0.483,3.8003,4.149,1,0.000,0.533,0.00,0.00,0.00,0.00,0.00,-1,-2.62e-13,0.00,7.836e-01,2.085e-01,1.390e-03,3.814e-04,3.477e-03,-1.000,7.926e-03,3.563,4.043,4.075,3.585,3.274,3.000,2.666,2.403,2.375,
0.0094713,-0.20000,9.69897,1.1097604036,2.4933047295,1.108,0.517,3.8004,4.119,1,0.000,0.533,0.00,0.00,0.00,0.00,0.00,-1,-2.87e-13,0.00,7.818e-01,2.103e-01,1.401e-03,3.841e-04,3.502e-03,-1.000,7.981e-03,3.477,3.958,3.988,3.499,3.188,2.915,2.581,2.318,2.291,
0.0094713,-0.20000,9.69897,1.1211965084,2.4951665401,1.120,0.558,3.7999,4.080,1,0.000,0.533,0.00,0.00,0.00,0.00,0.00,-1,-3.22e-13,0.00,7.797e-01,2.123e-01,1.412e-03,3.873e-04,3.530e-03,-1.000,8.044e-03,3.374,3.859,3.885,3.395,3.084,2.810,2.475,2.211,2.184,
0.0094713,-0.20000,9.69897,1.1309881210,2.4967262745,1.129,0.595,3.7986,4.042,1,0.000,0.534,0.00,0.00,0.00,0.00,0.00,-1,-3.59e-13,0.00,7.779e-01,2.140e-01,1.422e-03,3.899e-04,3.554e-03,-1.000,8.098e-03,3.282,3.778,3.798,3.304,2.991,2.715,2.377,2.111,2.083,
0.0094713,-0.20000,9.69897,1.1338392496,2.4971747398,1.132,0.606,3.7981,4.031,1,0.000,0.534,0.00,0.00,0.00,0.00,0.00,-1,-3.7e-13,0.00,7.774e-01,2.145e-01,1.425e-03,3.907e-04,3.561e-03,-1.000,8.114e-03,3.255,3.755,3.773,3.278,2.963,2.687,2.347,2.081,2.052,
0.0094713,-0.20000,9.69897,1.1436874866,2.4987037182,1.142,0.645,3.7947,3.981,2,0.000,0.534,0.00,0.00,0.00,0.00,0.00,-1,-4.19e-13,0.00,7.755e-01,2.163e-01,1.435e-03,3.934e-04,3.586e-03,-1.000,8.170e-03,3.158,3.685,3.691,3.183,2.862,2.580,2.232,1.960,1.930,
0.0094713,-0.20000,9.69897,1.1455740929,2.4989931583,1.144,0.652,3.7938,3.971,2,0.000,0.534,0.00,0.00,0.00,0.00,0.00,-1,-4.3e-13,0.00,7.752e-01,2.166e-01,1.437e-03,3.939e-04,3.590e-03,-1.000,8.178e-03,3.139,3.672,3.676,3.165,2.842,2.559,2.210,1.935,1.905,
0.0094713,-0.20000,9.69897,1.1464514732,2.4991273880,1.145,0.656,3.7933,3.966,2,0.000,0.534,0.00,0.00,0.00,0.00,0.00,-1,-4.35e-13,0.00,7.752e-01,2.166e-01,1.437e-03,3.939e-04,3.591e-03,-1.000,8.180e-03,3.130,3.667,3.669,3.156,2.832,2.548,2.198,1.922,1.892,
0.0094713,-0.20000,9.69897,1.1502237320,2.4997019768,1.149,0.672,3.7907,3.941,2,0.000,0.534,0.00,0.00,0.00,0.00,0.00,-1,-4.6e-13,0.00,7.748e-01,2.170e-01,1.439e-03,3.942e-04,3.595e-03,-1.000,8.191e-03,3.090,3.648,3.642,3.119,2.790,2.502,2.145,1.865,1.833,
0.0094713,-0.20000,9.69897,1.1542861462,2.5003156662,1.153,0.687,3.7863,3.911,2,0.000,0.534,0.00,0.00,0.00,0.00,0.00,-1,-4.88e-13,0.00,7.715e-01,2.202e-01,1.455e-03,3.982e-04,3.633e-03,-1.000,8.280e-03,3.054,3.648,3.627,3.086,2.749,2.454,2.086,1.797,1.764,
0.0094713,-0.20000,9.69897,1.1595581770,2.5011050701,1.158,0.701,3.7788,3.868,2,0.000,0.534,0.00,0.00,0.00,0.00,0.00,-1,-5.25e-13,0.00,7.643e-01,2.272e-01,1.490e-03,4.073e-04,3.717e-03,-1.000,8.472e-03,3.017,3.678,3.629,3.058,2.706,2.399,2.012,1.706,1.670,
0.0094713,-0.20000,9.69897,1.1642247438,2.5017967224,1.162,0.702,3.7674,3.823,2,0.000,0.535,0.00,0.00,0.00,0.00,0.00,-1,-5.5e-13,0.00,7.555e-01,2.358e-01,1.534e-03,4.189e-04,3.823e-03,-1.000,8.684e-03,3.015,3.795,3.693,3.075,2.698,2.372,1.954,1.622,1.581,
0.0094713,-0.20000,9.69897,1.1672263145,2.5022382736,1.165,0.689,3.7558,3.791,2,0.000,0.536,0.00,0.00,0.00,0.00,0.00,-1,-5.52e-13,0.00,7.462e-01,2.448e-01,1.579e-03,4.308e-04,3.931e-03,-1.000,8.935e-03,3.047,3.956,3.793,3.129,2.727,2.383,1.933,1.575,1.529,
0.0094713,-0.20000,9.69897,1.1688221693,2.5024719238,1.167,0.677,3.7479,3.771,2,0.000,0.536,0.00,0.00,0.00,0.00,0.00,-1,-5.47e-13,0.00,7.411e-01,2.498e-01,1.605e-03,4.374e-04,3.992e-03,-1.000,9.057e-03,3.077,4.083,3.872,3.178,2.757,2.400,1.928,1.551,1.501,
0.0094713,-0.20000,9.69897,1.1701990366,2.5026731491,1.168,0.665,3.7402,3.753,2,0.000,0.536,0.00,0.00,0.00,0.00,0.00,-1,-5.42e-13,0.00,7.374e-01,2.534e-01,1.623e-03,4.422e-04,4.036e-03,-1.000,9.170e-03,3.106,4.212,3.949,3.227,2.789,2.419,1.925,1.529,1.476,
0.0094713,-0.20000,9.69897,1.1712495089,2.5028259754,1.169,0.655,3.7338,3.738,2,0.000,0.536,0.00,0.00,0.00,0.00,0.00,-1,-5.37e-13,0.00,7.352e-01,2.556e-01,1.634e-03,4.450e-04,4.061e-03,-1.000,9.242e-03,3.132,4.324,4.017,3.271,2.819,2.439,1.926,1.512,1.458,
0.0094713,-0.20000,9.69897,1.1725839376,2.5030200481,1.171,0.651,3.7265,3.714,2,0.000,0.537,0.00,0.00,0.00,0.00,0.00,-1,-5.44e-13,0.00,7.331e-01,2.576e-01,1.643e-03,4.474e-04,4.084e-03,-1.000,9.301e-03,3.144,4.438,4.079,3.306,2.836,2.444,1.909,1.476,1.419,
0.0094713,-0.20000,9.69897,1.1742275953,2.5032582283,1.172,0.658,3.7190,3.677,2,0.000,0.537,0.00,0.00,0.00,0.00,0.00,-1,-5.74e-13,0.00,7.311e-01,2.596e-01,1.651e-03,4.495e-04,4.103e-03,-1.000,9.316e-03,3.124,4.527,4.113,3.312,2.824,2.420,1.860,1.406,1.347,
0.0094713,-0.20000,9.69897,1.1763002872,2.5035574436,1.174,0.693,3.7127,3.618,2,0.000,0.537,0.00,0.00,0.00,0.00,0.00,-1,-6.58e-13,0.00,7.287e-01,2.620e-01,1.658e-03,4.513e-04,4.121e-03,-1.000,9.325e-03,3.039,4.535,4.074,3.250,2.748,2.332,1.752,1.280,1.218,
0.0094713,-0.20000,9.69897,1.1765261889,2.5035901070,1.175,0.697,3.7122,3.612,2,0.000,0.537,0.00,0.00,0.00,0.00,0.00,-1,-6.72e-13,0.00,7.283e-01,2.623e-01,1.659e-03,4.515e-04,4.122e-03,-1.000,9.373e-03,3.027,4.532,4.067,3.241,2.737,2.321,1.738,1.265,1.203,
0.0094713,-0.20000,9.69897,1.1767971516,2.5036289692,1.175,0.703,3.7116,3.603,2,0.000,0.536,0.00,0.00,0.00,0.00,0.00,-1,-6.91e-13,0.00,7.280e-01,2.626e-01,1.659e-03,4.518e-04,4.124e-03,-1.000,9.369e-03,3.011,4.524,4.055,3.227,2.722,2.305,1.720,1.245,1.183,
0.0094713,-0.20000,9.69897,1.1784309149,2.5038638115,1.177,0.745,3.7086,3.550,3,0.000,0.533,0.00,0.00,0.00,0.00,0.00,-1,-7.98e-13,0.00,7.256e-01,2.650e-01,1.652e-03,4.570e-04,4.134e-03,-1.000,9.355e-03,2.908,4.464,3.974,3.135,2.624,2.201,1.606,1.122,1.059,
0.0094713,-0.20000,9.69897,1.1799665689,2.5040838718,1.178,0.789,3.7063,3.498,3,0.000,0.521,0.00,0.00,0.00,0.00,0.00,-1,-9.33e-13,0.00,7.229e-01,2.677e-01,1.619e-03,4.854e-04,4.141e-03,-1.000,9.400e-03,2.798,4.387,3.882,3.035,2.518,2.091,1.489,0.998,0.934,
0.0094713,-0.20000,9.69897,1.1816650629,2.5043263435,1.180,0.842,3.7041,3.436,3,0.000,0.496,0.00,0.00,0.00,0.00,0.00,-1,-1.13e-12,0.00,7.194e-01,2.711e-01,1.541e-03,5.681e-04,4.148e-03,-1.000,9.439e-03,2.665,4.288,3.767,2.910,2.388,1.957,1.347,0.850,0.786,
0.0094713,-0.20000,9.69897,1.1830579042,2.5045247078,1.181,0.890,3.7024,3.381,3,0.000,0.472,0.00,0.00,0.00,0.00,0.00,-1,-1.34e-12,0.00,7.165e-01,2.741e-01,1.468e-03,6.573e-04,4.153e-03,-1.000,9.470e-03,2.544,4.194,3.661,2.797,2.271,1.836,1.220,0.719,0.653,
0.0094713,-0.20000,9.69897,1.1841287613,2.5046768188,1.182,0.930,3.7010,3.336,3,0.000,0.456,0.00,0.00,0.00,0.00,0.00,-1,-1.54e-12,0.00,7.142e-01,2.764e-01,1.421e-03,7.163e-04,4.155e-03,-1.000,9.490e-03,2.444,4.114,3.572,2.701,2.173,1.736,1.115,0.610,0.544,
0.0094713,-0.20000,9.69897,1.1853801012,2.5048542023,1.183,0.981,3.6993,3.280,3,0.000,0.441,0.00,0.00,0.00,0.00,0.00,-1,-1.84e-12,0.00,7.115e-01,2.789e-01,1.376e-03,7.725e-04,4.158e-03,-1.000,9.513e-03,2.318,4.016,3.461,2.583,2.050,1.610,0.983,0.473,0.407,
0.0094713,-0.20000,9.69897,1.1865218878,2.5050158501,1.184,1.031,3.6975,3.223,3,0.000,0.432,0.00,0.00,0.00,0.00,0.00,-1,-2.2e-12,0.00,7.095e-01,2.810e-01,1.347e-03,8.096e-04,4.161e-03,-1.000,9.499e-03,2.192,3.920,3.351,2.465,1.928,1.484,0.851,0.336,0.269,
0.0094713,-0.20000,9.69897,1.1875978708,2.5051674843,1.186,1.083,3.6956,3.163,3,0.000,0.425,0.00,0.00,0.00,0.00,0.00,-1,-2.65e-12,0.00,7.079e-01,2.826e-01,1.327e-03,8.349e-04,4.162e-03,-1.000,9.501e-03,2.062,3.824,3.238,2.343,1.802,1.354,0.715,0.193,0.125,
0.0094713,-0.20000,9.69897,1.1885192394,2.5052974224,1.186,1.132,3.6938,3.107,3,0.000,0.421,0.00,0.00,0.00,0.00,0.00,-1,-3.16e-12,0.00,7.068e-01,2.837e-01,1.314e-03,8.513e-04,4.163e-03,-1.000,9.503e-03,1.940,3.735,3.133,2.230,1.684,1.232,0.586,0.059,-0.010,
0.0094713,-0.20000,9.69897,1.1893420219,2.5054130554,1.187,1.180,3.6918,3.052,3,0.000,0.418,0.00,0.00,0.00,0.00,0.00,-1,-3.76e-12,0.00,7.060e-01,2.845e-01,1.305e-03,8.615e-04,4.164e-03,-1.000,9.512e-03,1.820,3.649,3.031,2.118,1.567,1.112,0.459,-0.074,-0.143,
0.0094713,-0.20000,9.69897,1.1900895834,2.5055179596,1.188,1.228,3.6898,2.996,3,0.000,0.416,0.00,0.00,0.00,0.00,0.00,-1,-4.46e-12,0.00,7.055e-01,2.850e-01,1.300e-03,8.685e-04,4.164e-03,-1.000,9.513e-03,1.701,3.567,2.931,2.008,1.452,0.993,0.332,-0.207,-0.276,
0.0094713,-0.20000,9.69897,1.1907861233,2.5056157112,1.189,1.276,3.6877,2.939,3,0.000,0.415,0.00,0.00,0.00,0.00,0.00,-1,-5.33e-12,0.00,7.052e-01,2.853e-01,1.297e-03,8.727e-04,4.165e-03,-1.000,9.513e-03,1.579,3.484,2.830,1.897,1.335,0.872,0.203,-0.342,-0.413,
0.0094713,-0.20000,9.69897,1.1914036274,2.5057020187,1.189,1.324,3.6855,2.883,3,0.000,0.415,0.00,0.00,0.00,0.00,0.00,-1,-6.34e-12,0.00,7.051e-01,2.854e-01,1.295e-03,8.750e-04,4.165e-03,-1.000,9.513e-03,1.459,3.405,2.731,1.788,1.221,0.753,0.077,-0.475,-0.547,
0.0094713,-0.20000,9.69897,1.1919635534,2.5057804585,1.190,1.372,3.6832,2.827,3,0.000,0.414,0.00,0.00,0.00,0.00,0.00,-1,-7.54e-12,0.00,7.050e-01,2.855e-01,1.294e-03,8.762e-04,4.165e-03,-1.000,9.513e-03,1.341,3.327,2.634,1.681,1.108,0.635,-0.049,-0.608,-0.681,
0.0094713,-0.20000,9.69897,1.1924582720,2.5058493614,1.190,1.417,3.6810,2.772,3,0.000,0.414,0.00,0.00,0.00,0.00,0.00,-1,-8.91e-12,0.00,7.050e-01,2.855e-01,1.294e-03,8.767e-04,4.165e-03,-1.000,9.513e-03,1.226,3.254,2.541,1.578,0.999,0.522,-0.171,-0.736,-0.810,
0.0094713,-0.20000,9.69897,1.1929007769,2.5059113503,1.190,1.462,3.6787,2.719,3,0.000,0.414,0.00,0.00,0.00,0.00,0.00,-1,-1.05e-11,0.00,7.050e-01,2.855e-01,1.293e-03,8.769e-04,4.165e-03,-1.000,9.513e-03,1.116,3.185,2.452,1.479,0.894,0.413,-0.288,-0.861,-0.936,
0.0094713,-0.20000,9.69897,1.1933215857,2.5059700012,1.191,1.507,3.6764,2.664,3,0.000,0.414,0.00,0.00,0.00,0.00,0.00,-1,-1.24e-11,0.00,7.050e-01,2.855e-01,1.293e-03,8.771e-04,4.166e-03,-1.000,9.513e-03,1.002,3.117,2.362,1.379,0.787,0.301,-0.409,-0.989,-1.066,
0.0094713,-0.20000,9.69897,1.1937030554,2.5060231686,1.191,1.551,3.6740,2.610,3,0.000,0.414,0.00,0.00,0.00,0.00,0.00,-1,-1.46e-11,0.00,7.050e-01,2.855e-01,1.293e-03,8.773e-04,4.166e-03,-1.000,9.513e-03,0.891,3.052,2.275,1.281,0.683,0.192,-0.527,-1.114,-1.192,
0.0094713,-0.20000,9.69897,1.1940623522,2.5060732365,1.191,1.596,3.6716,2.557,3,0.000,0.414,0.00,0.00,0.00,0.00,0.00,-1,-1.72e-11,0.00,7.050e-01,2.855e-01,1.293e-03,8.774e-04,4.166e-03,-1.000,9.513e-03,0.781,2.989,2.189,1.184,0.580,0.083,-0.645,-1.240,-1.319,
0.0094713,-0.20000,9.69897,1.1943991184,2.5061199665,1.192,1.637,3.6692,2.506,3,0.000,0.414,0.00,0.00,0.00,0.00,0.00,-1,-2e-11,0.00,7.050e-01,2.855e-01,1.293e-03,8.776e-04,4.166e-03,-1.000,9.513e-03,0.677,2.930,2.109,1.093,0.483,-0.019,-0.756,-1.358,-1.438,
0.0094713,-0.20000,9.69897,1.1947472095,2.5061683655,1.192,1.674,3.6672,2.461,3,0.000,0.414,0.00,0.00,0.00,0.00,0.00,-1,-2.3e-11,0.00,7.050e-01,2.855e-01,1.292e-03,8.777e-04,4.166e-03,-1.000,9.513e-03,0.584,2.891,2.042,1.014,0.396,-0.111,-0.855,-1.463,-1.545,
0.0094713,-0.20000,9.69897,1.1950209141,2.5062065125,1.192,1.698,3.6658,2.431,3,0.000,0.414,0.00,0.00,0.00,0.00,0.00,-1,-2.51e-11,0.00,7.050e-01,2.855e-01,1.292e-03,8.779e-04,4.166e-03,-1.000,9.513e-03,0.524,2.866,1.999,0.962,0.340,-0.170,-0.919,-1.531,-1.613,
0.0094713,-0.20000,9.69897,1.1950633526,2.5062122345,1.192,1.701,3.6656,2.427,3,0.000,0.414,0.00,0.00,0.00,0.00,0.00,-1,-2.54e-11,0.00,7.050e-01,2.855e-01,1.292e-03,8.779e-04,4.166e-03,-1.000,9.513e-03,0.516,2.862,1.993,0.955,0.332,-0.177,-0.927,-1.540,-1.623,
0.0094713,-0.20000,9.69897,1.1952621937,2.5062398911,1.192,1.690,3.6665,2.442,3,0.000,0.414,0.00,0.00,0.00,0.00,0.00,-1,-2.46e-11,0.00,7.050e-01,2.855e-01,1.292e-03,8.780e-04,4.166e-03,-1.000,9.513e-03,0.544,2.869,2.010,0.978,0.358,-0.150,-0.897,-1.507,-1.589,
0.0094713,-0.20000,9.69897,1.1955206394,2.5062758923,1.192,1.649,3.6693,2.495,3,0.000,0.414,0.00,0.00,0.00,0.00,0.00,-1,-2.12e-11,0.00,7.050e-01,2.855e-01,1.292e-03,8.781e-04,4.166e-03,-1.000,9.513e-03,0.648,2.901,2.080,1.064,0.454,-0.048,-0.784,-1.386,-1.467,
0.0094713,-0.20000,9.69897,1.1956300735,2.5062911510,1.192,1.629,3.6706,2.519,3,0.000,0.414,0.00,0.00,0.00,0.00,0.00,-1,-1.96e-11,0.00,7.050e-01,2.855e-01,1.292e-03,8.781e-04,4.166e-03,-1.000,9.513e-03,0.697,2.922,2.115,1.105,0.499,-0.000,-0.732,-1.330,-1.409,
0.0094713,-0.20000,9.69897,1.1957918406,2.5063135624,1.193,1.652,3.6692,2.491,3,0.000,0.414,0.00,0.00,0.00,0.00,0.00,-1,-2.11e-11,0.00,7.050e-01,2.855e-01,1.292e-03,8.782e-04,4.166e-03,-1.000,9.513e-03,0.639,2.894,2.072,1.056,0.445,-0.057,-0.793,-1.395,-1.476,
0.0094713,-0.20000,9.69897,1.1961184740,2.5063588619,1.193,1.697,3.6667,2.437,3,0.000,0.414,0.00,0.00,0.00,0.00,0.00,-1,-2.48e-11,0.00,7.050e-01,2.855e-01,1.292e-03,8.783e-04,4.166e-03,-1.000,9.513e-03,0.529,2.851,1.993,0.961,0.342,-0.166,-0.912,-1.522,-1.604,
0.0094713,-0.20000,9.69897,1.1964393854,2.5064032078,1.193,1.742,3.6640,2.381,3,0.000,0.413,0.00,0.00,0.00,0.00,0.00,-1,-2.93e-11,0.00,7.050e-01,2.854e-01,1.292e-03,8.785e-04,4.166e-03,-1.000,9.513e-03,0.415,2.808,1.914,0.865,0.236,-0.278,-1.034,-1.652,-1.735,
0.0094713,-0.20000,9.69897,1.1967315674,2.5064437389,1.193,1.786,3.6612,2.326,3,0.000,0.413,0.00,0.00,0.00,0.00,0.00,-1,-3.45e-11,0.00,7.050e-01,2.854e-01,1.292e-03,8.786e-04,4.166e-03,-1.000,9.513e-03,0.306,2.769,1.838,0.772,0.134,-0.386,-1.152,-1.778,-1.863,
0.0094713,-0.20000,9.69897,1.1970037222,2.5064814091,1.193,1.830,3.6585,2.271,3,0.000,0.413,0.00,0.00,0.00,0.00,0.00,-1,-4.07e-11,0.00,7.050e-01,2.854e-01,1.292e-03,8.787e-04,4.166e-03,-1.000,9.513e-03,0.195,2.732,1.763,0.680,0.032,-0.494,-1.271,-1.904,-1.990,
0.0094713,-0.20000,9.69897,1.1972575188,2.5065164566,1.193,1.874,3.6558,2.216,3,0.000,0.413,0.00,0.00,0.00,0.00,0.00,-1,-4.8e-11,0.00,7.050e-01,2.854e-01,1.291e-03,8.788e-04,4.166e-03,-1.000,9.513e-03,0.085,2.698,1.689,0.589,-0.069,-0.601,-1.389,-2.032,-2.119,
0.0094713,-0.20000,9.69897,1.1974867582,2.5065481663,1.193,1.917,3.6530,2.162,3,0.000,0.413,0.00,0.00,0.00,0.00,0.00,-1,-5.64e-11,0.00,7.051e-01,2.854e-01,1.291e-03,8.789e-04,4.166e-03,-1.000,9.513e-03,-0.023,2.667,1.618,0.500,-0.167,-0.706,-1.505,-2.156,-2.245,
0.0094713,-0.20000,9.69897,1.1977046728,2.5065784454,1.194,1.961,3.6502,2.107,3,0.000,0.413,0.00,0.00,0.00,0.00,0.00,-1,-6.64e-11,0.00,7.051e-01,2.854e-01,1.291e-03,8.790e-04,4.166e-03,-1.000,9.513e-03,-0.132,2.637,1.547,0.411,-0.266,-0.812,-1.622,-2.282,-2.373,
0.0094713,-0.20000,9.69897,1.1978985071,2.5066051483,1.194,2.003,3.6474,2.054,3,0.000,0.413,0.00,0.00,0.00,0.00,0.00,-1,-7.78e-11,0.00,7.051e-01,2.854e-01,1.291e-03,8.791e-04,4.166e-03,-1.000,9.513e-03,-0.237,2.611,1.480,0.327,-0.361,-0.914,-1.735,-2.404,-2.496,
0.0094713,-0.20000,9.69897,1.1980804205,2.5066304207,1.194,2.046,3.6445,1.999,3,0.000,0.413,0.00,0.00,0.00,0.00,0.00,-1,-9.15e-11,0.00,7.051e-01,2.854e-01,1.291e-03,8.791e-04,4.166e-03,-1.000,9.513e-03,-0.344,2.589,1.415,0.243,-0.457,-1.018,-1.850,-2.528,-2.622,
0.0094713,-0.20000,9.69897,1.1982454062,2.5066530704,1.193,2.088,3.6417,1.946,3,0.000,0.413,0.00,0.00,0.00,0.00,0.00,-1,-1.07e-10,0.00,7.051e-01,2.854e-01,1.291e-03,8.792e-04,4.166e-03,-1.000,9.513e-03,-0.449,2.556,1.354,0.157,-0.551,-1.118,-1.962,-2.645,-2.743,
0.0094713,-0.20000,9.69897,1.1983991861,2.5066742897,1.193,2.130,3.6387,1.892,3,0.000,0.413,0.00,0.00,0.00,0.00,0.00,-1,-1.26e-10,0.00,7.051e-01,2.854e-01,1.291e-03,8.793e-04,4.166e-03,-1.000,9.513e-03,-0.555,2.523,1.294,0.072,-0.644,-1.218,-2.074,-2.762,-2.864,
0.0094713,-0.20000,9.69897,1.1985421181,2.5066940784,1.193,2.172,3.6358,1.837,3,0.000,0.413,0.00,0.00,0.00,0.00,0.00,-1,-1.48e-10,0.00,7.051e-01,2.854e-01,1.291e-03,8.793e-04,4.166e-03,-1.000,9.513e-03,-0.661,2.491,1.235,-0.012,-0.736,-1.317,-2.186,-2.879,-2.985,
0.0094713,-0.20000,9.69897,1.1986720562,2.5067119598,1.193,2.214,3.6329,1.784,3,0.000,0.413,0.00,0.00,0.00,0.00,0.00,-1,-1.73e-10,0.00,7.051e-01,2.854e-01,1.291e-03,8.794e-04,4.166e-03,-1.000,9.513e-03,-0.765,2.457,1.175,-0.095,-0.827,-1.415,-2.296,-2.993,-3.104,
0.0094713,-0.20000,9.69897,1.1987942457,2.5067288876,1.193,2.256,3.6299,1.730,3,0.000,0.413,0.00,0.00,0.00,0.00,0.00,-1,-2.03e-10,0.00,7.051e-01,2.854e-01,1.291e-03,8.794e-04,4.166e-03,-1.000,9.513e-03,-0.870,2.424,1.116,-0.178,-0.917,-1.512,-2.407,-3.109,-3.226,
0.0094713,-0.20000,9.69897,1.1989042759,2.5067441463,1.193,2.297,3.6270,1.677,3,0.000,0.413,0.00,0.00,0.00,0.00,0.00,-1,-2.37e-10,0.00,7.051e-01,2.854e-01,1.291e-03,8.795e-04,4.166e-03,-1.000,9.513e-03,-0.972,2.389,1.059,-0.257,-1.003,-1.606,-2.515,-3.221,-3.343,
0.0094713,-0.20000,9.69897,1.1990069151,2.5067582130,1.192,2.338,3.6239,1.624,3,0.000,0.413,0.00,0.00,0.00,0.00,0.00,-1,-2.77e-10,0.00,7.051e-01,2.854e-01,1.291e-03,8.795e-04,4.166e-03,-1.000,9.513e-03,-1.075,2.355,1.003,-0.335,-1.089,-1.700,-2.623,-3.334,-3.462,
0.0094713,-0.20000,9.69897,1.1991033554,2.5067715645,1.192,2.379,3.6209,1.571,3,0.000,0.413,0.00,0.00,0.00,0.00,0.00,-1,-3.24e-10,0.00,7.051e-01,2.854e-01,1.291e-03,8.796e-04,4.166e-03,-1.000,9.513e-03,-1.178,2.320,0.945,-0.415,-1.176,-1.795,-2.732,-3.449,-3.582,
0.0094713,-0.20000,9.69897,1.1991907358,2.5067834854,1.192,2.420,3.6180,1.518,3,0.000,0.413,0.00,0.00,0.00,0.00,0.00,-1,-3.78e-10,0.00,7.051e-01,2.854e-01,1.291e-03,8.796e-04,4.166e-03,-1.000,9.513e-03,-1.279,2.285,0.889,-0.491,-1.258,-1.887,-2.838,-3.560,-3.699,
0.0094713,-0.20000,9.69897,1.1992732286,2.5067949295,1.191,2.461,3.6148,1.464,3,0.000,0.413,0.00,0.00,0.00,0.00,0.00,-1,-4.43e-10,0.00,7.051e-01,2.854e-01,1.291e-03,8.796e-04,4.166e-03,-1.000,9.513e-03,-1.382,2.277,0.838,-0.563,-1.341,-1.981,-2.947,-3.677,-3.821,
0.0094713,-0.20000,9.69897,1.1993470192,2.5068051815,1.191,2.501,3.6118,1.413,3,0.000,0.413,9.29,6.93,4.91,3.75,3.05,4,-5.15e-10,0.00,7.051e-01,2.854e-01,1.291e-03,8.797e-04,4.166e-03,-1.000,9.513e-03,-1.482,2.279,0.790,-0.630,-1.421,-2.073,-3.053,-3.792,-3.940,
0.0094713,-0.20000,9.69897,1.1994175911,2.5068147182,1.191,2.541,3.6087,1.359,3,0.000,0.413,10.36,7.63,5.39,4.12,3.35,4,-6.02e-10,0.00,7.051e-01,2.854e-01,1.291e-03,8.797e-04,4.166e-03,-1.000,9.513e-03,-1.583,2.283,0.744,-0.697,-1.501,-2.166,-3.161,-3.909,-4.062,
0.0094713,-0.20000,9.69897,1.1994825602,2.5068237782,1.190,2.581,3.6055,1.306,3,0.000,0.413,11.56,8.39,5.90,4.52,3.67,4,-7.03e-10,0.00,7.051e-01,2.854e-01,1.291e-03,8.797e-04,4.166e-03,-1.000,9.513e-03,-1.683,2.289,0.700,-0.761,-1.579,-2.258,-3.268,-4.026,-4.183,
0.0094713,-0.20000,9.69897,1.1995414495,2.5068318844,1.189,2.620,3.6025,1.255,3,0.000,0.413,12.84,9.21,6.44,4.95,4.02,4,-8.17e-10,0.00,7.051e-01,2.854e-01,1.291e-03,8.797e-04,4.166e-03,-1.000,9.513e-03,-1.781,2.294,0.658,-0.823,-1.654,-2.347,-3.372,-4.139,-4.300,
0.0094713,-0.20000,9.69897,1.1995973587,2.5068395138,1.189,2.660,3.5993,1.203,3,0.000,0.413,14.31,10.12,7.06,5.42,4.41,4,-9.52e-10,0.00,7.051e-01,2.854e-01,1.291e-03,8.798e-04,4.166e-03,-1.000,9.513e-03,-1.879,2.304,0.618,-0.882,-1.728,-2.437,-3.477,-4.253,-4.419,
0.0094713,-0.20000,9.69897,1.1996498108,2.5068466663,1.188,2.699,3.5961,1.150,3,0.000,0.413,15.95,11.13,7.73,5.95,4.83,3,-1.11e-09,0.00,7.051e-01,2.854e-01,1.290e-03,8.798e-04,4.166e-03,-1.000,9.513e-03,-1.978,2.309,0.580,-0.938,-1.798,-2.526,-3.583,-4.369,-4.539,
0.0094713,-0.20000,9.69897,1.1996967793,2.5068533421,1.187,2.737,3.5931,1.100,3,0.000,0.413,17.68,12.18,8.42,6.49,5.27,3,-1.28e-09,0.00,7.051e-01,2.854e-01,1.290e-03,8.798e-04,4.166e-03,-1.000,9.513e-03,-2.073,2.314,0.543,-0.993,-1.866,-2.611,-3.684,-4.478,-4.653,
0.0094713,-0.20000,9.69897,1.1997426748,2.5068595409,1.187,2.776,3.5897,1.047,3,0.000,0.413,19.72,13.41,9.23,7.12,5.79,3,-1.5e-09,0.00,7.051e-01,2.854e-01,1.290e-03,8.798e-04,4.166e-03,-1.000,9.513e-03,-2.171,2.326,0.510,-1.045,-1.935,-2.699,-3.789,-4.593,-4.773,
0.0094713,-0.20000,9.69897,1.1997842789,2.5068652630,1.186,2.814,3.5865,0.996,3,0.000,0.413,21.90,14.70,10.07,7.78,6.33,3,-1.73e-09,0.00,7.051e-01,2.854e-01,1.290e-03,8.798e-04,4.166e-03,-1.000,9.513e-03,-2.265,2.334,0.482,-1.089,-1.994,-2.783,-3.890,-4.703,-4.889,
0.0094713,-0.20000,9.69897,1.1998320818,2.5068719387,1.185,2.860,3.5825,0.933,3,0.000,0.413,24.90,16.45,11.22,8.68,7.07,3,-2.08e-09,0.00,7.051e-01,2.854e-01,1.290e-03,8.799e-04,4.166e-03,-1.000,9.513e-03,-2.380,2.351,0.452,-1.140,-2.066,-2.885,-4.014,-4.838,-5.030,
0.0094713,-0.20000,9.69897,1.1998682022,2.5068769455,1.184,2.898,3.5792,0.882,3,0.000,0.413,27.66,18.04,12.25,9.50,7.73,3,-2.41e-09,0.00,7.051e-01,2.854e-01,1.290e-03,8.799e-04,4.166e-03,-1.000,9.513e-03,-2.474,2.364,0.430,-1.178,-2.122,-2.968,-4.116,-4.949,-5.146,
0.0094713,-0.20000,9.69897,1.1999026537,2.5068817139,1.182,2.936,3.5757,0.830,3,0.000,0.413,30.81,19.82,13.41,10.41,8.47,3,-2.8e-09,0.00,7.051e-01,2.854e-01,1.290e-03,8.799e-04,4.166e-03,-1.000,9.513e-03,-2.569,2.376,0.417,-1.204,-2.167,-3.049,-4.220,-5.061,-5.263,
0.0094713,-0.20000,9.69897,1.1999405622,2.5068867207,1.181,2.980,3.5715,0.768,3,0.000,0.413,34.97,22.15,14.91,11.59,9.44,2,-3.34e-09,0.00,7.051e-01,2.854e-01,1.290e-03,8.799e-04,4.166e-03,-1.000,9.513e-03,-2.680,2.392,0.405,-1.231,-2.219,-3.144,-4.340,-5.192,-5.402,
0.0094713,-0.20000,9.69897,1.1999760866,2.5068917274,1.179,3.024,3.5673,0.707,3,0.000,0.413,39.69,24.75,16.57,12.90,10.51,2,-3.98e-09,0.00,7.051e-01,2.854e-01,1.290e-03,8.799e-04,4.166e-03,-1.000,9.513e-03,-2.790,2.403,0.400,-1.246,-2.261,-3.236,-4.461,-5.323,-5.539,
0.0094713,-0.20000,9.69897,1.2000092268,2.5068962574,1.177,3.068,3.5630,0.645,3,0.000,0.413,45.04,27.65,18.42,14.37,11.70,2,-4.75e-09,0.00,7.051e-01,2.854e-01,1.290e-03,8.799e-04,4.166e-03,-1.000,9.513e-03,-2.899,2.412,0.402,-1.250,-2.295,-3.326,-4.582,-5.454,-5.677,
0.0094713,-0.20000,9.69897,1.2000399828,2.5069005489,1.175,3.111,3.5587,0.584,3,0.000,0.413,51.11,30.88,20.47,16.00,13.03,2,-5.66e-09,0.00,7.051e-01,2.854e-01,1.290e-03,8.799e-04,4.166e-03,-1.000,9.513e-03,-3.008,2.423,0.412,-1.244,-2.321,-3.412,-4.702,-5.583,-5.813,
0.0094713,-0.20000,9.69897,1.2000681162,2.5069043636,1.173,3.153,3.5543,0.523,3,0.000,0.413,57.88,34.44,22.71,17.78,14.49,2,-6.72e-09,0.00,7.051e-01,2.854e-01,1.290e-03,8.800e-04,4.167e-03,-1.000,9.513e-03,-3.113,2.430,0.435,-1.219,-2.332,-3.491,-4.820,-5.710,-5.947,
0.0094713,-0.20000,9.69897,1.2000945807,2.5069079399,1.170,3.195,3.5499,0.463,3,0.000,0.413,65.56,38.40,25.20,19.76,16.11,2,-7.98e-09,0.00,7.051e-01,2.854e-01,1.290e-03,8.800e-04,4.167e-03,-1.000,9.513e-03,-3.218,2.441,0.465,-1.187,-2.340,-3.569,-4.938,-5.837,-6.082,
0.0094713,-0.20000,9.69897,1.2001193762,2.5069115162,1.167,3.237,3.5454,0.402,3,0.000,0.413,74.28,42.84,27.97,21.97,17.92,2,-9.49e-09,0.00,7.051e-01,2.854e-01,1.290e-03,8.800e-04,4.167e-03,-1.000,9.513e-03,-3.322,2.450,0.522,-1.118,-2.323,-3.635,-5.056,-5.963,-6.215,
0.0094713,-0.20000,9.69897,1.2001421452,2.5069146156,1.164,3.277,3.5409,0.342,3,0.000,0.413,83.94,47.67,30.98,24.37,19.88,2,-1.12e-08,0.00,7.051e-01,2.854e-01,1.290e-03,8.800e-04,4.167e-03,-1.000,9.513e-03,-3.423,2.460,0.583,-1.044,-2.303,-3.698,-5.171,-6.086,-6.346,
0.0094713,-0.20000,9.69897,1.2001637220,2.5069174767,1.160,3.317,3.5364,0.283,3,0.000,0.413,94.82,53.02,34.29,27.03,22.05,1,-1.33e-08,0.00,7.051e-01,2.854e-01,1.290e-03,8.800e-04,4.167e-03,-1.000,9.513e-03,-3.523,2.467,0.659,-0.949,-2.269,-3.749,-5.286,-6.207,-6.475,
0.0094713,-0.20000,9.69897,1.2001839876,2.5069203377,1.156,3.356,3.5318,0.224,3,0.000,0.413,106.98,58.91,37.92,29.93,24.42,1,-1.57e-08,0.00,7.051e-01,2.854e-01,1.290e-03,8.800e-04,4.167e-03,-1.000,9.513e-03,-3.620,2.475,0.743,-0.843,-2.228,-3.793,-5.399,-6.326,-6.602,
0.0094713,-0.20000,9.69897,1.2002027035,2.5069229603,1.152,3.390,3.5277,0.172,3,0.000,0.413,119.01,64.66,41.43,32.76,26.74,1,-1.83e-08,0.00,7.051e-01,2.854e-01,1.290e-03,8.800e-04,4.167e-03,-1.000,9.513e-03,-3.705,2.484,0.839,-0.722,-2.176,-3.817,-5.498,-6.429,-6.714,
0.0094713,-0.20000,9.69897,1.2002027035,2.5069229603,1.152,1.745,3.6821,2.435,4,0.000,0.420,0.00,0.00,0.00,0.00,0.00,-1,-1e-30,0.00,7.008e-01,2.896e-01,1.320e-03,8.680e-04,4.186e-03,-1.000,9.607e-03,0.408,2.411,1.714,0.747,0.178,-0.297,-0.987,-1.547,-1.620,
0.0094713,-0.20000,9.69897,1.2004276514,2.5069537163,1.153,1.756,3.6812,2.420,4,0.000,0.420,0.00,0.00,0.00,0.00,0.00,-1,-1e-30,0.00,7.008e-01,2.896e-01,1.319e-03,8.682e-04,4.186e-03,-1.000,9.607e-03,0.380,2.404,1.696,0.723,0.152,-0.325,-1.018,-1.580,-1.654,
0.0094713,-0.20000,9.69897,1.2006505728,2.5069844723,1.153,1.761,3.6809,2.414,4,0.000,0.420,0.00,0.00,0.00,0.00,0.00,-1,-1e-30,0.00,7.008e-01,2.896e-01,1.319e-03,8.684e-04,4.186e-03,-1.000,9.607e-03,0.367,2.398,1.687,0.713,0.140,-0.337,-1.031,-1.594,-1.668,
0.0094713,-0.20000,9.69897,1.2008744478,2.5070152283,1.153,1.762,3.6810,2.414,4,0.000,0.420,0.00,0.00,0.00,0.00,0.00,-1,-1e-30,0.00,7.008e-01,2.896e-01,1.319e-03,8.686e-04,4.186e-03,-1.000,9.607e-03,0.365,2.393,1.683,0.710,0.138,-0.339,-1.033,-1.595,-1.669,
0.0094713,-0.20000,9.69897,1.2011018991,2.5070464611,1.153,1.761,3.6814,2.416,4,0.000,0.420,0.00,0.00,0.00,0.00,0.00,-1,-1e-30,0.00,7.008e-01,2.896e-01,1.319e-03,8.688e-04,4.186e-03,-1.000,9.607e-03,0.367,2.388,1.682,0.710,0.139,-0.338,-1.030,-1.591,-1.665,
0.0094713,-0.20000,9.69897,1.2013322115,2.5070781708,1.154,1.760,3.6817,2.419,4,0.000,0.420,0.00,0.00,0.00,0.00,0.00,-1,-1e-30,0.00,7.008e-01,2.896e-01,1.319e-03,8.691e-04,4.186e-03,-1.000,9.607e-03,0.370,2.383,1.681,0.711,0.141,-0.335,-1.026,-1.586,-1.659,
0.0094713,-0.20000,9.69897,1.2015585899,2.5071091652,1.154,1.759,3.6821,2.422,4,0.000,0.420,0.00,0.00,0.00,0.00,0.00,-1,-1e-30,0.00,7.008e-01,2.896e-01,1.318e-03,8.693e-04,4.186e-03,-1.000,9.607e-03,0.373,2.378,1.680,0.712,0.143,-0.332,-1.021,-1.580,-1.653,
0.0094713,-0.20000,9.69897,1.2017666101,2.5071377754,1.154,1.758,3.6825,2.425,4,0.000,0.420,0.00,0.00,0.00,0.00,0.00,-1,-1e-30,0.00,7.008e-01,2.896e-01,1.318e-03,8.695e-04,4.186e-03,-1.000,9.607e-03,0.376,2.374,1.679,0.713,0.145,-0.329,-1.017,-1.575,-1.648,
0.0094713,-0.20000,9.69897,1.2019964457,2.5071692467,1.154,1.756,3.6829,2.427,4,0.000,0.420,0.00,0.00,0.00,0.00,0.00,-1,-1e-30,0.00,7.008e-01,2.896e-01,1.318e-03,8.697e-04,4.186e-03,-1.000,9.607e-03,0.379,2.369,1.679,0.714,0.148,-0.326,-1.013,-1.570,-1.643,
0.0094713,-0.20000,9.69897,1.2022258043,2.5072007179,1.155,1.756,3.6832,2.430,4,0.000,0.420,0.00,0.00,0.00,0.00,0.00,-1,-1e-30,0.00,7.008e-01,2.896e-01,1.318e-03,8.699e-04,4.186e-03,-1.000,9.607e-03,0.381,2.364,1.677,0.714,0.149,-0.324,-1.010,-1.566,-1.638,
0.0094713,-0.20000,9.69897,1.2024452686,2.5072307587,1.155,1.755,3.6835,2.432,4,0.000,0.420,0.00,0.00,0.00,0.00,0.00,-1,-1e-30,0.00,7.008e-01,2.896e-01,1.318e-03,8.701e-04,4.186e-03,-1.000,9.607e-03,0.383,2.360,1.676,0.714,0.150,-0.323,-1.007,-1.562,-1.635,
0.0094713,-0.20000,9.69897,1.2026611567,2.5072603226,1.155,1.754,3.6838,2.433,4,0.000,0.420,0.00,0.00,0.00,0.00,0.00,-1,-1e-30,0.00,7.008e-01,2.896e-01,1.318e-03,8.703e-04,4.186e-03,-1.000,9.607e-03,0.384,2.355,1.674,0.714,0.150,-0.322,-1.005,-1.560,-1.632,
0.0094713,-0.20000,9.69897,1.2028722763,2.5072891712,1.155,1.754,3.6841,2.435,4,0.000,0.420,0.00,0.00,0.00,0.00,0.00,-1,-1e-30,0.00,7.008e-01,2.896e-01,1.317e-03,8.706e-04,4.186e-03,-1.000,9.607e-03,0.385,2.350,1.672,0.713,0.150,-0.321,-1.004,-1.557,-1.629,
0.0094713,-0.20000,9.69897,1.2030880451,2.5073187351,1.156,1.754,3.6843,2.436,4,0.000,0.420,0.00,0.00,0.00,0.00,0.00,-1,-1e-30,0.00,7.008e-01,2.896e-01,1.317e-03,8.708e-04,4.186e-03,-1.000,9.607e-03,0.385,2.346,1.670,0.713,0.150,-0.320,-1.002,-1.555,-1.627,
0.0094713,-0.20000,9.69897,1.2033175230,2.5073502064,1.156,1.754,3.6845,2.437,4,0.000,0.420,0.00,0.00,0.00,0.00,0.00,-1,-1e-30,0.00,7.008e-01,2.896e-01,1.317e-03,8.710e-04,4.186e-03,-1.000,9.607e-03,0.385,2.341,1.668,0.712,0.150,-0.320,-1.002,-1.553,-1.625,
0.0094713,-0.20000,9.69897,1.2033709288,2.5073573589,1.156,1.754,3.6846,2.437,4,0.000,0.420,0.00,0.00,0.00,0.00,0.00,-1,-1e-30,0.00,7.008e-01,2.896e-01,1.317e-03,8.710e-04,4.186e-03,-1.000,9.607e-03,0.385,2.340,1.668,0.711,0.150,-0.320,-1.001,-1.553,-1.625,
0.0094713,-0.20000,9.69897,1.2033973932,2.5073611736,1.156,1.754,3.6846,2.437,4,0.000,0.419,0.00,0.00,0.00,0.00,0.00,-1,-1e-30,0.00,7.008e-01,2.896e-01,1.317e-03,8.711e-04,4.186e-03,-1.000,9.607e-03,0.385,2.340,1.667,0.711,0.150,-0.320,-1.001,-1.553,-1.625,
0.0094713,-0.20000,9.69897,1.2036254406,2.5073921680,1.156,1.754,3.6848,2.438,4,0.000,0.419,0.00,0.00,0.00,0.00,0.00,-1,-1e-30,0.00,7.008e-01,2.896e-01,1.317e-03,8.713e-04,4.186e-03,-1.000,9.607e-03,0.385,2.336,1.665,0.710,0.149,-0.321,-1.001,-1.552,-1.624,
0.0094713,-0.20000,9.69897,1.2038615942,2.5074245930,1.156,1.754,3.6850,2.439,4,0.000,0.419,0.00,0.00,0.00,0.00,0.00,-1,-1e-30,0.00,7.008e-01,2.896e-01,1.317e-03,8.715e-04,4.186e-03,-1.000,9.608e-03,0.384,2.331,1.663,0.708,0.148,-0.321,-1.001,-1.551,-1.623,
0.0094713,-0.20000,9.69897,1.2040860653,2.5074551105,1.157,1.755,3.6851,2.439,4,0.000,0.419,0.00,0.00,0.00,0.00,0.00,-1,-1e-30,0.00,7.008e-01,2.896e-01,1.316e-03,8.717e-04,4.186e-03,-1.000,9.608e-03,0.383,2.328,1.660,0.706,0.147,-0.323,-1.002,-1.552,-1.623,
0.0094713,-0.20000,9.69897,1.2043040991,2.5074849129,1.157,1.755,3.6852,2.439,4,0.000,0.419,0.00,0.00,0.00,0.00,0.00,-1,-1e-30,0.00,7.008e-01,2.896e-01,1.316e-03,8.719e-04,4.186e-03,-1.000,9.608e-03,0.381,2.324,1.658,0.704,0.145,-0.324,-1.003,-1.553,-1.624,
0.0094713,-0.20000,9.69897,1.2045211792,2.5075144768,1.157,1.756,3.6853,2.438,4,0.000,0.419,0.00,0.00,0.00,0.00,0.00,-1,-1e-30,0.00,7.008e-01,2.896e-01,1.316e-03,8.721e-04,4.186e-03,-1.000,9.608e-03,0.379,2.321,1.655,0.702,0.142,-0.327,-1.005,-1.555,-1.626,
0.0094713,-0.20000,9.69897,1.2047380209,2.5075440407,1.157,1.758,3.6853,2.437,4,0.000,0.419,0.00,0.00,0.00,0.00,0.00,-1,-1e-30,0.00,7.008e-01,2.896e-01,1.316e-03,8.724e-04,4.186e-03,-1.000,9.608e-03,0.376,2.318,1.652,0.698,0.139,-0.330,-1.008,-1.558,-1.629,
0.0094713,-0.20000,9.69897,1.2049629688,2.5075747967,1.158,1.759,3.6853,2.436,4,0.000,0.419,0.00,0.00,0.00,0.00,0.00,-1,-1e-30,0.00,7.008e-01,2.896e-01,1.316e-03,8.726e-04,4.186e-03,-1.000,9.608e-03,0.372,2.314,1.648,0.695,0.135,-0.333,-1.012,-1.562,-1.633,
0.0094713,-0.20000,9.69897,1.2049992085,2.5075798035,1.158,1.759,3.6853,2.435,4,0.000,0.419,0.00,0.00,0.00,0.00,0.00,-1,-1e-30,0.00,7.008e-01,2.896e-01,1.316e-03,8.726e-04,4.186e-03,-1.000,9.608e-03,0.372,2.314,1.648,0.694,0.135,-0.334,-1.013,-1.562,-1.633,
0.0094713,-0.20000,9.69897,1.2050739527,2.5075900555,1.158,1.760,3.6852,2.435,4,0.000,0.419,0.00,0.00,0.00,0.00,0.00,-1,-1e-30,0.00,7.008e-01,2.896e-01,1.316e-03,8.727e-04,4.186e-03,-1.000,9.608e-03,0.370,2.313,1.647,0.693,0.133,-0.336,-1.014,-1.564,-1.635,
0.0094713,-0.20000,9.69897,1.2052981853,2.5076205730,1.158,1.762,3.6851,2.432,4,0.000,0.419,0.00,0.00,0.00,0.00,0.00,-1,-1e-30,0.00,7.008e-01,2.896e-01,1.315e-03,8.729e-04,4.186e-03,-1.000,9.608e-03,0.365,2.310,1.642,0.688,0.128,-0.341,-1.020,-1.570,-1.641,
0.0094713,-0.20000,9.69897,1.2055300474,2.5076520443,1.158,1.765,3.6850,2.429,4,0.000,0.419,0.00,0.00,0.00,0.00,0.00,-1,-1e-30,0.00,7.008e-01,2.896e-01,1.315e-03,8.731e-04,4.186e-03,-1.000,9.608e-03,0.358,2.307,1.637,0.682,0.121,-0.348,-1.028,-1.578,-1.650,
0.0094713,-0.20000,9.69897,1.2057564259,2.5076828003,1.159,1.768,3.6847,2.425,4,0.000,0.419,0.00,0.00,0.00,0.00,0.00,-1,-1e-30,0.00,7.008e-01,2.896e-01,1.315e-03,8.733e-04,4.186e-03,-1.000,9.608e-03,0.350,2.305,1.632,0.675,0.114,-0.356,-1.037,-1.588,-1.660,
0.0094713,-0.20000,9.69897,1.2059885263,2.5077145100,1.159,1.772,3.6843,2.419,4,0.000,0.419,0.00,0.00,0.00,0.00,0.00,-1,-1e-30,0.00,7.008e-01,2.896e-01,1.315e-03,8.736e-04,4.186e-03,-1.000,9.608e-03,0.339,2.302,1.625,0.666,0.104,-0.367,-1.049,-1.601,-1.672,
0.0094713,-0.20000,9.69897,1.2062273026,2.5077469349,1.159,1.778,3.6839,2.412,4,0.000,0.419,0.00,0.00,0.00,0.00,0.00,-1,-1e-30,0.00,7.007e-01,2.896e-01,1.315e-03,8.738e-04,4.186e-03,-1.000,9.608e-03,0.326,2.300,1.617,0.656,0.092,-0.380,-1.063,-1.617,-1.689,
0.0094713,-0.20000,9.69897,1.2064570189,2.5077781677,1.159,1.783,3.6834,2.404,4,0.000,0.419,0.00,0.00,0.00,0.00,0.00,-1,-1e-30,0.00,7.007e-01,2.896e-01,1.314e-03,8.740e-04,4.186e-03,-1.000,9.608e-03,0.312,2.297,1.609,0.644,0.079,-0.394,-1.079,-1.634,-1.706,
0.0094713,-0.20000,9.69897,1.2066868544,2.5078094006,1.160,1.789,3.6828,2.396,4,0.000,0.419,0.00,0.00,0.00,0.00,0.00,-1,-1e-30,0.00,7.007e-01,2.896e-01,1.314e-03,8.742e-04,4.186e-03,-1.000,9.608e-03,0.297,2.294,1.599,0.632,0.065,-0.408,-1.096,-1.652,-1.725,
0.0094713,-0.20000,9.69897,1.2069149017,2.5078403950,1.160,1.789,3.6829,2.397,4,0.000,0.419,0.00,0.00,0.00,0.00,0.00,-1,-1e-30,0.00,7.007e-01,2.896e-01,1.314e-03,8.745e-04,4.186e-03,-1.000,9.608e-03,0.297,2.292,1.598,0.631,0.065,-0.409,-1.096,-1.652,-1.724,
0.0094713,-0.20000,9.69897,1.2071464062,2.5078718662,1.160,1.804,3.6814,2.376,4,0.000,0.419,0.00,0.00,0.00,0.00,0.00,-1,-1e-30,0.00,7.007e-01,2.896e-01,1.314e-03,8.747e-04,4.186e-03,-1.000,9.608e-03,0.259,2.288,1.576,0.601,0.030,-0.446,-1.138,-1.699,-1.772,
0.0094713,-0.20000,9.69897,1.2073758841,2.5079030991,1.160,1.830,3.6789,2.340,4,0.000,0.418,0.00,0.00,0.00,0.00,0.00,-1,-1e-30,0.00,7.007e-01,2.896e-01,1.314e-03,8.749e-04,4.186e-03,-1.000,9.608e-03,0.195,2.281,1.540,0.551,-0.028,-0.510,-1.211,-1.779,-1.854,
0.0094713,-0.20000,9.69897,1.2075624466,2.5079283714,1.161,1.870,3.6750,2.285,4,0.000,0.418,0.00,0.00,0.00,0.00,0.00,-1,-1e-30,0.00,7.007e-01,2.896e-01,1.313e-03,8.751e-04,4.186e-03,-1.000,9.608e-03,0.096,2.272,1.484,0.473,-0.118,-0.607,-1.323,-1.902,-1.979,
0.0094713,-0.20000,9.69897,1.2076497078,2.5079400539,1.161,1.909,3.6713,2.231,4,0.000,0.418,0.00,0.00,0.00,0.00,0.00,-1,-1e-30,0.00,7.007e-01,2.896e-01,1.313e-03,8.752e-04,4.186e-03,-1.000,9.608e-03,-0.002,2.262,1.428,0.396,-0.206,-0.704,-1.433,-2.023,-2.102,
0.0094713,-0.20000,9.69897,1.2076954842,2.5079462528,1.161,1.952,3.6673,2.172,4,0.000,0.418,0.00,0.00,0.00,0.00,0.00,-1,-1e-30,0.00,7.007e-01,2.896e-01,1.313e-03,8.752e-04,4.186e-03,-1.000,9.608e-03,-0.110,2.252,1.367,0.312,-0.303,-0.809,-1.554,-2.156,-2.237,
0.0094713,-0.20000,9.69897,1.2077152729,2.5079491138,1.161,1.991,3.6638,2.119,4,0.000,0.418,0.00,0.00,0.00,0.00,0.00,-1,-1e-30,0.00,7.007e-01,2.896e-01,1.313e-03,8.752e-04,4.186e-03,-1.000,9.608e-03,-0.207,2.244,1.312,0.238,-0.390,-0.904,-1.661,-2.275,-2.357,
0.0094713,-0.20000,9.69897,1.2077256441,2.5079505444,1.161,2.030,3.6603,2.066,4,0.000,0.418,0.00,0.00,0.00,0.00,0.00,-1,-1e-30,0.00,7.007e-01,2.896e-01,1.313e-03,8.752e-04,4.186e-03,-1.000,9.608e-03,-0.305,2.235,1.257,0.162,-0.477,-0.998,-1.769,-2.394,-2.478,
0.0094713,-0.20000,9.69897,1.2077317238,2.5079512596,1.161,2.069,3.6568,2.013,4,0.000,0.418,0.00,0.00,0.00,0.00,0.00,-1,-1e-30,0.00,7.007e-01,2.896e-01,1.313e-03,8.752e-04,4.186e-03,-1.000,9.608e-03,-0.403,2.229,1.204,0.088,-0.564,-1.093,-1.878,-2.513,-2.599,
0.0094713,-0.20000,9.69897,1.2077347040,2.5079517365,1.161,2.096,3.6544,1.976,4,0.000,0.418,0.00,0.00,0.00,0.00,0.00,-1,-1e-30,0.00,7.007e-01,2.896e-01,1.313e-03,8.752e-04,4.186e-03,-1.000,9.608e-03,-0.470,2.223,1.170,0.037,-0.623,-1.157,-1.951,-2.592,-2.680,
0.0094713,-0.20000,9.69897,1.2077348232,2.5079517365,1.161,2.097,3.6544,1.976,7,0.000,0.418,0.00,0.00,0.00,0.00,0.00,-1,-1.09e-28,0.00,7.007e-01,2.896e-01,1.313e-03,8.752e-04,4.186e-03,-1.000,9.697e-03,-0.472,2.223,1.169,0.036,-0.624,-1.159,-1.953,-2.594,-2.682,
0.0094713,-0.20000,9.69897,1.2077358961,2.5079517365,1.161,2.108,3.6534,1.960,7,0.000,0.418,0.00,0.00,0.00,0.00,0.00,-1,-1.09e-28,0.00,7.007e-01,2.896e-01,1.313e-03,8.753e-04,4.186e-03,-1.000,9.697e-03,-0.500,2.219,1.155,0.014,-0.649,-1.186,-1.984,-2.627,-2.717,
0.0094713,-0.20000,9.69897,1.2077393532,2.5079522133,1.161,2.148,3.6500,1.906,7,0.000,0.418,0.00,0.00,0.00,0.00,0.00,-1,-1.11e-28,0.00,7.007e-01,2.896e-01,1.313e-03,8.753e-04,4.186e-03,-1.000,9.697e-03,-0.601,2.202,1.104,-0.065,-0.738,-1.282,-2.093,-2.743,-2.836,
0.0094713,-0.20000,9.69897,1.2077426910,2.5079526901,1.161,2.185,3.6469,1.858,7,0.000,0.418,0.00,0.00,0.00,0.00,0.00,-1,-1.14e-28,0.00,7.007e-01,2.896e-01,1.313e-03,8.753e-04,4.186e-03,-1.000,9.697e-03,-0.691,2.188,1.059,-0.134,-0.817,-1.367,-2.192,-2.847,-2.944,
0.0094713,-0.20000,9.69897,1.2077462673,2.5079531670,1.161,2.213,3.6444,1.819,7,0.000,0.418,0.00,0.00,0.00,0.00,0.00,-1,-1.15e-28,0.00,7.007e-01,2.896e-01,1.313e-03,8.753e-04,4.186e-03,-1.000,9.697e-03,-0.763,2.176,1.023,-0.188,-0.879,-1.434,-2.269,-2.929,-3.029,
0.0094713,-0.20000,9.69897,1.2077550888,2.5079543591,1.161,2.200,3.6456,1.837,7,0.000,0.418,0.00,0.00,0.00,0.00,0.00,-1,-1.16e-28,0.00,7.007e-01,2.896e-01,1.313e-03,8.753e-04,4.186e-03,-1.000,9.697e-03,-0.731,2.180,1.038,-0.165,-0.852,-1.405,-2.235,-2.892,-2.991,
0.0094713,-0.20000,9.69897,1.2077621222,2.5079553127,1.161,2.175,3.6478,1.871,7,0.000,0.418,0.00,0.00,0.00,0.00,0.00,-1,-1.16e-28,0.00,7.007e-01,2.896e-01,1.313e-03,8.753e-04,4.186e-03,-1.000,9.697e-03,-0.667,2.190,1.069,-0.116,-0.796,-1.345,-2.165,-2.819,-2.915,
0.0094713,-0.20000,9.69897,1.2077803612,2.5079579353,1.161,2.143,3.6505,1.914,7,0.000,0.418,0.00,0.00,0.00,0.00,0.00,-1,-1.97e-28,0.00,7.007e-01,2.895e-01,1.313e-03,8.753e-04,4.186e-03,-1.000,9.708e-03,-0.587,2.202,1.109,-0.055,-0.727,-1.269,-2.079,-2.727,-2.819,
0.0094713,-0.20000,9.69897,1.2079370022,2.5079791546,1.160,2.162,3.6488,1.888,7,0.000,0.418,0.00,0.00,0.00,0.00,0.00,-1,-1.44e-10,0.00,7.007e-01,2.888e-01,1.313e-03,8.754e-04,4.186e-03,-1.000,1.046e-02,-0.636,2.196,1.086,-0.092,-0.769,-1.315,-2.131,-2.783,-2.878,
0.0094713,-0.20000,9.69897,1.2080271244,2.5079913139,1.160,2.205,3.6450,1.829,7,0.000,0.418,0.00,0.00,0.00,0.00,0.00,-1,-6.28e-10,0.00,7.007e-01,2.888e-01,1.313e-03,8.755e-04,4.186e-03,-1.000,1.048e-02,-0.743,2.181,1.034,-0.173,-0.861,-1.416,-2.248,-2.907,-3.006,
0.0094713,-0.20000,9.69897,1.2081104517,2.5080025196,1.159,2.249,3.6412,1.769,7,0.000,0.418,0.00,0.00,0.00,0.00,0.00,-1,-7.94e-10,0.00,7.007e-01,2.888e-01,1.313e-03,8.756e-04,4.186e-03,-1.000,1.048e-02,-0.853,2.164,0.980,-0.256,-0.956,-1.519,-2.367,-3.033,-3.138,
0.0094713,-0.20000,9.69897,1.2081795931,2.5080120564,1.158,2.292,3.6376,1.713,7,0.000,0.418,0.00,0.00,0.00,0.00,0.00,-1,-9.79e-10,0.00,7.007e-01,2.888e-01,1.313e-03,8.757e-04,4.186e-03,-1.000,1.048e-02,-0.959,2.144,0.927,-0.336,-1.045,-1.616,-2.480,-3.153,-3.263,
0.0094713,-0.20000,9.69897,1.2082383633,2.5080199242,1.158,2.333,3.6341,1.657,7,0.000,0.418,0.00,0.00,0.00,0.00,0.00,-1,-1.21e-09,0.00,7.007e-01,2.888e-01,1.313e-03,8.757e-04,4.186e-03,-1.000,1.048e-02,-1.063,2.125,0.875,-0.414,-1.132,-1.712,-2.592,-3.271,-3.387,
0.0094713,-0.20000,9.69897,1.2082897425,2.5080268383,1.157,2.374,3.6305,1.601,7,0.000,0.418,0.00,0.00,0.00,0.00,0.00,-1,-1.49e-09,0.00,7.007e-01,2.888e-01,1.313e-03,8.758e-04,4.186e-03,-1.000,1.048e-02,-1.166,2.105,0.824,-0.491,-1.218,-1.806,-2.702,-3.387,-3.510,
0.0094713,-0.20000,9.69897,1.2083348036,2.5080330372,1.156,2.415,3.6270,1.546,7,0.000,0.418,0.00,0.00,0.00,0.00,0.00,-1,-1.85e-09,0.00,7.007e-01,2.888e-01,1.313e-03,8.758e-04,4.186e-03,-1.000,1.048e-02,-1.268,2.083,0.773,-0.565,-1.301,-1.899,-2.811,-3.503,-3.631,
0.0094713,-0.20000,9.69897,1.2083742619,2.5080382824,1.155,2.456,3.6236,1.491,7,0.000,0.418,0.00,0.00,0.00,0.00,0.00,-1,-2.25e-09,0.00,7.007e-01,2.888e-01,1.313e-03,8.759e-04,4.186e-03,-1.000,1.048e-02,-1.370,2.066,0.723,-0.638,-1.383,-1.991,-2.919,-3.618,-3.753,
0.0094713,-0.20000,9.69897,1.2084096670,2.5080430508,1.154,2.497,3.6201,1.436,7,0.000,0.418,0.00,0.00,0.00,0.00,0.00,-1,-2.76e-09,0.00,7.007e-01,2.888e-01,1.313e-03,8.759e-04,4.186e-03,-1.000,1.048e-02,-1.471,2.078,0.678,-0.707,-1.465,-2.085,-3.028,-3.738,-3.877,
0.0094713,-0.20000,9.69897,1.2084418535,2.5080475807,1.153,2.537,3.6166,1.381,7,0.000,0.418,9.79,7.27,5.14,3.94,3.19,4,-3.38e-09,0.00,7.007e-01,2.888e-01,1.312e-03,8.760e-04,4.186e-03,-1.000,1.048e-02,-1.573,2.091,0.635,-0.771,-1.545,-2.177,-3.137,-3.857,-4.000,
0.0094713,-0.20000,9.69897,1.2084712982,2.5080513954,1.151,2.577,3.6130,1.326,7,0.000,0.418,10.97,8.03,5.65,4.33,3.52,4,-4.15e-09,0.00,7.007e-01,2.888e-01,1.312e-03,8.761e-04,4.186e-03,-1.000,1.048e-02,-1.673,2.109,0.595,-0.834,-1.622,-2.269,-3.245,-3.976,-4.125,
0.0094713,-0.20000,9.69897,1.2084922791,2.5080542564,1.150,2.608,3.6070,1.271,7,0.000,0.418,12.28,8.87,6.21,4.77,3.88,4,-4.87e-09,0.00,7.007e-01,2.888e-01,1.312e-03,8.763e-04,4.186e-03,-1.000,1.048e-02,-1.750,2.210,0.618,-0.843,-1.656,-2.329,-3.333,-4.084,-4.240,
0.0094713,-0.20000,9.69897,1.2085182667,2.5080578327,1.148,2.648,3.6034,1.216,7,0.000,0.417,13.76,9.80,6.83,5.26,4.27,3,-5.87e-09,0.00,7.007e-01,2.888e-01,1.310e-03,8.773e-04,4.186e-03,-1.000,1.048e-02,-1.850,2.231,0.584,-0.900,-1.730,-2.419,-3.441,-4.202,-4.363,
0.0094713,-0.20000,9.69897,1.2085431814,2.5080611706,1.146,2.688,3.5999,1.161,7,0.000,0.416,15.40,10.81,7.51,5.78,4.70,3,-7.18e-09,0.00,7.007e-01,2.888e-01,1.307e-03,8.801e-04,4.186e-03,-1.000,1.048e-02,-1.949,2.249,0.547,-0.959,-1.803,-2.509,-3.547,-4.320,-4.486,
0.0094713,-0.20000,9.69897,1.2085661888,2.5080642700,1.144,2.728,3.5963,1.106,7,0.000,0.415,17.24,11.93,8.25,6.36,5.17,3,-8.77e-09,0.00,7.007e-01,2.888e-01,1.303e-03,8.848e-04,4.187e-03,-1.000,1.048e-02,-2.049,2.261,0.513,-1.012,-1.872,-2.598,-3.655,-4.438,-4.609,
0.0094713,-0.20000,9.69897,1.2085884809,2.5080673695,1.141,2.767,3.5928,1.051,7,0.000,0.414,19.28,13.16,9.06,7.00,5.69,3,-1.06e-08,0.00,7.007e-01,2.888e-01,1.299e-03,8.902e-04,4.187e-03,-1.000,1.048e-02,-2.147,2.279,0.483,-1.062,-1.939,-2.685,-3.760,-4.554,-4.730,
0.0094713,-0.20000,9.69897,1.2086107731,2.5080704689,1.138,2.807,3.5890,0.996,7,0.000,0.412,21.63,14.55,9.97,7.71,6.27,3,-1.28e-08,0.00,7.007e-01,2.888e-01,1.295e-03,8.952e-04,4.187e-03,-1.000,1.047e-02,-2.247,2.300,0.456,-1.110,-2.004,-2.773,-3.867,-4.671,-4.854,
0.0094713,-0.20000,9.69897,1.2086313963,2.5080730915,1.134,2.847,3.5851,0.938,7,0.000,0.411,24.33,16.13,11.00,8.52,6.93,3,-1.57e-08,0.00,7.007e-01,2.888e-01,1.291e-03,8.993e-04,4.187e-03,-1.000,1.047e-02,-2.348,2.326,0.438,-1.148,-2.062,-2.861,-3.977,-4.792,-4.980,
0.0094713,-0.20000,9.69897,1.2086470127,2.5080752373,1.131,2.888,3.5812,0.880,7,0.000,0.410,27.41,17.89,12.14,9.43,7.67,3,-1.9e-08,0.00,7.007e-01,2.888e-01,1.288e-03,9.029e-04,4.187e-03,-1.000,1.047e-02,-2.450,2.353,0.420,-1.187,-2.121,-2.950,-4.088,-4.913,-5.108,
0.0094713,-0.20000,9.69897,1.2086571455,2.5080766678,1.128,2.925,3.5775,0.827,7,0.000,0.410,30.56,19.68,13.30,10.34,8.41,2,-2.27e-08,0.00,7.007e-01,2.888e-01,1.286e-03,9.059e-04,4.187e-03,-1.000,1.043e-02,-2.542,2.373,0.411,-1.210,-2.166,-3.029,-4.189,-5.025,-5.225,
0.0094713,-0.20000,9.69897,1.2086654902,2.5080778599,1.125,2.963,3.5737,0.774,7,0.000,0.409,34.13,21.67,14.58,11.36,9.24,2,-2.71e-08,0.00,7.007e-01,2.888e-01,1.284e-03,9.087e-04,4.187e-03,-1.000,1.041e-02,-2.636,2.392,0.405,-1.230,-2.207,-3.109,-4.292,-5.137,-5.344,
0.0094713,-0.20000,9.69897,1.2086731195,2.5080788136,1.122,3.001,3.5697,0.718,7,0.000,0.408,38.25,23.94,16.04,12.51,10.18,2,-3.25e-08,0.00,7.007e-01,2.888e-01,1.282e-03,9.110e-04,4.187e-03,-1.000,1.041e-02,-2.732,2.413,0.403,-1.246,-2.246,-3.189,-4.398,-5.253,-5.466,
0.0094713,-0.20000,9.69897,1.2086801529,2.5080797672,1.119,3.039,3.5655,0.662,7,0.000,0.408,42.90,26.46,17.64,13.78,11.22,2,-3.9e-08,0.00,7.007e-01,2.888e-01,1.280e-03,9.129e-04,4.187e-03,-1.000,1.041e-02,-2.827,2.431,0.414,-1.239,-2.267,-3.265,-4.504,-5.369,-5.588,
0.0094713,-0.20000,9.69897,1.2086871862,2.5080807209,1.115,3.080,3.5609,0.601,7,0.000,0.407,48.65,29.53,19.59,15.33,12.48,2,-4.71e-08,0.00,7.007e-01,2.888e-01,1.279e-03,9.144e-04,4.187e-03,-1.000,1.041e-02,-2.930,2.453,0.431,-1.228,-2.287,-3.346,-4.619,-5.494,-5.721,
0.0094713,-0.20000,9.69897,1.2086932659,2.5080816746,1.111,3.118,3.5566,0.545,7,0.000,0.407,54.66,32.69,21.58,16.92,13.78,2,-5.57e-08,0.00,7.007e-01,2.888e-01,1.278e-03,9.153e-04,4.187e-03,-1.000,1.041e-02,-3.024,2.470,0.461,-1.196,-2.291,-3.415,-4.725,-5.610,-5.844,
0.0094713,-0.20000,9.69897,1.2087001801,2.5080823898,1.106,3.157,3.5518,0.483,7,0.000,0.407,61.96,36.46,23.95,18.81,15.32,2,-6.78e-08,0.00,7.007e-01,2.888e-01,1.278e-03,9.157e-04,4.187e-03,-1.000,1.041e-02,-3.123,2.491,0.505,-1.149,-2.285,-3.486,-4.838,-5.733,-5.975,
0.0094713,-0.20000,9.69897,1.2087080479,2.5080835819,1.098,3.197,3.5467,0.420,7,0.000,0.407,70.48,40.78,26.65,20.97,17.09,2,-8.17e-08,0.00,7.007e-01,2.888e-01,1.278e-03,9.159e-04,4.187e-03,-1.000,1.041e-02,-3.223,2.516,0.574,-1.068,-2.258,-3.546,-4.953,-5.857,-6.107,
0.0094713,-0.20000,9.69897,1.2087126970,2.5080842972,1.093,3.236,3.5416,0.359,7,0.000,0.407,80.05,45.55,29.62,23.34,19.03,2,-9.79e-08,0.00,7.007e-01,2.888e-01,1.277e-03,9.166e-04,4.186e-03,-1.000,1.041e-02,-3.321,2.539,0.657,-0.970,-2.219,-3.602,-5.067,-5.981,-6.239,
0.0094713,-0.20000,9.69897,1.2087136507,2.5080842972,1.092,3.256,3.5391,0.329,7,0.000,0.407,85.15,48.07,31.18,24.59,20.05,1,-1.06e-07,0.00,7.007e-01,2.888e-01,1.277e-03,9.167e-04,4.186e-03,-1.000,1.041e-02,-3.370,2.548,0.700,-0.917,-2.198,-3.626,-5.123,-6.041,-6.304,
0.0094713,-0.20000,9.69897,1.2087147236,2.5080845356,1.090,3.267,3.5375,0.311,7,0.000,0.407,88.37,49.64,32.15,25.38,20.69,1,-1.12e-07,0.00,7.007e-01,2.888e-01,1.277e-03,9.168e-04,4.186e-03,-1.000,1.041e-02,-3.397,2.555,0.735,-0.875,-2.177,-3.636,-5.156,-6.076,-6.342,
0.0094713,-0.20000,9.69897,1.2087161541,2.5080847740,1.088,3.257,3.5385,0.324,7,0.000,0.407,85.92,48.44,31.41,24.78,20.20,1,-1.09e-07,0.00,7.007e-01,2.888e-01,1.277e-03,9.169e-04,4.186e-03,-1.000,1.041e-02,-3.372,2.557,0.719,-0.895,-2.183,-3.622,-5.128,-6.046,-6.310,
0.0094713,-0.20000,9.69897,1.2087162733,2.5080847740,1.088,3.175,3.5483,0.445,7,0.000,0.407,66.82,38.90,25.48,20.03,16.32,2,-7.6e-08,0.00,7.007e-01,2.888e-01,1.277e-03,9.169e-04,4.186e-03,-1.000,1.041e-02,-3.166,2.529,0.573,-1.073,-2.245,-3.504,-4.891,-5.793,-6.040,
0.0094713,-0.20000,9.69897,1.2087163925,2.5080847740,1.087,3.188,3.5469,0.426,7,0.000,0.406,69.48,40.25,26.31,20.71,16.87,2,-8.03e-08,0.00,7.007e-01,2.889e-01,1.276e-03,9.181e-04,4.186e-03,-1.000,1.039e-02,-3.199,2.532,0.591,-1.051,-2.239,-3.524,-4.928,-5.833,-6.082,
0.0094713,-0.20000,9.69897,1.2087165117,2.5080847740,1.087,3.159,3.5501,0.467,7,0.000,0.406,63.78,37.36,24.51,19.26,15.69,2,-7.13e-08,0.00,7.007e-01,2.889e-01,1.276e-03,9.181e-04,4.186e-03,-1.000,1.039e-02,-3.128,2.524,0.548,-1.103,-2.254,-3.480,-4.847,-5.746,-5.990,
0.0094713,-0.20000,9.69897,1.2087166309,2.5080847740,1.087,3.177,3.5481,0.441,7,0.000,0.406,67.33,39.16,25.64,20.17,16.43,2,-7.78e-08,0.00,7.007e-01,2.889e-01,1.276e-03,9.181e-04,4.186e-03,-1.000,1.039e-02,-3.173,2.528,0.572,-1.073,-2.247,-3.509,-4.899,-5.801,-6.049,
0.0094713,-0.20000,9.69897,1.2087167501,2.5080847740,1.087,3.206,3.5447,0.399,7,0.000,0.406,73.52,42.28,27.58,21.72,17.70,2,-8.8e-08,0.00,7.007e-01,2.889e-01,1.276e-03,9.181e-04,4.186e-03,-1.000,1.039e-02,-3.245,2.538,0.621,-1.014,-2.227,-3.552,-4.981,-5.890,-6.143,
0.0094713,-0.20000,9.69897,1.2087168694,2.5080847740,1.087,3.194,3.5462,0.417,7,0.000,0.406,70.85,40.94,26.75,21.05,17.15,2,-8.36e-08,0.00,7.007e-01,2.889e-01,1.276e-03,9.182e-04,4.186e-03,-1.000,1.039e-02,-3.216,2.532,0.597,-1.043,-2.239,-3.536,-4.947,-5.853,-6.103,
0.0094713,-0.20000,9.69897,1.2087169886,2.5080847740,1.087,3.191,3.5465,0.421,7,0.000,0.406,70.19,40.61,26.54,20.89,17.02,2,-8.23e-08,0.00,7.007e-01,2.889e-01,1.276e-03,9.182e-04,4.186e-03,-1.000,1.039e-02,-3.208,2.532,0.594,-1.048,-2.239,-3.530,-4.938,-5.843,-6.093,
0.0094713,-0.20000,9.69897,1.2087172270,2.5080847740,1.086,3.215,3.5436,0.386,7,0.000,0.406,75.57,43.31,28.22,22.23,18.12,2,-9.13e-08,0.00,7.007e-01,2.889e-01,1.276e-03,9.182e-04,4.186e-03,-1.000,1.039e-02,-3.267,2.543,0.639,-0.993,-2.219,-3.564,-5.006,-5.916,-6.172,
0.0094713,-0.20000,9.69897,1.2087177038,2.5080847740,1.086,3.254,3.5387,0.327,7,0.000,0.406,85.38,48.16,31.23,24.64,20.09,1,-1.07e-07,0.00,7.007e-01,2.889e-01,1.276e-03,9.182e-04,4.186e-03,-1.000,1.039e-02,-3.365,2.559,0.717,-0.898,-2.183,-3.618,-5.120,-6.038,-6.302,
0.0094713,-0.20000,9.69897,1.2087181807,2.5080850124,1.085,3.274,3.5360,0.295,7,0.000,0.406,91.11,50.96,32.97,26.03,21.22,1,-1.17e-07,0.00,7.007e-01,2.889e-01,1.276e-03,9.182e-04,4.186e-03,-1.000,1.039e-02,-3.415,2.569,0.774,-0.827,-2.151,-3.636,-5.179,-6.101,-6.370,
0.0094713,-0.20000,9.69897,1.2087185383,2.5080850124,1.084,3.303,3.5323,0.251,7,0.000,0.406,99.80,55.17,35.56,28.12,22.93,1,-1.33e-07,0.00,7.007e-01,2.889e-01,1.276e-03,9.182e-04,4.186e-03,-1.000,1.039e-02,-3.488,2.579,0.846,-0.736,-2.112,-3.666,-5.264,-6.191,-6.466,
0.0094713,-0.20000,9.69897,1.2087191343,2.5080850124,1.083,3.332,3.5286,0.207,7,0.000,0.406,109.42,59.77,38.39,30.39,24.78,1,-1.51e-07,0.00,7.007e-01,2.889e-01,1.276e-03,9.182e-04,4.186e-03,-1.000,1.039e-02,-3.560,2.590,0.931,-0.629,-2.064,-3.687,-5.349,-6.281,-6.562,
0.0094713,-0.20000,9.69897,1.2087196112,2.5080850124,1.082,3.358,3.5251,0.166,7,0.000,0.406,118.99,64.30,41.16,32.61,26.60,1,-1.69e-07,0.00,7.007e-01,2.889e-01,1.276e-03,9.184e-04,4.186e-03,-1.000,1.039e-02,-3.625,2.601,1.029,-0.507,-2.007,-3.692,-5.426,-6.362,-6.650,
0.0094713,-0.20000,9.69897,1.2087203264,2.5080852509,1.080,3.388,3.5211,0.120,7,0.000,0.406,131.01,69.91,44.58,35.37,28.86,1,-1.9e-07,0.00,7.007e-01,2.889e-01,1.275e-03,9.188e-04,4.186e-03,-1.000,1.039e-02,-3.699,2.616,1.146,-0.361,-1.936,-3.694,-5.514,-6.454,-6.750,
0.0094713,-0.20000,9.69897,1.2087212801,2.5080852509,1.077,3.417,3.5169,0.073,7,0.530,0.406,144.37,76.06,48.31,38.39,31.32,1,-2.17e-07,0.00,7.007e-01,2.889e-01,1.275e-03,9.190e-04,4.186e-03,-1.000,1.039e-02,-3.773,2.630,1.288,-0.177,-1.843,-3.672,-5.601,-6.545,-6.850,
0.0094713,-0.20000,9.69897,1.2087224722,2.5080854893,1.073,3.439,3.5137,0.036,7,0.529,0.406,155.73,81.21,51.43,40.91,33.39,1,-2.41e-07,0.00,7.007e-01,2.889e-01,1.275e-03,9.191e-04,4.186e-03,-1.000,1.039e-02,-3.828,2.643,1.407,-0.022,-1.764,-3.646,-5.667,-6.614,-6.926,
0.0094713,-0.20000,9.69897,1.2087234259,2.5080857277,1.070,3.451,3.5119,0.016,8,0.530,0.426,162.30,84.16,53.21,42.35,34.56,1,-2.56e-07,0.00,7.007e-01,2.898e-01,1.342e-03,9.202e-04,4.196e-03,-1.000,9.515e-03,-3.857,2.652,1.475,0.066,-1.718,-3.629,-5.702,-6.650,-6.966,
0.0094713,-0.20000,9.69897,1.2087235451,2.5080857277,1.069,3.208,3.5427,0.382,8,0.530,0.426,75.82,43.39,28.26,22.28,18.15,2,-9.28e-08,0.00,7.007e-01,2.898e-01,1.342e-03,9.202e-04,4.196e-03,-1.000,9.514e-03,-3.249,2.575,0.684,-0.944,-2.179,-3.540,-4.991,-5.903,-6.160,
0.0094713,-0.20000,9.69897,1.2087236643,2.5080857277,1.069,3.096,3.5567,0.550,8,0.530,0.426,53.57,32.07,21.17,16.61,13.53,2,-5.77e-08,0.00,7.007e-01,2.898e-01,1.342e-03,9.202e-04,4.196e-03,-1.000,9.515e-03,-2.971,2.516,0.508,-1.149,-2.242,-3.364,-4.671,-5.556,-5.790,
0.0094713,-0.20000,9.69897,1.2087239027,2.5080857277,1.068,2.912,3.5799,0.827,8,0.530,0.426,30.13,19.43,13.12,10.22,8.31,2,-2.56e-08,0.00,7.007e-01,2.898e-01,1.342e-03,9.202e-04,4.196e-03,-1.000,9.515e-03,-2.510,2.362,0.396,-1.226,-2.168,-3.007,-4.152,-4.979,-5.177,
0.0094713,-0.20000,9.69897,1.2087242603,2.5080857277,1.067,2.928,3.5778,0.802,8,0.530,0.426,31.72,20.32,13.70,10.68,8.68,2,-2.75e-08,0.00,7.007e-01,2.898e-01,1.342e-03,9.202e-04,4.196e-03,-1.000,9.515e-03,-2.549,2.382,0.405,-1.223,-2.178,-3.038,-4.196,-5.030,-5.231,
0.0094713,-0.20000,9.69897,1.2087247372,2.5080857277,1.066,3.043,3.5630,0.627,8,0.530,0.426,45.56,27.85,18.50,14.49,11.79,2,-4.6e-08,0.00,7.007e-01,2.898e-01,1.342e-03,9.202e-04,4.196e-03,-1.000,9.515e-03,-2.837,2.490,0.469,-1.187,-2.233,-3.263,-4.520,-5.391,-5.614,
0.0094713,-0.20000,9.69897,1.2087253332,2.5080859661,1.064,3.198,3.5431,0.392,8,0.530,0.426,74.30,42.61,27.78,21.89,17.84,2,-9.04e-08,0.00,7.007e-01,2.898e-01,1.342e-03,9.202e-04,4.196e-03,-1.000,9.515e-03,-3.225,2.585,0.691,-0.936,-2.166,-3.519,-4.966,-5.877,-6.132,
0.0094713,-0.20000,9.69897,1.2087260485,2.5080859661,1.062,3.329,3.5263,0.193,8,0.530,0.426,112.28,61.02,39.14,31.01,25.29,1,-1.57e-07,0.00,7.007e-01,2.898e-01,1.342e-03,9.202e-04,4.196e-03,-1.000,9.515e-03,-3.551,2.637,1.041,-0.500,-1.976,-3.639,-5.348,-6.283,-6.568,
0.0094713,-0.20000,9.69897,1.2087268829,2.5080862045,1.059,3.412,3.5153,0.064,8,0.530,0.426,146.66,76.97,48.85,38.84,31.69,1,-2.24e-07,0.00,7.007e-01,2.898e-01,1.342e-03,9.202e-04,4.196e-03,-1.000,9.515e-03,-3.761,2.667,1.380,-0.064,-1.766,-3.620,-5.594,-6.540,-6.848,
0.0094713,-0.20000,9.69897,1.2087277174,2.5080862045,1.057,3.455,3.5095,-0.003,8,0.531,0.426,168.45,86.80,54.79,43.65,35.62,1,-2.69e-07,0.00,7.007e-01,2.898e-01,1.342e-03,9.202e-04,4.196e-03,-1.000,9.515e-03,-3.867,2.683,1.583,0.202,-1.634,-3.581,-5.720,-6.670,-6.990,
0.0094713,-0.20000,9.69897,1.2087287903,2.5080864429,1.053,3.473,3.5068,-0.033,8,0.531,0.426,179.22,91.58,57.66,45.97,37.53,1,-2.92e-07,0.00,7.007e-01,2.898e-01,1.342e-03,9.202e-04,4.196e-03,-1.000,9.515e-03,-3.912,2.691,1.677,0.326,-1.571,-3.553,-5.774,-6.726,-7.051,
0.0094713,-0.20000,9.69897,1.2087299824,2.5080864429,1.050,3.481,3.5052,-0.049,8,0.531,0.426,184.22,94.19,59.22,47.25,38.57,1,-3.04e-07,0.00,7.007e-01,2.898e-01,1.342e-03,9.202e-04,4.196e-03,-1.000,9.515e-03,-3.933,2.699,1.737,0.403,-1.529,-3.531,-5.801,-6.753,-7.081,
0.0094713,-0.20000,9.69897,1.2087299824,2.5080864429,1.049,3.300,3.5281,0.223,8,0.531,0.426,105.18,57.60,37.03,29.33,23.91,1,-1.44e-07,0.00,7.007e-01,2.898e-01,1.342e-03,9.202e-04,4.196e-03,-1.000,9.515e-03,-3.481,2.661,1.025,-0.525,-1.967,-3.598,-5.271,-6.204,-6.486,
0.0094713,-0.20000,9.69897,1.2087302208,2.5080864429,1.049,3.133,3.5492,0.474,8,0.531,0.426,62.35,36.56,23.99,18.87,15.37,2,-7.13e-08,0.00,7.007e-01,2.898e-01,1.342e-03,9.202e-04,4.196e-03,-1.000,9.515e-03,-3.062,2.596,0.639,-1.004,-2.164,-3.407,-4.784,-5.686,-5.931,
0.0094713,-0.20000,9.69897,1.2087304592,2.5080866814,1.048,2.949,3.5724,0.751,8,0.532,0.426,35.07,22.17,14.88,11.62,9.45,2,-3.2e-08,0.00,7.007e-01,2.898e-01,1.342e-03,9.202e-04,4.196e-03,-1.000,9.515e-03,-2.602,2.468,0.471,-1.169,-2.154,-3.070,-4.261,-5.110,-5.318,
0.0094713,-0.20000,9.69897,1.2087309361,2.5080866814,1.046,2.965,3.5702,0.726,8,0.532,0.426,36.94,23.19,15.53,12.14,9.87,2,-3.45e-08,0.00,7.007e-01,2.898e-01,1.342e-03,9.202e-04,4.196e-03,-1.000,9.515e-03,-2.642,2.488,0.480,-1.167,-2.164,-3.101,-4.306,-5.160,-5.372,
0.0094713,-0.20000,9.69897,1.2087315321,2.5080866814,1.044,3.079,3.5556,0.553,8,0.532,0.426,52.91,31.69,20.92,16.43,13.37,2,-5.71e-08,0.00,7.007e-01,2.898e-01,1.342e-03,9.202e-04,4.196e-03,-1.000,9.514e-03,-2.926,2.574,0.580,-1.071,-2.173,-3.312,-4.629,-5.517,-5.752,
0.0094713,-0.20000,9.69897,1.2087321281,2.5080869198,1.042,3.232,3.5359,0.320,8,0.532,0.426,85.92,48.28,31.28,24.72,20.14,1,-1.11e-07,0.00,7.007e-01,2.898e-01,1.342e-03,9.202e-04,4.196e-03,-1.000,9.514e-03,-3.310,2.654,0.871,-0.722,-2.044,-3.530,-5.074,-5.997,-6.264,
0.0094713,-0.20000,9.69897,1.2087329626,2.5080869198,1.039,3.361,3.5192,0.122,8,0.532,0.426,129.41,68.90,43.93,34.90,28.46,1,-1.91e-07,0.00,7.007e-01,2.898e-01,1.342e-03,9.202e-04,4.196e-03,-1.000,9.515e-03,-3.633,2.700,1.292,-0.192,-1.801,-3.590,-5.453,-6.395,-6.695,
0.0094713,-0.20000,9.69897,1.2087339163,2.5080871582,1.036,3.444,3.5083,-0.005,8,0.533,0.426,168.76,86.75,54.73,43.63,35.60,1,-2.72e-07,0.00,7.007e-01,2.898e-01,1.342e-03,9.202e-04,4.196e-03,-1.000,9.515e-03,-3.840,2.723,1.663,0.298,-1.562,-3.523,-5.697,-6.648,-6.969,
0.0094713,-0.20000,9.69897,1.2087349892,2.5080871582,1.032,3.486,3.5026,-0.072,8,0.533,0.426,189.58,97.77,61.35,49.00,40.00,1,-3.26e-07,0.00,7.007e-01,2.898e-01,1.342e-03,9.202e-04,4.196e-03,-1.000,9.515e-03,-3.945,2.734,1.861,0.558,-1.434,-3.471,-5.822,-6.777,-7.109,
0.0094713,-0.20000,9.69897,1.2087363005,2.5080873966,1.027,3.504,3.4999,-0.103,8,0.533,0.426,198.29,103.19,64.58,51.63,42.15,1,-3.54e-07,0.00,7.007e-01,2.898e-01,1.342e-03,9.202e-04,4.196e-03,-1.000,9.515e-03,-3.989,2.746,1.964,0.691,-1.366,-3.437,-5.875,-6.832,-7.171,
0.0094713,-0.20000,9.69897,1.2087376118,2.5080876350,1.023,3.512,3.4983,-0.119,8,0.534,0.426,203.06,106.22,66.39,53.11,43.35,1,-3.71e-07,0.00,7.007e-01,2.898e-01,1.342e-03,9.202e-04,4.196e-03,-1.000,9.515e-03,-4.010,2.753,2.014,0.754,-1.332,-3.418,-5.901,-6.859,-7.200,
0.0094713,-0.20000,9.69897,1.2087377310,2.5080876350,1.022,3.339,3.5204,0.143,8,0.534,0.426,123.71,66.15,42.24,33.55,27.36,1,-1.83e-07,0.00,7.007e-01,2.898e-01,1.342e-03,9.202e-04,4.196e-03,-1.000,9.515e-03,-3.577,2.724,1.283,-0.212,-1.794,-3.561,-5.393,-6.334,-6.631,
0.0094713,-0.20000,9.69897,1.2087378502,2.5080876350,1.021,3.173,3.5416,0.393,8,0.534,0.426,73.41,42.06,27.40,21.63,17.62,2,-9.13e-08,0.00,7.007e-01,2.898e-01,1.342e-03,9.202e-04,4.196e-03,-1.000,9.514e-03,-3.162,2.667,0.800,-0.818,-2.063,-3.443,-4.907,-5.822,-6.079,
0.0094713,-0.20000,9.69897,1.2087382078,2.5080876350,1.020,2.989,3.5651,0.670,8,0.534,0.426,41.20,25.48,16.98,13.30,10.82,2,-4.15e-08,0.00,7.007e-01,2.898e-01,1.342e-03,9.202e-04,4.196e-03,-1.000,9.515e-03,-2.702,2.556,0.547,-1.103,-2.134,-3.138,-4.380,-5.246,-5.466,
0.0094713,-0.20000,9.69897,1.2087386847,2.5080876350,1.018,3.005,3.5629,0.644,8,0.534,0.426,43.44,26.67,17.74,13.91,11.31,2,-4.48e-08,0.00,7.007e-01,2.898e-01,1.342e-03,9.202e-04,4.196e-03,-1.000,9.515e-03,-2.742,2.573,0.562,-1.090,-2.135,-3.168,-4.425,-5.297,-5.520,
0.0094713,-0.20000,9.69897,1.2087393999,2.5080878735,1.015,3.117,3.5483,0.473,8,0.535,0.426,62.09,36.36,23.84,18.78,15.29,2,-7.34e-08,0.00,7.007e-01,2.898e-01,1.342e-03,9.202e-04,4.196e-03,-1.000,9.515e-03,-3.022,2.649,0.705,-0.933,-2.101,-3.359,-4.746,-5.650,-5.896,
0.0094713,-0.20000,9.69897,1.2087402344,2.5080878735,1.011,3.268,3.5286,0.242,8,0.535,0.426,100.44,55.16,35.50,28.14,22.93,1,-1.4e-07,0.00,7.007e-01,2.898e-01,1.342e-03,9.202e-04,4.196e-03,-1.000,9.515e-03,-3.399,2.719,1.075,-0.477,-1.907,-3.527,-5.188,-6.121,-6.401,
0.0094713,-0.20000,9.69897,1.2087411880,2.5080881119,1.007,3.395,3.5119,0.046,8,0.535,0.426,150.85,78.45,49.69,39.60,32.30,1,-2.4e-07,0.00,7.007e-01,2.898e-01,1.342e-03,9.202e-04,4.196e-03,-1.000,9.515e-03,-3.716,2.764,1.595,0.195,-1.583,-3.491,-5.561,-6.510,-6.824,
0.0094713,-0.20000,9.69897,1.2087422609,2.5080881119,1.002,3.476,3.5010,-0.081,8,0.536,0.426,190.09,98.59,61.80,49.42,40.33,1,-3.39e-07,0.00,7.007e-01,2.898e-01,1.342e-03,9.202e-04,4.196e-03,-1.000,9.515e-03,-3.920,2.783,1.965,0.681,-1.346,-3.401,-5.801,-6.758,-7.093,
0.0094713,-0.20000,9.69897,1.2087435722,2.5080883503,0.997,3.517,3.4952,-0.148,8,0.536,0.426,210.13,111.09,69.25,55.49,45.29,1,-4.07e-07,0.00,7.007e-01,2.898e-01,1.342e-03,9.202e-04,4.196e-03,-1.000,9.515e-03,-4.023,2.793,2.142,0.907,-1.237,-3.349,-5.923,-6.884,-7.230,
0.0094713,-0.20000,9.69897,1.2087450027,2.5080885887,0.991,3.534,3.4924,-0.179,8,0.537,0.426,219.90,117.34,72.96,58.52,47.77,1,-4.44e-07,0.00,7.007e-01,2.898e-01,1.342e-03,9.202e-04,4.196e-03,-1.000,9.514e-03,-4.066,2.802,2.230,1.018,-1.180,-3.317,-5.976,-6.938,-7.290,
0.0094713,-0.20000,9.69897,1.2087465525,2.5080888271,0.984,3.543,3.4908,-0.197,8,0.537,0.426,225.37,120.95,75.09,60.27,49.20,1,-4.69e-07,0.00,7.007e-01,2.898e-01,1.342e-03,9.202e-04,4.196e-03,-1.000,9.515e-03,-4.086,2.812,2.287,1.088,-1.142,-3.292,-6.002,-6.965,-7.320,
0.0094713,-0.20000,9.69897,1.2087466717,2.5080888271,0.983,3.379,3.5122,0.052,8,0.537,0.426,148.31,77.10,48.84,38.94,31.76,1,-2.41e-07,0.00,7.007e-01,2.898e-01,1.342e-03,9.202e-04,4.196e-03,-1.000,9.515e-03,-3.677,2.796,1.620,0.218,-1.554,-3.457,-5.521,-6.470,-6.783,
0.0094713,-0.20000,9.69897,1.2087467909,2.5080888271,0.982,3.214,3.5336,0.302,8,0.538,0.426,88.00,49.06,31.72,25.13,20.47,1,-1.22e-07,0.00,7.007e-01,2.898e-01,1.342e-03,9.202e-04,4.196e-03,-1.000,9.515e-03,-3.266,2.741,1.002,-0.577,-1.930,-3.459,-5.037,-5.964,-6.235,
0.0094713,-0.20000,9.69897,1.2087471485,2.5080888271,0.980,3.031,3.5575,0.581,8,0.538,0.426,49.18,29.65,19.61,15.42,12.54,2,-5.63e-08,0.00,7.007e-01,2.898e-01,1.342e-03,9.202e-04,4.196e-03,-1.000,9.515e-03,-2.807,2.642,0.643,-1.009,-2.095,-3.204,-4.504,-5.389,-5.620,
0.0094713,-0.20000,9.69897,1.2087477446,2.5080888271,0.977,3.047,3.5553,0.554,8,0.538,0.426,51.92,31.07,20.50,16.13,13.13,2,-6.09e-08,0.00,7.007e-01,2.898e-01,1.342e-03,9.202e-04,4.196e-03,-1.000,9.514e-03,-2.847,2.657,0.669,-0.980,-2.085,-3.230,-4.550,-5.440,-5.675,
0.0094713,-0.20000,9.69897,1.2087483406,2.5080890656,0.973,3.157,3.5405,0.384,8,0.538,0.426,74.11,42.26,27.50,21.74,17.70,1,-9.88e-08,0.00,7.007e-01,2.898e-01,1.342e-03,9.202e-04,4.196e-03,-1.000,9.515e-03,-3.121,2.730,0.877,-0.735,-1.993,-3.393,-4.870,-5.787,-6.046,
0.0094713,-0.20000,9.69897,1.2087491751,2.5080890656,0.968,3.304,3.5207,0.155,8,0.539,0.426,119.44,63.82,40.76,32.43,26.43,1,-1.86e-07,0.00,7.007e-01,2.898e-01,1.342e-03,9.202e-04,4.196e-03,-1.000,9.515e-03,-3.490,2.797,1.351,-0.143,-1.718,-3.480,-5.305,-6.246,-6.542,
0.0094713,-0.20000,9.69897,1.2087502480,2.5080893040,0.962,3.428,3.5039,-0.039,8,0.539,0.426,175.58,90.45,56.86,45.49,37.10,1,-3.14e-07,0.00,7.007e-01,2.898e-01,1.342e-03,9.202e-04,4.196e-03,-1.000,9.515e-03,-3.799,2.836,1.922,0.608,-1.348,-3.365,-5.671,-6.625,-6.955,
0.0094713,-0.20000,9.69897,1.2087514400,2.5080895424,0.955,3.507,3.4928,-0.166,8,0.540,0.426,212.56,113.48,70.61,56.68,46.26,1,-4.42e-07,0.00,7.007e-01,2.898e-01,1.342e-03,9.202e-04,4.196e-03,-1.000,9.515e-03,-3.997,2.855,2.271,1.057,-1.130,-3.262,-5.905,-6.867,-7.218,
0.0094713,-0.20000,9.69897,1.2087527514,2.5080895424,0.947,3.547,3.4869,-0.233,8,0.540,0.426,234.91,127.88,79.12,63.65,51.95,1,-5.31e-07,0.01,7.007e-01,2.898e-01,1.342e-03,9.202e-04,4.196e-03,-1.000,9.515e-03,-4.097,2.864,2.418,1.221,-1.052,-3.220,-6.025,-6.989,-7.350,
0.0094713,-0.20000,9.69897,1.2087541819,2.5080897808,0.938,3.563,3.4840,-0.265,8,0.541,0.426,246.00,135.25,83.45,67.21,54.87,0,-5.83e-07,0.01,7.007e-01,2.898e-01,1.342e-03,9.202e-04,4.196e-03,-1.000,9.515e-03,-4.139,2.876,2.482,1.279,-1.022,-3.200,-6.076,-7.041,-7.407,
0.0094713,-0.20000,9.69897,1.2087558508,2.5080900192,0.929,3.571,3.4823,-0.284,8,0.542,0.426,252.39,139.64,86.02,69.34,56.60,0,-6.2e-07,0.01,7.007e-01,2.898e-01,1.342e-03,9.202e-04,4.196e-03,-1.000,9.515e-03,-4.158,2.889,2.526,1.320,-0.999,-3.182,-6.101,-7.067,-7.436,
0.0094713,-0.20000,9.69897,1.2087559700,2.5080900192,0.928,3.419,3.5028,-0.050,8,0.542,0.426,176.22,91.44,57.41,45.99,37.50,1,-3.37e-07,0.00,7.007e-01,2.898e-01,1.342e-03,9.202e-04,4.196e-03,-1.000,9.515e-03,-3.777,2.881,2.001,0.699,-1.282,-3.313,-5.652,-6.608,-6.940,
0.0094713,-0.20000,9.69897,1.2087560892,2.5080900192,0.926,3.256,3.5247,0.199,8,0.542,0.426,107.92,58.21,37.29,29.68,24.17,1,-1.74e-07,0.00,7.007e-01,2.898e-01,1.342e-03,9.202e-04,4.196e-03,-1.000,9.515e-03,-3.370,2.831,1.283,-0.240,-1.741,-3.431,-5.172,-6.109,-6.397,
0.0094713,-0.20000,9.69897,1.2087564468,2.5080900192,0.923,3.073,3.5494,0.480,8,0.542,0.426,59.90,35.03,22.96,18.14,14.76,2,-8.12e-08,0.00,7.007e-01,2.898e-01,1.342e-03,9.202e-04,4.196e-03,-1.000,9.515e-03,-2.913,2.738,0.779,-0.864,-2.020,-3.259,-4.633,-5.534,-5.779,
0.0094713,-0.20000,9.69897,1.2087570429,2.5080902576,0.919,3.089,3.5471,0.453,8,0.542,0.426,63.34,36.75,24.03,19.00,15.46,1,-8.81e-08,0.00,7.007e-01,2.898e-01,1.342e-03,9.202e-04,4.196e-03,-1.000,9.515e-03,-2.952,2.753,0.821,-0.815,-1.998,-3.279,-4.680,-5.585,-5.834,
0.0094713,-0.20000,9.69897,1.2087576389,2.5080902576,0.913,3.196,3.5322,0.283,8,0.543,0.426,90.30,49.85,32.16,25.54,20.80,1,-1.41e-07,0.00,7.007e-01,2.898e-01,1.342e-03,9.202e-04,4.196e-03,-1.000,9.515e-03,-3.220,2.821,1.106,-0.466,-1.841,-3.396,-4.997,-5.925,-6.199,
0.0094713,-0.20000,9.69897,1.2087584734,2.5080904961,0.907,3.339,3.5122,0.057,8,0.543,0.426,145.07,74.92,47.44,37.92,30.91,1,-2.61e-07,0.00,7.007e-01,2.898e-01,1.342e-03,9.202e-04,4.196e-03,-1.000,9.515e-03,-3.579,2.891,1.716,0.314,-1.457,-3.359,-5.422,-6.371,-6.684,
0.0094713,-0.20000,9.69897,1.2087595463,2.5080904961,0.899,3.460,3.4952,-0.135,8,0.543,0.426,198.45,105.79,65.94,53.00,43.22,1,-4.36e-07,0.00,7.007e-01,2.898e-01,1.342e-03,9.202e-04,4.196e-03,-1.000,9.515e-03,-3.879,2.927,2.276,1.044,-1.097,-3.207,-5.779,-6.740,-7.086,
0.0094713,-0.20000,9.69897,1.2087607384,2.5080907345,0.889,3.536,3.4840,-0.261,8,0.544,0.426,239.82,132.46,81.71,65.92,53.79,0,-6.11e-07,0.01,7.007e-01,2.898e-01,1.342e-03,9.202e-04,4.196e-03,-1.000,9.515e-03,-4.071,2.944,2.548,1.346,-0.956,-3.133,-6.007,-6.973,-7.340,
0.0094713,-0.20000,9.69897,1.2087620497,2.5080909729,0.879,3.575,3.4781,-0.329,8,0.545,0.426,264.93,149.23,91.54,74.01,60.40,0,-7.37e-07,0.01,7.007e-01,2.898e-01,1.342e-03,9.202e-04,4.196e-03,-1.000,9.514e-03,-4.168,2.954,2.660,1.445,-0.910,-3.108,-6.123,-7.090,-7.467,
0.0094713,-0.20000,9.69897,1.2087634802,2.5080909729,0.868,3.591,3.4752,-0.362,8,0.546,0.426,277.55,157.97,96.63,78.23,63.84,0,-8.16e-07,0.01,7.007e-01,2.898e-01,1.342e-03,9.202e-04,4.196e-03,-1.000,9.514e-03,-4.208,2.969,2.715,1.491,-0.887,-3.096,-6.171,-7.139,-7.521,
0.0094713,-0.20000,9.69897,1.2087651491,2.5080912113,0.855,3.599,3.4735,-0.383,8,0.546,0.426,284.95,163.32,99.72,80.81,65.95,0,-8.78e-07,0.01,7.007e-01,2.898e-01,1.342e-03,9.202e-04,4.196e-03,-1.000,9.514e-03,-4.227,2.990,2.757,1.527,-0.866,-3.082,-6.194,-7.163,-7.548,
0.0094713,-0.20000,9.69897,1.2087652683,2.5080912113,0.854,3.458,3.4933,-0.164,8,0.546,0.426,203.52,109.94,68.33,55.05,44.89,1,-5.05e-07,0.01,7.007e-01,2.898e-01,1.342e-03,9.202e-04,4.196e-03,-1.000,9.514e-03,-3.876,2.978,2.379,1.160,-1.021,-3.149,-5.782,-6.744,-7.094,
0.0094713,-0.20000,9.69897,1.2087653875,2.5080912113,0.852,3.298,3.5159,0.086,8,0.546,0.426,134.98,69.89,44.33,35.48,28.90,1,-2.65e-07,0.00,7.007e-01,2.898e-01,1.342e-03,9.202e-04,4.196e-03,-1.000,9.514e-03,-3.474,2.931,1.632,0.184,-1.502,-3.346,-5.305,-6.250,-6.557,
0.0094713,-0.20000,9.69897,1.2087657452,2.5080914497,0.848,3.115,3.5416,0.370,8,0.547,0.426,74.13,41.79,27.13,21.55,17.53,1,-1.26e-07,0.00,7.007e-01,2.898e-01,1.342e-03,9.202e-04,4.196e-03,-1.000,9.514e-03,-3.017,2.833,0.954,-0.669,-1.917,-3.298,-4.763,-5.677,-5.935,
0.0094713,-0.20000,9.69897,1.2087662220,2.5080914497,0.843,3.130,3.5393,0.343,8,0.547,0.426,78.46,43.85,28.40,22.58,18.37,1,-1.37e-07,0.00,7.007e-01,2.898e-01,1.342e-03,9.202e-04,4.196e-03,-1.000,9.514e-03,-3.056,2.848,1.000,-0.616,-1.892,-3.315,-4.809,-5.727,-5.989,
0.0094713,-0.20000,9.69897,1.2087669373,2.5080914497,0.836,3.235,3.5243,0.174,8,0.547,0.426,111.76,59.32,37.89,30.27,24.64,1,-2.18e-07,0.00,7.007e-01,2.898e-01,1.342e-03,9.202e-04,4.196e-03,-1.000,9.514e-03,-3.318,2.913,1.368,-0.159,-1.671,-3.370,-5.121,-6.058,-6.347,
0.0094713,-0.20000,9.69897,1.2087677717,2.5080916882,0.828,3.374,3.5042,-0.049,8,0.548,0.426,168.73,88.67,55.60,44.71,36.42,1,-3.96e-07,0.00,7.007e-01,2.898e-01,1.342e-03,9.202e-04,4.196e-03,-1.000,9.514e-03,-3.666,2.985,2.055,0.733,-1.221,-3.236,-5.535,-6.490,-6.820,
0.0094713,-0.20000,9.69897,1.2087687254,2.5080916882,0.818,3.491,3.4872,-0.239,8,0.548,0.426,224.97,124.58,76.92,62.19,50.70,0,-6.54e-07,0.01,7.007e-01,2.898e-01,1.342e-03,9.202e-04,4.196e-03,-1.000,9.514e-03,-3.957,3.025,2.567,1.365,-0.912,-3.079,-5.882,-6.847,-7.210,
0.0094713,-0.20000,9.69897,1.2087697983,2.5080919266,0.807,3.565,3.4762,-0.364,8,0.549,0.426,263.37,-1.00,-1.00,-1.00,-1.00,0,-9.15e-07,0.01,7.007e-01,2.898e-01,1.342e-03,9.202e-04,4.196e-03,-1.000,9.514e-03,-4.143,3.050,2.774,1.546,-0.832,-3.040,-6.101,-7.070,-7.452,
0.0094713,-0.20000,9.69897,1.2087711096,2.5080921650,0.795,3.602,3.4705,-0.431,8,0.550,0.426,255.99,-1.00,-1.00,-1.00,-1.00,0,-1.11e-06,0.02,7.007e-01,2.898e-01,1.342e-03,9.202e-04,4.196e-03,-1.000,9.515e-03,-4.236,3.075,2.876,1.628,-0.796,-3.027,-6.210,-7.181,-7.574,
0.0094713,-0.20000,9.69897,1.2087725401,2.5080924034,0.781,3.618,3.4680,-0.464,8,0.550,0.426,247.94,-1.00,-1.00,-1.00,-1.00,0,-1.25e-06,0.03,7.007e-01,2.898e-01,1.342e-03,9.202e-04,4.196e-03,-1.000,9.515e-03,-4.275,3.107,2.930,1.670,-0.776,-3.018,-6.254,-7.225,-7.624,
0.0094713,-0.20000,9.69897,1.2087740898,2.5080924034,0.765,3.625,3.4668,-0.484,8,0.551,0.426,239.29,-1.00,-1.00,-1.00,-1.00,0,-1.36e-06,0.03,7.007e-01,2.898e-01,1.342e-03,9.203e-04,4.196e-03,-1.000,9.515e-03,-4.293,3.140,2.968,1.699,-0.761,-3.010,-6.272,-7.245,-7.648,
0.0094713,-0.20000,9.69897,1.2087838650,2.5080938339,0.556,-9.999,4.0000,1.691,9,0.556,0.000,0.00,0.00,0.00,0.00,0.00,-1,-1e-30,0.00,7.007e-01,2.898e-01,1.342e-03,9.203e-04,4.196e-03,-1.000,9.515e-03,29.767,29.737,29.997,30.044,30.032,30.028,30.074,30.071,30.088,
