Gmag,G_BPmag,G_RPmag,logAge,MH
12.274,13.302,11.272,10.10890,-2.19174
11.873,12.818,10.912,10.10890,-2.19174
11.224,12.061,10.319,10.10890,-2.19174
10.791,11.583,9.912,10.10890,-2.19174
10.458,11.224,9.595,10.10890,-2.19174
9.925,10.653,9.085,10.10890,-2.19174
9.433,10.128,8.613,10.10890,-2.19174
9.050,9.719,8.248,10.10890,-2.19174
8.725,9.372,7.939,10.10890,-2.19174
8.401,9.023,7.631,10.10890,-2.19174
8.006,8.591,7.264,10.10890,-2.19174
7.569,8.113,6.858,10.10890,-2.19174
7.034,7.526,6.366,10.10890,-2.19174
6.490,6.921,5.875,10.10890,-2.19174
6.427,6.851,5.819,10.10890,-2.19174
6.315,6.726,5.719,10.10890,-2.19174
6.206,6.604,5.622,10.10890,-2.19174
6.077,6.461,5.507,10.10890,-2.19174
5.962,6.334,5.403,10.10890,-2.19174
5.918,6.286,5.364,10.10890,-2.19174
5.848,6.209,5.301,10.10890,-2.19174
5.731,6.083,5.195,10.10890,-2.19174
5.617,5.960,5.090,10.10890,-2.19174
5.512,5.846,4.994,10.10890,-2.19174
5.406,5.732,4.897,10.10890,-2.19174
5.274,5.591,4.775,10.10890,-2.19174
5.271,5.587,4.772,10.10890,-2.19174
5.212,5.524,4.717,10.10890,-2.19174
5.082,5.387,4.596,10.10890,-2.19174
4.964,5.263,4.486,10.10890,-2.19174
4.841,5.134,4.369,10.10890,-2.19174
4.707,4.995,4.242,10.10890,-2.19174
4.536,4.818,4.078,10.10890,-2.19174
4.356,4.633,3.905,10.10890,-2.19174
4.311,4.586,3.860,10.10890,-2.19174
4.309,4.584,3.858,10.10890,-2.19174
4.174,4.446,3.727,10.10890,-2.19174
4.053,4.324,3.608,10.10890,-2.19174
4.005,4.277,3.560,10.10890,-2.19174
3.867,4.142,3.419,10.10890,-2.19174
3.758,4.037,3.305,10.10890,-2.19174
3.734,4.014,3.279,10.10890,-2.19174
3.706,3.987,3.249,10.10890,-2.19174
3.602,3.892,3.134,10.10890,-2.19174
3.509,3.810,3.028,10.10890,-2.19174
3.423,3.738,2.926,10.10890,-2.19174
3.345,3.675,2.831,10.10890,-2.19174
3.270,3.614,2.741,10.10890,-2.19174
3.192,3.550,2.649,10.10890,-2.19174
3.108,3.478,2.552,10.10890,-2.19174
3.003,3.384,2.435,10.10890,-2.19174
2.903,3.292,2.327,10.10890,-2.19174
2.827,3.221,2.247,10.10890,-2.19174
2.753,3.149,2.170,10.10890,-2.19174
2.650,3.051,2.064,10.10890,-2.19174
2.542,2.946,1.952,10.10890,-2.19174
2.431,2.838,1.839,10.10890,-2.19174
2.307,2.716,1.711,10.10890,-2.19174
2.194,2.607,1.596,10.10890,-2.19174
2.072,2.487,1.471,10.10890,-2.19174
1.940,2.358,1.336,10.10890,-2.19174
1.824,2.245,1.218,10.10890,-2.19174
1.703,2.126,1.094,10.10890,-2.19174
1.583,2.010,0.972,10.10890,-2.19174
1.465,1.894,0.851,10.10890,-2.19174
1.349,1.781,0.732,10.10890,-2.19174
1.229,1.664,0.610,10.10890,-2.19174
1.112,1.550,0.490,10.10890,-2.19174
0.999,1.439,0.374,10.10890,-2.19174
0.887,1.330,0.259,10.10890,-2.19174
0.772,1.219,0.141,10.10890,-2.19174
0.661,1.112,0.027,10.10890,-2.19174
0.549,1.004,-0.088,10.10890,-2.19174
0.439,0.897,-0.202,10.10890,-2.19174
0.332,0.794,-0.312,10.10890,-2.19174
0.226,0.691,-0.421,10.10890,-2.19174
0.115,0.584,-0.535,10.10890,-2.19174
0.012,0.485,-0.641,10.10890,-2.19174
-0.090,0.387,-0.747,10.10890,-2.19174
-0.197,0.284,-0.857,10.10890,-2.19174
-0.297,0.189,-0.960,10.10890,-2.19174
-0.396,0.093,-1.064,10.10890,-2.19174
-0.494,-0.001,-1.165,10.10890,-2.19174
-0.569,-0.072,-1.242,10.10890,-2.19174
-0.558,-0.062,-1.231,10.10890,-2.19174
-0.574,-0.078,-1.248,10.10890,-2.19174
-0.672,-0.171,-1.349,10.10890,-2.19174
-0.777,-0.271,-1.458,10.10890,-2.19174
-0.871,-0.361,-1.556,10.10890,-2.19174
-0.970,-0.455,-1.659,10.10890,-2.19174
-1.069,-0.549,-1.762,10.10890,-2.19174
-1.161,-0.635,-1.858,10.10890,-2.19174
-1.260,-0.726,-1.962,10.10890,-2.19174
-1.353,-0.812,-2.061,10.10890,-2.19174
-1.445,-0.896,-2.160,10.10890,-2.19174
-1.538,-0.980,-2.259,10.10890,-2.19174
-1.646,-1.077,-2.375,10.10890,-2.19174
-1.738,-1.156,-2.475,10.10890,-2.19174
-1.839,-1.245,-2.585,10.10890,-2.19174
-1.929,-1.323,-2.683,10.10890,-2.19174
-2.024,-1.402,-2.789,10.10890,-2.19174
-2.109,-1.475,-2.882,10.10890,-2.19174
-2.202,-1.550,-2.987,10.10890,-2.19174
-2.302,-1.629,-3.100,10.10890,-2.19174
-2.388,-1.694,-3.199,10.10890,-2.19174
-2.464,-1.750,-3.288,10.10890,-2.19174
-2.548,-1.816,-3.383,10.10890,-2.19174
-2.638,-1.888,-3.483,10.10890,-2.19174
-2.719,-1.954,-3.574,10.10890,-2.19174
-2.803,-2.021,-3.668,10.10890,-2.19174
-2.879,-2.082,-3.754,10.10890,-2.19174
-2.899,-2.098,-3.776,10.10890,-2.19174
1.128,1.183,1.017,10.10890,-2.19174
1.097,1.154,0.982,10.10890,-2.19174
1.005,1.068,0.879,10.10890,-2.19174
0.999,1.063,0.872,10.10890,-2.19174
0.999,1.063,0.872,10.10890,-2.19174
0.998,1.062,0.871,10.10890,-2.19174
0.995,1.059,0.867,10.10890,-2.19174
0.990,1.055,0.861,10.10890,-2.19174
0.983,1.049,0.852,10.10890,-2.19174
0.975,1.042,0.842,10.10890,-2.19174
0.963,1.032,0.828,10.10890,-2.19174
0.951,1.022,0.813,10.10890,-2.19174
0.937,1.009,0.794,10.10890,-2.19174
0.921,0.996,0.774,10.10890,-2.19174
0.903,0.981,0.751,10.10890,-2.19174
0.883,0.964,0.724,10.10890,-2.19174
0.861,0.946,0.696,10.10890,-2.19174
0.838,0.928,0.663,10.10890,-2.19174
0.813,0.910,0.629,10.10890,-2.19174
0.789,0.893,0.593,10.10890,-2.19174
0.764,0.876,0.555,10.10890,-2.19174
0.740,0.860,0.515,10.10890,-2.19174
0.736,0.858,0.508,10.10890,-2.19174
0.725,0.852,0.490,10.10890,-2.19174
0.704,0.841,0.453,10.10890,-2.19174
0.685,0.833,0.416,10.10890,-2.19174
0.666,0.826,0.378,10.10890,-2.19174
0.648,0.821,0.340,10.10890,-2.19174
0.631,0.817,0.304,10.10890,-2.19174
0.614,0.814,0.267,10.10890,-2.19174
0.603,0.812,0.244,10.10890,-2.19174
0.602,0.812,0.242,10.10890,-2.19174
0.587,0.809,0.207,10.10890,-2.19174
0.571,0.807,0.174,10.10890,-2.19174
0.552,0.804,0.133,10.10890,-2.19174
0.548,0.804,0.125,10.10890,-2.19174
0.528,0.801,0.083,10.10890,-2.19174
0.499,0.795,0.027,10.10890,-2.19174
0.445,0.771,-0.062,10.10890,-2.19174
0.374,0.726,-0.163,10.10890,-2.19174
0.302,0.675,-0.257,10.10890,-2.19174
0.225,0.616,-0.352,10.10890,-2.19174
0.151,0.555,-0.439,10.10890,-2.19174
0.100,0.511,-0.498,10.10890,-2.19174
0.099,0.510,-0.499,10.10890,-2.19174
0.077,0.491,-0.523,10.10890,-2.19174
-0.020,0.404,-0.629,10.10890,-2.19174
-0.116,0.317,-0.732,10.10890,-2.19174
-0.212,0.228,-0.836,10.10890,-2.19174
-0.301,0.146,-0.931,10.10890,-2.19174
-0.356,0.094,-0.989,10.10890,-2.19174
-0.302,0.144,-0.931,10.10890,-2.19174
-0.290,0.156,-0.919,10.10890,-2.19174
-0.367,0.085,-1.002,10.10890,-2.19174
-0.485,-0.024,-1.127,10.10890,-2.19174
-0.586,-0.119,-1.235,10.10890,-2.19174
-0.686,-0.212,-1.340,10.10890,-2.19174
-0.786,-0.306,-1.446,10.10890,-2.19174
-0.887,-0.400,-1.552,10.10890,-2.19174
-0.986,-0.493,-1.656,10.10890,-2.19174
-1.084,-0.585,-1.759,10.10890,-2.19174
-1.183,-0.678,-1.863,10.10890,-2.19174
-1.281,-0.769,-1.966,10.10890,-2.19174
-1.378,-0.859,-2.068,10.10890,-2.19174
-1.474,-0.949,-2.171,10.10890,-2.19174
-1.571,-1.036,-2.275,10.10890,-2.19174
-1.668,-1.123,-2.379,10.10890,-2.19174
-1.764,-1.208,-2.484,10.10890,-2.19174
-1.861,-1.292,-2.589,10.10890,-2.19174
-1.958,-1.375,-2.696,10.10890,-2.19174
-2.053,-1.455,-2.802,10.10890,-2.19174
-2.148,-1.534,-2.908,10.10890,-2.19174
-2.239,-1.607,-3.011,10.10890,-2.19174
-2.331,-1.679,-3.117,10.10890,-2.19174
-2.427,-1.751,-3.227,10.10890,-2.19174
-2.482,-1.791,-3.292,10.10890,-2.19174
-2.497,-1.802,-3.310,10.10890,-2.19174
-2.487,-1.795,-3.298,10.10890,-2.19174
-2.484,-1.792,-3.294,10.10890,-2.19174
-2.513,-1.813,-3.328,10.10890,-2.19174
-2.537,-1.830,-3.357,10.10890,-2.19174
-2.571,-1.852,-3.398,10.10890,-2.19174
-2.663,-1.921,-3.504,10.10890,-2.19174
-2.782,-2.013,-3.639,10.10890,-2.19174
-2.884,-2.091,-3.756,10.10890,-2.19174
-2.903,-2.106,-3.778,10.10890,-2.19174
-2.893,-2.084,-3.774,10.10890,-2.19174
-2.413,-1.719,-3.225,10.10890,-2.19174
-2.055,-1.444,-2.813,10.10890,-2.19174
-1.532,-0.998,-2.236,10.10890,-2.19174
-1.537,-1.001,-2.242,10.10890,-2.19174
-1.702,-1.144,-2.422,10.10890,-2.19174
-2.130,-1.497,-2.902,10.10890,-2.19174
-2.501,-1.767,-3.338,10.10890,-2.19174
-2.741,-1.952,-3.610,10.10890,-2.19174
-2.861,-2.041,-3.748,10.10890,-2.19174
-2.908,-2.072,-3.804,10.10890,-2.19174
-2.923,-2.077,-3.825,10.10890,-2.19174
30.371,30.416,30.266,10.10890,-2.19174
