Gmag,G_BPmag,G_RPmag,logAge,MH
12.958,14.247,11.851,10.08814,-2.05000
12.189,13.225,11.184,10.08814,-2.05000
11.438,12.335,10.501,10.08814,-2.05000
10.968,11.808,10.063,10.08814,-2.05000
10.607,11.412,9.722,10.08814,-2.05000
10.047,10.806,9.188,10.08814,-2.05000
9.533,10.253,8.698,10.08814,-2.05000
9.135,9.825,8.320,10.08814,-2.05000
8.802,9.466,8.005,10.08814,-2.05000
8.469,9.105,7.692,10.08814,-2.05000
8.058,8.650,7.311,10.08814,-2.05000
7.603,8.150,6.891,10.08814,-2.05000
7.064,7.559,6.394,10.08814,-2.05000
6.522,6.958,5.903,10.08814,-2.05000
6.484,6.916,5.869,10.08814,-2.05000
6.357,6.775,5.756,10.08814,-2.05000
6.246,6.651,5.656,10.08814,-2.05000
6.137,6.531,5.560,10.08814,-2.05000
6.009,6.388,5.445,10.08814,-2.05000
5.957,6.331,5.399,10.08814,-2.05000
5.901,6.269,5.347,10.08814,-2.05000
5.782,6.139,5.240,10.08814,-2.05000
5.666,6.014,5.134,10.08814,-2.05000
5.553,5.892,5.031,10.08814,-2.05000
5.449,5.779,4.936,10.08814,-2.05000
5.345,5.668,4.841,10.08814,-2.05000
5.276,5.594,4.776,10.08814,-2.05000
5.155,5.465,4.664,10.08814,-2.05000
5.028,5.331,4.545,10.08814,-2.05000
4.912,5.209,4.436,10.08814,-2.05000
4.792,5.083,4.323,10.08814,-2.05000
4.661,4.947,4.199,10.08814,-2.05000
4.514,4.795,4.058,10.08814,-2.05000
4.405,4.682,3.953,10.08814,-2.05000
4.276,4.550,3.830,10.08814,-2.05000
4.148,4.419,3.705,10.08814,-2.05000
4.034,4.304,3.592,10.08814,-2.05000
3.986,4.256,3.544,10.08814,-2.05000
3.847,4.119,3.402,10.08814,-2.05000
3.737,4.013,3.287,10.08814,-2.05000
3.711,3.989,3.260,10.08814,-2.05000
3.684,3.963,3.230,10.08814,-2.05000
3.582,3.870,3.118,10.08814,-2.05000
3.491,3.790,3.014,10.08814,-2.05000
3.408,3.720,2.915,10.08814,-2.05000
3.332,3.659,2.823,10.08814,-2.05000
3.261,3.604,2.736,10.08814,-2.05000
3.190,3.546,2.649,10.08814,-2.05000
3.111,3.481,2.557,10.08814,-2.05000
3.012,3.393,2.445,10.08814,-2.05000
2.915,3.304,2.340,10.08814,-2.05000
2.841,3.235,2.261,10.08814,-2.05000
2.767,3.164,2.184,10.08814,-2.05000
2.665,3.066,2.078,10.08814,-2.05000
2.556,2.961,1.966,10.08814,-2.05000
2.446,2.854,1.853,10.08814,-2.05000
2.320,2.732,1.724,10.08814,-2.05000
2.207,2.621,1.609,10.08814,-2.05000
2.084,2.501,1.483,10.08814,-2.05000
1.953,2.373,1.349,10.08814,-2.05000
1.837,2.259,1.230,10.08814,-2.05000
1.715,2.140,1.105,10.08814,-2.05000
1.596,2.024,0.984,10.08814,-2.05000
1.478,1.909,0.863,10.08814,-2.05000
1.363,1.797,0.745,10.08814,-2.05000
1.243,1.680,0.623,10.08814,-2.05000
1.127,1.567,0.504,10.08814,-2.05000
1.015,1.458,0.389,10.08814,-2.05000
0.904,1.350,0.275,10.08814,-2.05000
0.790,1.240,0.159,10.08814,-2.05000
0.681,1.134,0.046,10.08814,-2.05000
0.571,1.028,-0.067,10.08814,-2.05000
0.462,0.922,-0.180,10.08814,-2.05000
0.357,0.821,-0.288,10.08814,-2.05000
0.252,0.720,-0.396,10.08814,-2.05000
0.144,0.616,-0.507,10.08814,-2.05000
0.044,0.520,-0.611,10.08814,-2.05000
-0.055,0.424,-0.713,10.08814,-2.05000
-0.158,0.326,-0.819,10.08814,-2.05000
-0.253,0.235,-0.918,10.08814,-2.05000
-0.346,0.146,-1.015,10.08814,-2.05000
-0.434,0.062,-1.106,10.08814,-2.05000
-0.508,-0.008,-1.182,10.08814,-2.05000
-0.491,0.007,-1.164,10.08814,-2.05000
-0.508,-0.009,-1.181,10.08814,-2.05000
-0.607,-0.103,-1.285,10.08814,-2.05000
-0.714,-0.205,-1.395,10.08814,-2.05000
-0.809,-0.295,-1.495,10.08814,-2.05000
-0.909,-0.390,-1.600,10.08814,-2.05000
-1.010,-0.485,-1.704,10.08814,-2.05000
-1.103,-0.573,-1.803,10.08814,-2.05000
-1.204,-0.666,-1.909,10.08814,-2.05000
-1.299,-0.754,-2.010,10.08814,-2.05000
-1.394,-0.840,-2.110,10.08814,-2.05000
-1.489,-0.927,-2.212,10.08814,-2.05000
-1.599,-1.025,-2.331,10.08814,-2.05000
-1.694,-1.109,-2.433,10.08814,-2.05000
-1.799,-1.201,-2.547,10.08814,-2.05000
-1.892,-1.282,-2.647,10.08814,-2.05000
-1.990,-1.365,-2.756,10.08814,-2.05000
-2.078,-1.441,-2.853,10.08814,-2.05000
-2.176,-1.521,-2.961,10.08814,-2.05000
-2.281,-1.606,-3.080,10.08814,-2.05000
-2.370,-1.675,-3.181,10.08814,-2.05000
-2.451,-1.743,-3.271,10.08814,-2.05000
-2.540,-1.816,-3.369,10.08814,-2.05000
-2.636,-1.896,-3.476,10.08814,-2.05000
-2.722,-1.966,-3.571,10.08814,-2.05000
-2.812,-2.040,-3.671,10.08814,-2.05000
-2.894,-2.106,-3.763,10.08814,-2.05000
-2.915,-2.123,-3.786,10.08814,-2.05000
0.894,0.987,0.716,10.08814,-2.05000
0.861,0.959,0.674,10.08814,-2.05000
0.802,0.909,0.600,10.08814,-2.05000
0.802,0.909,0.601,10.08814,-2.05000
0.804,0.909,0.604,10.08814,-2.05000
0.805,0.910,0.606,10.08814,-2.05000
0.805,0.910,0.607,10.08814,-2.05000
0.805,0.910,0.607,10.08814,-2.05000
0.805,0.909,0.606,10.08814,-2.05000
0.803,0.908,0.604,10.08814,-2.05000
0.800,0.906,0.599,10.08814,-2.05000
0.796,0.903,0.593,10.08814,-2.05000
0.790,0.899,0.583,10.08814,-2.05000
0.782,0.894,0.571,10.08814,-2.05000
0.772,0.888,0.556,10.08814,-2.05000
0.762,0.881,0.538,10.08814,-2.05000
0.749,0.874,0.517,10.08814,-2.05000
0.736,0.867,0.494,10.08814,-2.05000
0.723,0.861,0.469,10.08814,-2.05000
0.708,0.856,0.441,10.08814,-2.05000
0.693,0.851,0.410,10.08814,-2.05000
0.678,0.846,0.379,10.08814,-2.05000
0.677,0.846,0.376,10.08814,-2.05000
0.674,0.845,0.371,10.08814,-2.05000
0.661,0.842,0.340,10.08814,-2.05000
0.647,0.841,0.311,10.08814,-2.05000
0.633,0.839,0.278,10.08814,-2.05000
0.618,0.838,0.244,10.08814,-2.05000
0.604,0.837,0.213,10.08814,-2.05000
0.590,0.836,0.181,10.08814,-2.05000
0.576,0.835,0.149,10.08814,-2.05000
0.563,0.835,0.120,10.08814,-2.05000
0.549,0.834,0.091,10.08814,-2.05000
0.531,0.829,0.056,10.08814,-2.05000
0.535,0.834,0.060,10.08814,-2.05000
0.510,0.824,0.018,10.08814,-2.05000
0.475,0.805,-0.036,10.08814,-2.05000
0.414,0.766,-0.120,10.08814,-2.05000
0.341,0.712,-0.215,10.08814,-2.05000
0.263,0.651,-0.310,10.08814,-2.05000
0.180,0.583,-0.408,10.08814,-2.05000
0.099,0.514,-0.500,10.08814,-2.05000
0.045,0.467,-0.561,10.08814,-2.05000
0.022,0.447,-0.586,10.08814,-2.05000
-0.073,0.360,-0.689,10.08814,-2.05000
-0.169,0.271,-0.793,10.08814,-2.05000
-0.258,0.190,-0.888,10.08814,-2.05000
-0.337,0.116,-0.972,10.08814,-2.05000
-0.390,0.067,-1.028,10.08814,-2.05000
-0.338,0.115,-0.972,10.08814,-2.05000
-0.312,0.140,-0.945,10.08814,-2.05000
-0.377,0.080,-1.016,10.08814,-2.05000
-0.490,-0.024,-1.135,10.08814,-2.05000
-0.597,-0.124,-1.249,10.08814,-2.05000
-0.703,-0.223,-1.362,10.08814,-2.05000
-0.806,-0.318,-1.469,10.08814,-2.05000
-0.906,-0.412,-1.576,10.08814,-2.05000
-1.005,-0.505,-1.680,10.08814,-2.05000
-1.103,-0.596,-1.784,10.08814,-2.05000
-1.202,-0.688,-1.887,10.08814,-2.05000
-1.299,-0.778,-1.990,10.08814,-2.05000
-1.395,-0.868,-2.092,10.08814,-2.05000
-1.492,-0.956,-2.196,10.08814,-2.05000
-1.589,-1.042,-2.300,10.08814,-2.05000
-1.685,-1.127,-2.404,10.08814,-2.05000
-1.780,-1.211,-2.507,10.08814,-2.05000
-1.876,-1.294,-2.612,10.08814,-2.05000
-1.972,-1.377,-2.718,10.08814,-2.05000
-2.067,-1.457,-2.823,10.08814,-2.05000
-2.161,-1.535,-2.928,10.08814,-2.05000
-2.253,-1.609,-3.031,10.08814,-2.05000
-2.347,-1.682,-3.139,10.08814,-2.05000
-2.443,-1.755,-3.250,10.08814,-2.05000
-2.498,-1.796,-3.313,10.08814,-2.05000
-2.483,-1.784,-3.296,10.08814,-2.05000
-2.479,-1.781,-3.291,10.08814,-2.05000
-2.478,-1.780,-3.291,10.08814,-2.05000
-2.496,-1.794,-3.311,10.08814,-2.05000
-2.512,-1.808,-3.330,10.08814,-2.05000
-2.537,-1.828,-3.357,10.08814,-2.05000
-2.590,-1.871,-3.416,10.08814,-2.05000
-2.700,-1.959,-3.539,10.08814,-2.05000
-2.827,-2.059,-3.683,10.08814,-2.05000
-2.836,-2.050,-3.703,10.08814,-2.05000
-2.356,-1.665,-3.164,10.08814,-2.05000
-2.005,-1.391,-2.763,10.08814,-2.05000
-1.501,-0.961,-2.208,10.08814,-2.05000
-1.512,-0.969,-2.220,10.08814,-2.05000
-1.699,-1.131,-2.426,10.08814,-2.05000
-2.128,-1.484,-2.907,10.08814,-2.05000
-2.497,-1.768,-3.330,10.08814,-2.05000
-2.737,-1.957,-3.600,10.08814,-2.05000
-2.863,-2.053,-3.744,10.08814,-2.05000
-2.920,-2.091,-3.811,10.08814,-2.05000
-2.949,-2.107,-3.847,10.08814,-2.05000
30.362,30.407,30.259,10.08814,-2.05000
