,# source_id,ra,dec,pmra,pmdec,x,y,vx,vy,plx,memberprob,pmcorr,pmrae,pmdece,plxe
94,4046460355238767360,275.86828,-30.402438,0.0601,-6.9032,-0.0436,-0.0414,-0.10357964426877471,0.08443063241106774,0.103,0.99268,-0.2184,0.0355,0.0246,0.0293
626,4046413282389973632,275.912533,-30.41167,0.053,-6.9163,-0.0054,-0.0506,-0.11067964426877472,0.07133063241106807,0.1364,0.99174,-0.0071,0.0324,0.0239,0.0285
728,4046413243622154624,275.934939,-30.410284,0.0109,-6.9186,0.0139,-0.0493,-0.15277964426877472,0.0690306324110681,0.0841,0.97856,-0.0116,0.1362,0.0979,0.1256
764,4046413277977625984,275.921174,-30.409006,0.0194,-7.0603,0.0021,-0.048,-0.1442796442687747,-0.07266936758893205,0.1443,0.9824,-0.1018,0.0363,0.0263,0.0306
781,4046460217763416192,275.912521,-30.40324,0.2044,-7.102,-0.0054,-0.0422,0.04072035573122529,-0.11436936758893257,-0.0855,0.98446,0.0883,0.1077,0.0789,0.0941
812,4046413316749713152,275.923416,-30.400936,0.0693,-6.9749,0.004,-0.0399,-0.09437964426877471,0.012730632411067866,0.1148,0.99629,-0.0341,0.0338,0.0251,0.032
892,4046413312337393024,275.931298,-30.400835,0.0254,-6.8132,0.0108,-0.0398,-0.1382796442687747,0.1744306324110676,0.1991,0.98149,-0.1147,0.0582,0.0423,0.049
1072,4046413243617917056,275.943267,-30.400226,-0.0255,-6.8796,0.0211,-0.0392,-0.1891796442687747,0.1080306324110678,0.0999,0.98942,-0.1191,0.0578,0.0417,0.0484
1577,4046460389599316480,275.88033,-30.389119,0.009,-6.8708,-0.0332,-0.0281,-0.1546796442687747,0.11683063241106773,0.2164,0.98099,0.0181,0.0783,0.0552,0.0678
1692,4046460183404352768,275.890801,-30.392274,0.4277,-6.9519,-0.0241,-0.0312,0.2640203557312253,0.03573063241106755,0.2153,0.9605,0.1454,0.1282,0.0902,0.1061
1760,4046460286483166208,275.905515,-30.393408,0.0479,-6.9757,-0.0115,-0.0324,-0.11577964426877471,0.011930632411067954,0.0501,0.95598,0.1245,0.4313,0.301,0.3586
1859,4046460286519194368,275.901684,-30.388883,0.081,-6.9245,-0.0148,-0.0279,-0.08267964426877471,0.06313063241106764,0.3298,0.98911,0.1211,0.1079,0.0796,0.0908
1875,4046460286483207040,275.906981,-30.38978,0.5801,-6.995,-0.0102,-0.0288,0.41642035573122527,-0.007369367588932363,-0.1275,0.96627,0.0875,0.3618,0.254,0.3267
1881,4046460282099790592,275.903857,-30.387582,0.1676,-6.8477,-0.0129,-0.0266,0.003920355731225289,0.13993063241106807,0.0998,0.99791,-0.0339,0.0546,0.0399,0.0478
1886,4046460286483293184,275.906731,-30.386712,-0.2195,-6.9367,-0.0104,-0.0257,-0.3831796442687747,0.050930632411067656,0.074,0.95882,0.1255,0.4141,0.3062,0.3693
1888,4046460320878777728,275.909435,-30.386397,0.0101,-6.9851,-0.0081,-0.0254,-0.1535796442687747,0.002530632411067657,0.1851,0.99553,-0.0621,0.0573,0.0415,0.0529
1906,4046460286483565568,275.900552,-30.383505,0.3944,-6.8423,-0.0157,-0.0225,0.23072035573122526,0.14533063241106792,0.1797,0.97467,-0.016,0.3465,0.2562,0.3223
1922,4046460320843192064,275.909221,-30.382882,-0.055,-6.9511,-0.0083,-0.0219,-0.2186796442687747,0.036530632411067465,-0.1957,0.96487,0.4371,0.4326,0.3497,0.3311
1931,4046460316463891584,275.909254,-30.382017,0.133,-6.9562,-0.0082,-0.021,-0.030679644268774703,0.031430632411067805,0.091,0.99706,0.1652,0.1085,0.0803,0.0883
2074,4046460556977753856,275.876612,-30.371754,0.1239,-6.8644,-0.0364,-0.0107,-0.039779644268774714,0.12323063241106791,0.1506,0.99317,0.0659,0.0959,0.0695,0.0846
2190,4046460556998864768,275.870104,-30.366028,0.2605,-7.0654,-0.042,-0.005,0.0968203557312253,-0.0777693675889326,0.1843,0.97852,0.0871,0.0742,0.0556,0.0668
2242,4046460488260509440,275.892253,-30.380239,-0.0259,-7.034,-0.0229,-0.0192,-0.18957964426877472,-0.046369367588932064,0.1191,0.98881,0.1567,0.1594,0.1106,0.1332
2255,4046460492647091840,275.893933,-30.377568,0.1048,-7.1919,-0.0214,-0.0165,-0.058879644268774706,-0.20426936758893266,0.1143,0.98616,0.102,0.1448,0.1046,0.133
2286,4046460556979997568,275.882464,-30.371233,0.1119,-6.9103,-0.0313,-0.0102,-0.05177964426877471,0.07733063241106741,0.2896,0.99015,0.0899,0.0906,0.0662,0.0772
2296,4046460488258268672,275.893233,-30.37444,-0.0127,-6.8457,-0.0221,-0.0134,-0.1763796442687747,0.14193063241106785,0.1998,0.99129,-0.0701,0.0531,0.0378,0.0501
2303,4046460492642238464,275.891154,-30.372354,0.0611,-6.7439,-0.0238,-0.0113,-0.10257964426877471,0.24373063241106774,0.0808,0.9905,0.1666,0.1221,0.0931,0.1128
2311,4046460286519258624,275.897454,-30.38001,-0.1166,-7.0949,-0.0184,-0.019,-0.2802796442687747,-0.10726936758893224,-0.3255,0.96238,-0.2132,0.3876,0.2725,0.3358
2315,4046460286483638272,275.898655,-30.378658,0.0685,-6.7702,-0.0174,-0.0176,-0.0951796442687747,0.21743063241106775,0.1442,0.99433,-0.1133,0.0541,0.0383,0.0497
2320,4046460286519239040,275.901667,-30.37976,0.0437,-6.9926,-0.0148,-0.0187,-0.11997964426877471,-0.004969367588932627,0.6066,0.96526,-0.1866,0.3945,0.2769,0.3556
2321,4046460320843335680,275.902189,-30.379042,0.5435,-6.7406,-0.0143,-0.018,0.3798203557312253,0.24703063241106804,0.1663,0.95414,0.0538,0.1239,0.0789,0.1147
2324,4046460488258260864,275.896643,-30.377816,0.1457,-6.9936,-0.0191,-0.0168,-0.017979644268774714,-0.005969367588932073,0.0862,0.99808,-0.0706,0.0597,0.0434,0.0564
2333,4046460527037433472,275.901287,-30.375384,0.5257,-6.8517,-0.0151,-0.0144,0.36202035573122526,0.13593063241106762,-0.0276,0.98593,0.0362,0.2289,0.1837,0.19
2346,4046460320843265920,275.909523,-30.377826,-0.0603,-7.2361,-0.008,-0.0168,-0.2239796442687747,-0.24846936758893268,0.3675,0.97249,0.4302,0.1162,0.0759,0.0918
2352,4046460320878991616,275.903143,-30.376038,-0.1802,-7.019,-0.0135,-0.015,-0.3438796442687747,-0.031369367588932384,0.4522,0.98044,-0.2256,0.2272,0.1662,0.1973
2366,4046460527037460992,275.899513,-30.373286,0.2057,-6.9473,-0.0166,-0.0123,0.042020355731225284,0.04033063241106749,0.0545,0.99618,0.0379,0.1399,0.1014,0.1226
2375,4046460527037445376,275.901417,-30.373565,0.3553,-6.7538,-0.015,-0.0125,0.1916203557312253,0.23383063241106772,-0.3673,0.96125,-0.3603,0.5207,0.3607,0.4444
2377,4046460527037439488,275.902628,-30.372576,0.2302,-6.7482,-0.0139,-0.0115,0.06652035573122528,0.239430632411068,0.2323,0.9899,0.0067,0.0687,0.0504,0.064
2381,4046460527037490560,275.897089,-30.370554,0.5209,-6.6722,-0.0187,-0.0095,0.35722035573122535,0.3154306324110676,-0.2358,0.97421,0.221,0.323,0.2692,0.2782
2387,4046460527037441920,275.90273,-30.371355,0.2049,-6.7801,-0.0139,-0.0103,0.04122035573122529,0.20753063241106773,0.2172,0.99426,-0.0446,0.0448,0.0322,0.0384
2393,4046460522622315392,275.902414,-30.369909,0.3447,-7.2511,-0.0141,-0.0089,0.1810203557312253,-0.26346936758893236,0.1036,0.96167,-0.0291,0.0522,0.0384,0.0473
2399,4046460527037431424,275.904592,-30.372692,0.0918,-7.4108,-0.0123,-0.0117,-0.0718796442687747,-0.4231693675889323,0.65,0.95791,-0.0085,0.5084,0.3568,0.4265
2417,4046460320878997504,275.907907,-30.370141,-0.3001,-7.3623,-0.0094,-0.0091,-0.4637796442687747,-0.37466936758893254,0.8874,0.95615,0.4008,0.3303,0.2467,0.2405
2419,4046460320878989056,275.909008,-30.369979,0.2532,-6.9822,-0.0084,-0.009,0.08952035573122527,0.005430632411068004,-0.0819,0.99686,0.0522,0.1696,0.1134,0.1479
2430,4046460561397296768,275.883956,-30.367281,0.3205,-7.2198,-0.0301,-0.0063,0.1568203557312253,-0.23216936758893247,-0.2626,0.95698,-0.2115,0.351,0.3214,0.336
2432,4046460556977784064,275.884958,-30.365721,0.2564,-6.9379,-0.0292,-0.0047,0.0927203557312253,0.04973063241106779,0.2973,0.98525,-0.141,0.0421,0.031,0.0466
2435,4046460561361888512,275.886711,-30.365367,0.26,-6.7983,-0.0277,-0.0043,0.0963203557312253,0.1893306324110675,0.2183,0.9829,0.1901,0.2074,0.1682,0.1754
2442,4046460527037525888,275.891336,-30.369283,-0.0601,-6.9403,-0.0237,-0.0083,-0.22377964426877472,0.04733063241106805,0.1261,0.99051,0.1862,0.1629,0.126,0.1246
2448,4046460527037509504,275.894628,-30.369159,0.1042,-6.9727,-0.0208,-0.0081,-0.05947964426877471,0.014930632411068068,0.1663,0.99837,-0.0782,0.0462,0.0332,0.0394
2450,4046460527037517312,275.894265,-30.368196,0.4387,-6.9863,-0.0212,-0.0072,0.2750203557312253,0.0013306324110677892,0.347,0.98518,0.3104,0.1868,0.1336,0.1448
2459,4046460527002049152,275.8928,-30.366083,0.2462,-7.0621,-0.0224,-0.0051,0.08252035573122529,-0.0744693675889323,0.1508,0.9828,0.1853,0.2808,0.2368,0.2383
2470,4046460591341785344,275.887667,-30.364864,-0.038,-6.9189,-0.0269,-0.0038,-0.20167964426877472,0.06873063241106792,0.1505,0.9914,0.205,0.1381,0.1006,0.1131
2473,4046460595757039744,275.886408,-30.363183,0.1647,-6.8683,-0.0279,-0.0022,0.001020355731225303,0.11933063241106812,0.1754,0.9965,-0.0717,0.0529,0.037,0.0468
2478,4046460556977787392,275.883086,-30.361868,0.2908,-7.0969,-0.0308,-0.0008,0.1271203557312253,-0.10926936758893202,0.1369,0.98862,-0.0654,0.0544,0.0386,0.0475
2485,4046460595721646592,275.889186,-30.361967,0.4218,-6.6893,-0.0255,-0.0009,0.25812035573122527,0.2983306324110675,-0.4122,0.9642,0.0118,0.1769,0.1287,0.1588
2492,4046460527037543680,275.892125,-30.364176,0.2562,-6.6021,-0.023,-0.0031,0.09252035573122527,0.38553063241106766,-0.6694,0.96928,0.1149,0.4055,0.3071,0.412
2498,4046460527037544064,275.89323,-30.36309,0.2417,-6.7057,-0.0221,-0.0021,0.07802035573122529,0.2819306324110675,0.7458,0.96471,0.4055,0.2831,0.25,0.228
2502,4046460595757036416,275.890299,-30.361102,-0.0102,-6.7526,-0.0246,-0.0001,-0.17387964426877472,0.23503063241106759,0.2338,0.97826,-0.0672,0.0498,0.0355,0.0428
2508,4046460527002095616,275.894368,-30.361481,-0.0864,-7.0877,-0.0211,-0.0005,-0.2500796442687747,-0.10006936758893215,0.1889,0.99205,0.2561,0.1562,0.1163,0.1235
2511,4046460527037492992,275.898014,-30.369162,-0.345,-6.967,-0.0179,-0.0081,-0.5086796442687747,0.020630632411068106,0.2837,0.96169,-0.0686,0.3791,0.2863,0.3934
2515,4046460527037479936,275.899918,-30.369234,-0.0521,-7.4324,-0.0163,-0.0082,-0.21577964426877472,-0.4447693675889326,0.0309,0.97348,0.2112,0.3214,0.2887,0.2833
2523,4046460527037508608,275.897979,-30.366647,0.7423,-7.4447,-0.018,-0.0056,0.5786203557312253,-0.45706936758893235,-0.7966,0.97127,-0.4442,0.5791,0.3843,0.5247
2530,4046460527037515776,275.897769,-30.36518,-0.023,-7.0485,-0.0181,-0.0042,-0.1866796442687747,-0.06086936758893202,0.2019,0.99392,-0.1125,0.0363,0.0258,0.0306
2538,4046460527037494016,275.900706,-30.365899,0.3982,-6.8964,-0.0156,-0.0049,0.2345203557312253,0.09123063241106788,-0.0765,0.98691,0.0756,0.3006,0.25,0.2552
2540,4046460527037494144,275.901508,-30.36567,-0.2157,-7.0114,-0.0149,-0.0046,-0.3793796442687747,-0.023769367588932333,0.0802,0.96969,-0.3391,0.606,0.4006,0.4786
2543,4046460527037454208,275.905655,-30.368549,0.4511,-7.1486,-0.0113,-0.0075,0.28742035573122526,-0.16096936758893232,-0.0416,0.98949,-0.2057,0.0799,0.0559,0.0676
2544,4046460527037444352,275.906454,-30.368362,0.2025,-6.9445,-0.0106,-0.0073,0.0388203557312253,0.04313063241106807,-0.1115,0.97652,-0.672,0.5306,0.4536,0.2811
2547,4046460527037466752,275.904821,-30.367514,-0.0223,-6.8867,-0.0121,-0.0065,-0.18597964426877472,0.10093063241106748,0.2697,0.9942,-0.0575,0.0525,0.0382,0.0465
2548,4046460527037458816,275.906349,-30.367215,0.1193,-6.8606,-0.0107,-0.0062,-0.04437964426877471,0.12703063241106793,0.1249,0.99906,-0.2158,0.0322,0.0227,0.0261
2550,4046460527037478144,275.903331,-30.367059,0.1553,-6.6867,-0.0133,-0.006,-0.008379644268774716,0.30093063241106766,0.2422,0.98896,-0.2428,0.2092,0.1565,0.1581
2556,4046460527001864448,275.907601,-30.365874,0.2565,-7.1213,-0.0097,-0.0048,0.0928203557312253,-0.133669367588932,0.2251,0.99598,0.0429,0.0895,0.0675,0.0804
2559,4046460527037516544,275.898579,-30.363693,-0.2386,-7.2336,-0.0174,-0.0027,-0.4022796442687747,-0.2459693675889323,0.4351,0.97088,0.0204,0.2196,0.1691,0.1803
2563,4046460527037530112,275.89738,-30.362818,0.2735,-7.3457,-0.0185,-0.0018,0.10982035573122531,-0.35806936758893215,0.4331,0.97143,0.1127,0.3626,0.3113,0.3757
2564,4046460527037524608,275.898728,-30.362637,-0.2172,-7.0435,-0.0173,-0.0016,-0.38087964426877474,-0.05586936758893213,0.1115,0.97088,-0.0815,0.0519,0.0369,0.0445
2570,4046460522622312704,275.898439,-30.36113,0.0849,-7.2068,-0.0176,-0.0001,-0.0787796442687747,-0.21916936758893257,0.1356,0.99151,0.0479,0.1038,0.0703,0.089
2574,4046460522622314240,275.900047,-30.361711,0.0969,-6.9727,-0.0162,-0.0007,-0.06677964426877471,0.014930632411068068,0.1071,0.99949,-0.1735,0.0346,0.0249,0.0276
2576,4046460527002015232,275.900387,-30.360836,0.3121,-6.7663,-0.0159,0.0002,0.14842035573122528,0.22133063241106754,0.1525,0.99298,0.0565,0.167,0.1171,0.138
2577,4046460522622315136,275.901913,-30.361719,0.2862,-6.775,-0.0146,-0.0007,0.1225203557312253,0.2126306324110674,0.1731,0.99441,-0.1305,0.0373,0.0276,0.0328
2583,4046460527037489664,275.903689,-30.364105,0.1205,-6.9442,-0.013,-0.0031,-0.043179644268774714,0.04343063241106737,0.1124,0.99897,-0.1323,0.0554,0.0394,0.0467
2586,4046460904959045888,275.906361,-30.361925,-0.5659,-7.1054,-0.0107,-0.0009,-0.7295796442687746,-0.11776936758893264,-0.3706,0.96955,0.1431,0.255,0.1918,0.2135
2587,4046460904959009280,275.90761,-30.363596,0.2451,-6.5309,-0.0096,-0.0026,0.0814203557312253,0.4567306324110678,0.2052,0.95821,0.0339,0.0899,0.0673,0.08
2588,4046460904962965376,275.909426,-30.363548,0.1253,-6.999,-0.0081,-0.0025,-0.038379644268774715,-0.011369367588931922,0.6456,0.98862,-0.2292,0.1236,0.082,0.124
2589,4046460900579442432,275.908139,-30.362478,-0.0266,-6.8659,-0.0092,-0.0014,-0.1902796442687747,0.12173063241106785,0.0682,0.99873,-0.41,0.0354,0.0225,0.0295
2594,4046460527006718976,275.903089,-30.361196,-0.3774,-7.082,-0.0135,-0.0002,-0.5410796442687748,-0.09436936758893211,0.1261,0.97211,0.0005,0.3654,0.2967,0.3237
2602,4046460904962971520,275.90866,-30.36064,0.6054,-6.9439,-0.0087,0.0004,0.44172035573122537,0.04373063241106756,-0.1298,0.99036,-0.0832,0.2506,0.2003,0.1901
2605,4046460904962974336,275.908628,-30.359924,0.4105,-7.0477,-0.0088,0.0011,0.24682035573122527,-0.06006936758893211,0.1863,0.99505,-0.2224,0.0805,0.0578,0.0653
2847,4046461317276454272,275.869362,-30.359656,0.2971,-7.0118,-0.0427,0.0014,0.13342035573122527,-0.02416936758893229,0.1116,0.98771,-0.0299,0.0533,0.0401,0.0498
2862,4046460556977805824,275.877203,-30.360187,-0.0703,-7.0199,-0.0359,0.0008,-0.2339796442687747,-0.03226936758893206,0.1583,0.97822,-0.2015,0.0293,0.0209,0.0305
2869,4046460595721798656,275.881209,-30.358598,-0.0755,-7.0676,-0.0324,0.0024,-0.2391796442687747,-0.07996936758893192,0.2289,0.96012,0.2034,0.293,0.2364,0.2507
2879,4046460595721854336,275.880279,-30.355871,0.1578,-7.095,-0.0332,0.0052,-0.005879644268774714,-0.10736936758893201,-0.1491,0.95535,0.0582,0.427,0.3276,0.3978
2943,4046461317276614912,275.867655,-30.34949,0.0102,-6.8467,-0.0441,0.0115,-0.1534796442687747,0.1409306324110675,0.3437,0.95089,0.1756,0.2177,0.182,0.2096
2988,4046461351671352832,275.871035,-30.349223,0.4674,-6.8409,-0.0412,0.0118,0.30372035573122524,0.14673063241106732,-0.2559,0.95064,0.1604,0.2464,0.2062,0.2267
3005,4046461351636196096,275.88017,-30.348927,0.0711,-7.0071,-0.0333,0.0121,-0.09257964426877471,-0.019469367588932585,0.0775,0.99729,-0.0242,0.0581,0.0448,0.0513
3059,4046460595721777280,275.882457,-30.358551,0.111,-6.9017,-0.0314,0.0025,-0.05267964426877471,0.0859306324110678,0.2451,0.99299,-0.0129,0.0994,0.0719,0.0887
3066,4046460595721805952,275.882411,-30.357343,0.0722,-7.1357,-0.0314,0.0037,-0.09147964426877471,-0.1480693675889322,0.2235,0.98519,0.0532,0.0975,0.0698,0.0845
3081,4046460595721639680,275.8927,-30.359083,0.247,-7.177,-0.0225,0.0019,0.08332035573122529,-0.18936936758893186,0.0599,0.9718,0.3349,0.3962,0.2979,0.31
3092,4046460595721721600,275.891459,-30.354781,-0.1376,-7.29,-0.0236,0.0062,-0.30127964426877474,-0.3023693675889323,-0.0173,0.96789,0.2272,0.3165,0.265,0.2859
3107,4046460595757051264,275.89224,-30.354299,0.5061,-7.3745,-0.0229,0.0067,0.3424203557312253,-0.38686936758893253,-0.5536,0.96133,0.0823,0.3495,0.2766,0.3399
3111,4046460591337553408,275.894964,-30.35387,-0.0794,-6.8598,-0.0206,0.0072,-0.2430796442687747,0.12783063241106785,0.1612,0.99159,-0.1361,0.0373,0.027,0.0313
3112,4046460595721768704,275.890746,-30.352105,-0.1591,-6.8737,-0.0242,0.0089,-0.3227796442687747,0.11393063241106738,0.1639,0.96952,0.147,0.3698,0.2906,0.3231
3117,4046460527037542144,275.898129,-30.358578,-0.4052,-7.3298,-0.0178,0.0024,-0.5688796442687747,-0.3421693675889319,0.0144,0.96479,0.3115,0.3549,0.3109,0.2789
3131,4046460527002093184,275.899395,-30.356723,0.0944,-6.89,-0.0167,0.0043,-0.06927964426877471,0.09763063241106806,-0.3346,0.97882,0.3669,0.3973,0.3546,0.3105
3133,4046460522622313600,275.899353,-30.356327,0.0638,-7.0821,-0.0168,0.0047,-0.09987964426877471,-0.09446936758893187,0.0182,0.99789,-0.0546,0.076,0.0532,0.0597
3136,4046460591341789312,275.898152,-30.355116,0.3399,-6.8596,-0.0178,0.0059,0.17622035573122527,0.12803063241106738,0.1509,0.99523,0.1883,0.0544,0.0368,0.0431
3137,4046460973678742912,275.898988,-30.35481,0.3792,-6.3395,-0.0171,0.0062,0.21552035573122527,0.6481306324110676,0.1175,0.95778,0.6795,0.2745,0.2468,0.146
3140,4046460900579437696,275.902634,-30.355565,0.276,-6.7883,-0.0139,0.0055,0.11232035573122531,0.1993306324110682,0.1503,0.99613,-0.0848,0.0776,0.0535,0.0601
3147,4046460904962980736,275.906107,-30.357795,0.3778,-7.3665,-0.0109,0.0032,0.21412035573122531,-0.3788693675889325,0.0022,0.98499,0.0324,0.2635,0.1981,0.213
3148,4046460904995275904,275.904956,-30.357168,-0.1682,-7.0721,-0.0119,0.0039,-0.3318796442687747,-0.08446936758893209,0.9731,0.97463,0.0464,0.3083,0.23,0.2775
3150,4046460900579442560,275.908205,-30.358582,0.2297,-7.0125,-0.0091,0.0024,0.06602035573122528,-0.024869367588932434,0.0441,0.99891,-0.2149,0.0645,0.047,0.0496
3151,4046460904994636160,275.906672,-30.356693,-0.5129,-7.0527,-0.0105,0.0043,-0.6765796442687747,-0.065069367588932,0.0061,0.97359,0.4697,0.2595,0.2109,0.1723
3152,4046460904959079808,275.908427,-30.357541,0.0447,-6.9704,-0.0089,0.0035,-0.11897964426877472,0.017230632411068036,0.0785,0.99899,-0.1747,0.0531,0.0388,0.0457
3155,4046460904995277184,275.903864,-30.356171,-0.0337,-7.2622,-0.0129,0.0049,-0.19737964426877472,-0.27456936758893224,0.0008,0.98677,-0.0939,0.1139,0.0794,0.0986
3157,4046460904959172480,275.904693,-30.35492,0.0852,-7.155,-0.0122,0.0061,-0.07847964426877471,-0.1673693675889325,0.0182,0.99345,0.316,0.2215,0.1516,0.1803
3161,4046460904959119104,275.907977,-30.355213,0.1603,-7.0666,-0.0093,0.0058,-0.003379644268774712,-0.07896936758893247,0.4564,0.9926,-0.0366,0.0977,0.0713,0.0896
3168,4046460973682485120,275.896789,-30.350808,-0.1994,-6.8041,-0.019,0.0102,-0.3630796442687747,0.1835306324110677,-0.0513,0.98563,-0.1,0.1155,0.0795,0.0996
3169,4046460973714757632,275.898619,-30.35141,0.3681,-7.0667,-0.0174,0.0096,0.20442035573122527,-0.07906936758893224,0.4144,0.98708,0.0032,0.2268,0.1564,0.1786
3171,4046460969298910720,275.89748,-30.350345,0.4361,-7.0696,-0.0184,0.0107,0.27242035573122525,-0.08196936758893258,0.0773,0.98467,-0.3406,0.0525,0.0354,0.0393
3175,4046460973714152576,275.901599,-30.350912,0.2339,-7.0926,-0.0148,0.0101,0.07022035573122529,-0.10496936758893227,0.1581,0.9968,-0.1464,0.0345,0.0231,0.0276
3176,4046460969298914944,275.903034,-30.350738,-0.0039,-7.0038,-0.0136,0.0103,-0.1675796442687747,-0.016169367588932282,0.1656,0.99767,-0.0502,0.0577,0.0414,0.049
3178,4046460973678764544,275.902785,-30.349541,0.2926,-6.9117,-0.0138,0.0115,0.12892035573122532,0.07593063241106801,0.3903,0.97211,0.1169,0.5328,0.4285,0.6937
3180,4046460904994661248,275.9042,-30.353473,0.4372,-6.6045,-0.0126,0.0076,0.27352035573122524,0.38313063241106793,0.8109,0.96645,0.2806,0.3723,0.2456,0.271
3182,4046460900579441920,275.907698,-30.353807,0.4451,-7.2148,-0.0096,0.0072,0.28142035573122526,-0.22716936758893258,0.1482,0.96818,-0.0726,0.0659,0.0475,0.0623
3183,4046460904959130240,275.908843,-30.353408,0.073,-6.6139,-0.0086,0.0076,-0.09067964426877471,0.37373063241106763,0.0993,0.98233,0.2202,0.3062,0.246,0.3584
3188,4046460900579439872,275.905441,-30.350529,0.2775,-6.7447,-0.0115,0.0105,0.11382035573122531,0.24293063241106783,0.3038,0.99244,0.509,0.1685,0.15,0.1342
3190,4046460973678759552,275.903497,-30.349164,0.4873,-7.0267,-0.0132,0.0119,0.3236203557312253,-0.0390693675889322,0.307,0.97088,0.1787,0.4363,0.3571,0.5244
3191,4046460973678706688,275.904879,-30.349625,0.4483,-7.0449,-0.012,0.0114,0.28462035573122524,-0.05726936758893242,0.8935,0.95549,0.6067,0.6209,0.4857,0.4656
3193,4046460904959190400,275.907042,-30.350832,0.1772,-7.1475,-0.0101,0.0102,0.013520355731225286,-0.15986936758893222,0.1163,0.99663,0.1842,0.0837,0.0726,0.0659
3218,4046460973714760704,275.892094,-30.347637,0.1952,-7.1025,-0.023,0.0134,0.0315203557312253,-0.11486936758893229,0.1915,0.99284,-0.0797,0.0887,0.0606,0.0722
3219,4046460973682505344,275.891998,-30.34698,0.3412,-7.0623,-0.0231,0.014,0.1775203557312253,-0.07466936758893183,0.2166,0.98395,0.3059,0.2005,0.1468,0.1462
3224,4046460973678891904,275.89559,-30.347589,-0.1452,-7.1804,-0.02,0.0134,-0.3088796442687747,-0.19276936758893193,0.1858,0.97924,0.113,0.2094,0.1462,0.1848
3225,4046460973714186752,275.894755,-30.346914,0.2664,-6.8782,-0.0207,0.0141,0.10272035573122532,0.1094306324110681,0.0936,0.99762,-0.1097,0.0566,0.043,0.0469
3232,4046461729629007104,275.88886,-30.344455,0.1747,-7.0328,-0.0258,0.0166,0.011020355731225284,-0.0451693675889322,0.1749,0.99555,-0.0394,0.0761,0.0552,0.0624
3239,4046461725208966400,275.887192,-30.340019,0.0997,-7.1169,-0.0273,0.021,-0.06397964426877471,-0.12926936758893248,0.066,0.9904,0.006,0.0833,0.0588,0.0764
3240,4046461729628459392,275.888927,-30.339762,-0.0709,-6.9662,-0.0258,0.0213,-0.2345796442687747,0.021430632411068018,0.1048,0.99138,-0.0244,0.0583,0.0449,0.0533
3252,4046460973678800896,275.900345,-30.348836,0.2602,-6.8706,-0.0159,0.0122,0.09652035573122528,0.11703063241106815,0.0078,0.98578,0.3269,0.279,0.2489,0.2923
3255,4046460973714180096,275.89877,-30.345886,0.0451,-7.0806,-0.0173,0.0151,-0.11857964426877471,-0.09296936758893182,0.0867,0.99747,-0.1639,0.0367,0.0268,0.0329
3259,4046460973678853248,275.899876,-30.346344,0.5142,-6.6994,-0.0163,0.0147,0.3505203557312253,0.28823063241106794,-0.0336,0.96211,0.1056,0.3893,0.3206,0.4708
3260,4046460973678819200,275.902558,-30.34608,-0.1436,-7.5882,-0.014,0.0149,-0.30727964426877474,-0.6005693675889319,-0.4458,0.95738,0.5302,0.4894,0.3846,0.3772
3264,4046460969298916992,275.905718,-30.347664,0.2092,-6.6937,-0.0113,0.0134,0.04552035573122529,0.293930632411068,0.0283,0.99384,0.2239,0.1205,0.0918,0.0962
3267,4046460973678768000,275.905749,-30.346546,-0.3147,-6.9547,-0.0113,0.0145,-0.47837964426877466,0.03293063241106786,-0.5,0.96675,0.2937,0.4318,0.3277,0.3716
3271,4046460973678793984,275.903954,-30.345479,-0.1706,-7.3227,-0.0128,0.0155,-0.3342796442687747,-0.33506936758893247,0.2127,0.96527,0.4026,0.1843,0.1429,0.1386
3286,4046460973678877568,275.901749,-30.342972,0.217,-7.115,-0.0147,0.0181,0.05332035573122529,-0.12736936758893247,0.2922,0.97375,0.2757,0.3453,0.2862,0.3734
3287,4046460973678862848,275.902942,-30.342868,-0.262,-6.9701,-0.0137,0.0182,-0.4256796442687747,0.017530632411067337,0.0083,0.97904,0.3148,0.2334,0.2106,0.2114
3289,4046460969294711552,275.901623,-30.342316,-0.0471,-6.9262,-0.0148,0.0187,-0.2107796442687747,0.061430632411068054,0.1192,0.99537,0.2025,0.1114,0.0861,0.0912
3295,4046460973678923264,275.900092,-30.341337,0.3996,-7.1773,-0.0161,0.0197,0.2359203557312253,-0.18966936758893205,-0.1429,0.95094,0.1906,0.4662,0.3788,0.5289
3304,4046460973714174336,275.904825,-30.342161,0.1596,-6.9502,-0.0121,0.0189,-0.004079644268774718,0.03743063241106803,0.1212,0.99894,-0.0188,0.055,0.0403,0.0455
3305,4046460973678827904,275.906309,-30.341877,0.0986,-6.7727,-0.0108,0.0192,-0.06507964426877472,0.21493063241106736,0.0321,0.99679,-0.03,0.0518,0.0378,0.043
3306,4046460973678845696,275.905888,-30.341271,0.5509,-6.7389,-0.0111,0.0198,0.38722035573122526,0.24873063241106763,0.0623,0.97938,0.3375,0.1709,0.1323,0.1318
3309,4046460973678875776,275.904635,-30.340401,0.1901,-7.0289,-0.0122,0.0206,0.02642035573122528,-0.041269367588932404,0.1881,0.99135,0.2366,0.2254,0.1921,0.1906
3310,4046460973678858240,275.905653,-30.340711,-0.0627,-6.8467,-0.0113,0.0203,-0.22637964426877472,0.1409306324110675,0.4596,0.9644,0.1212,0.359,0.2936,0.4223
3387,4046461415973515776,275.873276,-30.333133,0.221,-6.892,-0.0393,0.0279,0.05732035573122529,0.0956306324110674,0.1726,0.9797,0.138,0.1468,0.1045,0.1159
3572,4046461729593368832,275.895177,-30.331909,0.0286,-7.0094,-0.0204,0.0291,-0.13507964426877472,-0.021769367588932553,-0.0485,0.96531,0.2071,0.3385,0.2873,0.2968
3583,4046460969296911488,275.897623,-30.33826,0.0793,-7.078,-0.0183,0.0228,-0.08437964426877471,-0.09036936758893255,0.2209,0.99057,0.022,0.0417,0.0316,0.0363
3585,4046460969298911616,275.898575,-30.336986,0.3612,-6.8681,-0.0174,0.024,0.1975203557312253,0.11953063241106765,0.109,0.98894,0.0461,0.0944,0.071,0.0838
3590,4046460973678944896,275.902559,-30.3375,0.1116,-6.994,-0.014,0.0235,-0.052079644268774705,-0.006369367588932029,0.2419,0.99227,0.2199,0.1428,0.1097,0.1184
3598,4046461725213154432,275.896785,-30.33407,-0.0125,-6.9074,-0.019,0.027,-0.17617964426877472,0.08023063241106776,0.1104,0.9936,0.2343,0.1024,0.0791,0.0876
3602,4046461003656652928,275.902301,-30.335393,-0.1465,-7.1209,-0.0142,0.0256,-0.3101796442687747,-0.13326936758893204,0.1632,0.97642,0.0768,0.1655,0.1305,0.1583
3642,4046461008038714112,275.904893,-30.333104,0.0565,-7.2166,-0.012,0.0279,-0.10717964426877472,-0.22896936758893194,0.292,0.95541,0.165,0.3399,0.262,0.3183
3681,4046461725209015808,275.889119,-30.324592,0.0898,-7.0965,-0.0256,0.0364,-0.0738796442687747,-0.10886936758893206,0.189,0.97807,0.1276,0.0695,0.0533,0.0592
3741,4046461763988210944,275.899911,-30.323938,0.132,-6.7477,-0.0163,0.0371,-0.031679644268774704,0.2399306324110677,0.1304,0.9825,-0.0136,0.0443,0.0329,0.038
3794,4046460213380273920,275.910358,-30.397977,0.0656,-7.0431,-0.0073,-0.0369,-0.0980796442687747,-0.05546936758893217,0.1799,0.99156,0.075,0.0653,0.0473,0.0545
3861,4046460247771542912,275.918943,-30.392772,0.0792,-6.9845,0.0001,-0.0317,-0.0844796442687747,0.003130632411068035,0.3976,0.98577,0.1311,0.1236,0.0953,0.1048
3873,4046460252123255296,275.91844,-30.390897,0.2959,-7.2618,-0.0003,-0.0299,0.1322203557312253,-0.2741693675889323,-0.0038,0.97041,-0.0699,0.2543,0.2079,0.2067
3887,4046460252159260800,275.923158,-30.389819,0.1237,-6.7496,0.0038,-0.0288,-0.039979644268774706,0.2380306324110677,0.1921,0.98851,-0.1302,0.0562,0.0401,0.047
3899,4046460252123106816,275.925486,-30.395264,0.3212,-7.036,0.0058,-0.0342,0.15752035573122528,-0.048369367588931844,0.5058,0.95461,0.2158,0.364,0.2673,0.3053
3966,4046413316680405504,275.931882,-30.389329,0.2306,-6.9242,0.0113,-0.0283,0.06692035573122529,0.06343063241106783,0.2725,0.99025,-0.0138,0.0616,0.0448,0.0496
3974,4046460213384677248,275.910127,-30.389978,0.0156,-6.9369,-0.0075,-0.0289,-0.1480796442687747,0.05073063241106812,0.0657,0.99362,0.1002,0.1557,0.1117,0.1375
3993,4046460252123407232,275.913621,-30.387032,0.0222,-6.753,-0.0045,-0.026,-0.1414796442687747,0.23463063241106763,0.0793,0.99264,0.079,0.0701,0.0517,0.0582
4002,4046460247771546112,275.916927,-30.387414,-0.0117,-6.9544,-0.0016,-0.0264,-0.1753796442687747,0.03323063241106805,0.1914,0.99473,0.0097,0.1045,0.0765,0.0911
4023,4046460252159272576,275.922374,-30.3855,0.2031,-6.7525,0.0031,-0.0245,0.03942035573122529,0.23513063241106735,0.1425,0.99372,0.0864,0.0731,0.0561,0.0596
4027,4046460320842929024,275.914539,-30.383684,0.1268,-6.9426,-0.0037,-0.0227,-0.036879644268774714,0.04503063241106808,0.2557,0.99625,0.057,0.1017,0.0778,0.0886
4039,4046460320848396416,275.916814,-30.381707,0.6048,-7.3501,-0.0017,-0.0207,0.4411203557312253,-0.36246936758893256,0.0122,0.9586,0.1693,0.4092,0.3138,0.3983
4040,4046460316463899776,275.916833,-30.380888,0.3489,-7.1754,-0.0017,-0.0199,0.18522035573122528,-0.18776936758893203,0.0506,0.98452,0.0293,0.0855,0.0617,0.0692
4041,4046460316463897088,275.914489,-30.380722,0.2672,-6.8292,-0.0037,-0.0197,0.10352035573122528,0.15843063241106758,0.1305,0.99809,-0.1945,0.0322,0.0234,0.026
4043,4046460320842940160,275.916381,-30.380599,0.3218,-7.4145,-0.0021,-0.0196,0.15812035573122526,-0.42686936758893257,0.4099,0.95459,0.1551,0.5024,0.365,0.4838
4057,4046460252159290240,275.919323,-30.381336,0.1367,-6.9682,0.0005,-0.0203,-0.026979644268774722,0.01943063241106735,0.1253,0.99906,-0.2194,0.055,0.0387,0.0434
4058,4046460320842941440,275.917749,-30.379826,0.6237,-7.4538,-0.0009,-0.0188,0.46002035573122535,-0.46616936758893246,-0.0447,0.95701,0.0678,0.4424,0.3001,0.3837
4063,4046460252123359104,275.922669,-30.381363,0.132,-7.0285,0.0033,-0.0203,-0.031679644268774704,-0.04086936758893245,0.1942,0.9953,0.0535,0.138,0.1022,0.1147
4064,4046460252123341696,275.923302,-30.38167,0.4865,-7.1632,0.0039,-0.0206,0.32282035573122525,-0.17556936758893205,-0.3675,0.98144,0.2249,0.2665,0.2165,0.2126
4087,4046460252123246848,275.926717,-30.384329,0.6145,-7.1614,0.0068,-0.0233,0.45082035573122536,-0.1737693675889327,-0.9887,0.95668,0.057,0.2626,0.2043,0.2147
4093,4046460252123217152,275.927788,-30.384397,0.4268,-7.0113,0.0078,-0.0234,0.2631203557312253,-0.023669367588932566,-0.1813,0.99079,-0.0189,0.1235,0.0892,0.1014
4096,4046413316680412160,275.932615,-30.38874,-0.0251,-7.1826,0.0119,-0.0277,-0.18877964426877472,-0.19496936758893213,0.0601,0.98224,0.1575,0.1699,0.1269,0.1317
4115,4046460625697192576,275.935523,-30.385735,0.0649,-7.0594,0.0144,-0.0247,-0.09877964426877471,-0.07176936758893238,0.1475,0.9952,0.1341,0.0704,0.0529,0.0549
4124,4046460247742335104,275.926384,-30.382909,-0.1951,-7.0739,0.0065,-0.0219,-0.35877964426877473,-0.08626936758893233,0.5597,0.97026,0.2049,0.237,0.1929,0.1889
4132,4046460630116398208,275.925499,-30.380784,0.084,-7.0479,0.0058,-0.0198,-0.0796796442687747,-0.06026936758893253,0.1608,0.99781,-0.0735,0.0549,0.0435,0.0483
4135,4046460630080417152,275.92717,-30.380865,0.2657,-6.9219,0.0072,-0.0198,0.10202035573122528,0.0657306324110678,-0.5645,0.97431,0.3383,0.4272,0.3418,0.3341
4137,4046460630080491392,275.92408,-30.379575,0.2084,-6.9835,0.0046,-0.0185,0.04472035573122529,0.004130632411067481,0.1959,0.99754,-0.0529,0.0578,0.0458,0.0515
4141,4046460625701556736,275.927814,-30.380049,0.0279,-6.8443,0.0078,-0.019,-0.1357796442687747,0.14333063241106814,0.1036,0.99875,-0.1727,0.0377,0.0273,0.0304
4143,4046460625701558016,275.929611,-30.379365,0.0941,-6.7849,0.0093,-0.0183,-0.0695796442687747,0.20273063241106737,0.153,0.99722,-0.4269,0.0423,0.0281,0.0362
4154,4046460630084975232,275.937375,-30.382088,0.1319,-6.9187,0.016,-0.0211,-0.03177964426877472,0.06893063241106745,0.1198,0.99766,-0.0106,0.0705,0.051,0.0527
4179,4046413690294535808,275.939908,-30.394919,0.1997,-7.0615,0.0182,-0.0339,0.03602035573122528,-0.07386936758893192,0.1166,0.99382,-0.1305,0.059,0.0425,0.0524
4326,4046460630116367488,275.939405,-30.381511,0.2211,-7.0464,0.0178,-0.0205,0.05742035573122528,-0.058769367588932475,0.0045,0.99655,-0.0543,0.0596,0.0444,0.0483
4456,4046460320843204992,275.913063,-30.378414,0.4671,-7.3823,-0.0049,-0.0174,0.3034203557312253,-0.3946693675889321,-1.2058,0.96069,-0.1125,0.6057,0.4145,0.5108
4461,4046460320843001984,275.915975,-30.378847,0.4836,-6.5052,-0.0024,-0.0178,0.31992035573122524,0.48243063241106743,0.8032,0.95074,0.2176,0.4052,0.3128,0.3455
4465,4046460316463899520,275.91665,-30.377851,0.1446,-6.6858,-0.0018,-0.0168,-0.019079644268774704,0.30183063241106733,0.135,0.99374,-0.1692,0.0371,0.0268,0.0298
4469,4046460320878941440,275.911381,-30.376488,0.2677,-6.9333,-0.0064,-0.0155,0.10402035573122528,0.054330632411067725,0.1668,0.99776,0.0421,0.06,0.0439,0.0483
4470,4046460320878939904,275.911798,-30.377086,0.4194,-6.7812,-0.006,-0.0161,0.2557203557312253,0.20643063241106763,0.3448,0.98795,0.0709,0.1599,0.114,0.1304
4474,4046460320843248768,275.913282,-30.375516,0.157,-7.2936,-0.0048,-0.0145,-0.006679644268774709,-0.3059693675889319,0.3869,0.98317,0.3322,0.3416,0.2638,0.2881
4475,4046460320843207936,275.914426,-30.376834,0.085,-6.7465,-0.0038,-0.0158,-0.0786796442687747,0.24113063241106758,0.1115,0.99059,0.2265,0.2142,0.1769,0.17
4477,4046460316463898112,275.915416,-30.376523,0.3304,-7.1192,-0.0029,-0.0155,0.16672035573122532,-0.13156936758893245,0.1936,0.99215,-0.0386,0.0563,0.0466,0.0607
4484,4046460316463902464,275.918952,-30.377917,0.3011,-6.7002,0.0001,-0.0169,0.13742035573122527,0.28743063241106803,0.2039,0.98861,0.0437,0.1209,0.0901,0.1026
4485,4046460252159289472,275.922239,-30.378916,-0.1106,-6.7861,0.003,-0.0179,-0.2742796442687747,0.2015306324110675,0.2218,0.98783,-0.2272,0.0772,0.0551,0.0618
4486,4046460252123406336,275.922685,-30.37871,0.1805,-6.9416,0.0034,-0.0177,0.016820355731225284,0.04603063241106753,0.1127,0.98682,-0.283,0.3009,0.2512,0.2055
4489,4046460320843054720,275.917274,-30.375836,0.9774,-7.0455,-0.0013,-0.0148,0.8137203557312254,-0.05786936758893191,-0.3319,0.96482,0.0014,0.5353,0.3753,0.4754
4496,4046460698800086400,275.920457,-30.375638,0.0204,-7.3708,0.0014,-0.0146,-0.1432796442687747,-0.3831693675889323,0.1832,0.98112,0.172,0.2498,0.1941,0.2015
4503,4046460320878962944,275.911047,-30.373473,0.1143,-7.0142,-0.0067,-0.0124,-0.04937964426877471,-0.026569367588932025,-0.1961,0.99782,0.0537,0.1248,0.0886,0.1025
4507,4046460320878963328,275.911148,-30.372774,0.3138,-6.8987,-0.0066,-0.0117,0.1501203557312253,0.08893063241106791,-0.5025,0.98786,0.0811,0.3427,0.2751,0.2925
4518,4046460320843259136,275.915796,-30.372674,0.0676,-7.2348,-0.0026,-0.0116,-0.09607964426877472,-0.24716936758893215,-0.1856,0.99222,0.2831,0.2364,0.1824,0.1931
4520,4046460316463895424,275.912803,-30.370856,0.1303,-6.8556,-0.0052,-0.0098,-0.03337964426877471,0.13203063241106783,0.1567,0.99844,-0.0702,0.0639,0.0448,0.0509
4524,4046460316463897344,275.914592,-30.371497,-0.0005,-6.7409,-0.0036,-0.0105,-0.1641796442687747,0.24673063241106785,-0.1046,0.99615,0.0363,0.0765,0.0562,0.0641
4526,4046460698836068992,275.916483,-30.370772,0.4049,-7.0666,-0.002,-0.0097,0.24122035573122527,-0.07896936758893247,0.1758,0.99432,-0.105,0.0707,0.0497,0.0551
4530,4046460698800330368,275.917849,-30.372986,0.3407,-6.5589,-0.0008,-0.012,0.1770203557312253,0.42873063241106735,-0.5602,0.97127,0.5273,0.5531,0.3966,0.4073
4533,4046460694421022080,275.916946,-30.372525,0.0116,-7.0347,-0.0016,-0.0115,-0.1520796442687747,-0.04706936758893221,0.2019,0.98101,-0.1855,0.0285,0.0195,0.0227
4536,4046460698804493312,275.921287,-30.373596,0.2488,-6.9081,0.0022,-0.0126,0.08512035573122528,0.07953063241106761,-0.377,0.99076,0.2273,0.3191,0.2412,0.2409
4538,4046460698804488576,275.92373,-30.3738,-0.0791,-7.4256,0.0043,-0.0128,-0.2427796442687747,-0.43796936758893246,0.3351,0.96707,0.0867,0.2569,0.1676,0.2049
4540,4046460698800122112,275.920409,-30.372852,0.363,-6.6571,0.0014,-0.0118,0.19932035573122528,0.33053063241106795,-0.144,0.95137,-0.3838,0.7182,0.4974,0.3675
4542,4046460698804494464,275.921184,-30.37179,0.1032,-7.2333,0.0021,-0.0108,-0.06047964426877471,-0.2456693675889321,0.1,0.99344,-0.1692,0.1242,0.0851,0.0961
4545,4046460698800356224,275.917547,-30.371113,0.6057,-6.9755,-0.0011,-0.0101,0.44202035573122533,0.012130632411067488,-0.0076,0.9851,0.2929,0.1187,0.0895,0.0891
4546,4046460698800354688,275.917931,-30.371641,0.254,-6.9991,-0.0007,-0.0106,0.0903203557312253,-0.011469367588932577,0.3747,0.99429,0.3362,0.2109,0.1433,0.1778
4548,4046460698835949952,275.917103,-30.369676,-0.1993,-6.7392,-0.0015,-0.0086,-0.3629796442687747,0.24843063241106744,0.2945,0.95985,-0.1446,0.0637,0.0419,0.0571
4550,4046460698804503296,275.919408,-30.370304,0.8876,-7.3759,0.0005,-0.0093,0.7239203557312253,-0.38826936758893194,-1.4048,0.96297,-0.0016,0.7187,0.5486,0.5128
4553,4046460694421027840,275.921953,-30.370686,0.3565,-7.069,0.0027,-0.0097,0.19282035573122527,-0.0813693675889322,0.1024,0.99694,-0.1575,0.0705,0.0527,0.0601
4555,4046460698804493824,275.923732,-30.371171,-0.2844,-6.6079,0.0043,-0.0101,-0.44807964426877467,0.37973063241106786,-0.2736,0.96341,0.387,0.4228,0.2967,0.307
4557,4046460694421027584,275.921894,-30.36947,0.513,-7.0378,0.0027,-0.0084,0.34932035573122533,-0.05016936758893209,-0.2593,0.99417,-0.0635,0.1971,0.147,0.1416
4560,4046460630080465280,275.926064,-30.37904,-0.0291,-6.8623,0.0063,-0.018,-0.1927796442687747,0.12533063241106746,0.2123,0.99409,-0.0596,0.1344,0.0986,0.1032
4581,4046460630116391040,275.933385,-30.37718,0.0668,-7.2554,0.0126,-0.0162,-0.09687964426877471,-0.2677693675889321,-0.1419,0.98284,0.0835,0.0948,0.0706,0.0747
4587,4046460625701561984,275.933864,-30.374978,-0.019,-6.9413,0.013,-0.0139,-0.1826796442687747,0.04633063241106772,0.1496,0.99747,-0.136,0.0487,0.0357,0.0407
4591,4046460630116397312,275.933536,-30.374247,0.3572,-7.0043,0.0127,-0.0132,0.1935203557312253,-0.016669367588932005,0.1338,0.99546,-0.1011,0.0627,0.0444,0.0552
4596,4046460694421031296,275.925478,-30.373098,0.0226,-7.1129,0.0058,-0.0121,-0.1410796442687747,-0.12526936758893203,0.0741,0.99739,-0.166,0.0676,0.0501,0.0524
4597,4046460698800052736,275.926082,-30.372762,-0.2161,-6.6436,0.0063,-0.0117,-0.3797796442687747,0.34403063241106757,0.2853,0.97749,-0.1566,0.265,0.2277,0.1935
4599,4046460698804489600,275.925063,-30.371925,0.4552,-6.7846,0.0054,-0.0109,0.29152035573122526,0.20303063241106756,-0.0778,0.9844,0.223,0.3861,0.2875,0.2839
4600,4046460694421032192,275.925677,-30.371963,0.234,-6.9842,0.0059,-0.0109,0.0703203557312253,0.003430632411067336,0.0253,0.99899,-0.1427,0.0526,0.0395,0.041
4606,4046460698800083456,275.92643,-30.371101,0.0253,-7.1252,0.0066,-0.0101,-0.13837964426877472,-0.13756936758893268,0.0486,0.99654,0.0736,0.122,0.0919,0.0985
4608,4046460698800150400,275.924826,-30.369696,0.273,-7.0178,0.0052,-0.0087,0.10932035573122531,-0.030169367588932516,-0.0081,0.99865,-0.075,0.0634,0.0466,0.0536
4610,4046460694421031680,275.925542,-30.369468,0.1459,-7.0286,0.0058,-0.0084,-0.017779644268774708,-0.040969367588932215,0.0882,0.99908,-0.1035,0.0462,0.0325,0.0393
4611,4046460698836002304,275.925948,-30.368797,0.3669,-6.7733,0.0062,-0.0078,0.2032203557312253,0.21433063241106787,-0.5764,0.98527,-0.0641,0.3679,0.3193,0.3083
4615,4046460625701559936,275.931609,-30.373373,0.1159,-7.0006,0.0111,-0.0123,-0.04777964426877471,-0.012969367588932634,0.1547,0.99854,-0.1252,0.0514,0.0372,0.0437
4623,4046460630080411008,275.936797,-30.372448,0.3752,-6.6685,0.0155,-0.0114,0.21152035573122527,0.31913063241106787,0.0238,0.98823,0.2941,0.1774,0.1407,0.1446
4632,4046460630080514432,275.933908,-30.369463,0.1421,-7.0944,0.013,-0.0084,-0.021579644268774706,-0.10676936758893252,0.6198,0.96369,0.6618,0.5589,0.5186,0.3532
4633,4046460630080476032,275.932488,-30.368946,0.1845,-7.3103,0.0118,-0.0079,0.020820355731225287,-0.32266936758893205,0.1103,0.9757,0.0163,0.0729,0.0566,0.0625
4634,4046460630080476544,275.933998,-30.368611,-0.0669,-7.2409,0.0131,-0.0076,-0.2305796442687747,-0.25326936758893215,0.138,0.98955,0.227,0.1659,0.1291,0.1332
4637,4046460630080477696,275.934359,-30.37017,-0.0951,-6.7354,0.0134,-0.0091,-0.2587796442687747,0.25223063241106747,0.0373,0.99102,0.0312,0.0756,0.0593,0.0652
4640,4046460630080497792,275.934779,-30.369329,-0.051,-6.7984,0.0138,-0.0083,-0.2146796442687747,0.18923063241106775,0.5043,0.98219,0.4004,0.2414,0.2102,0.1813
4641,4046460660061301632,275.935529,-30.369224,0.0945,-6.7175,0.0144,-0.0082,-0.06917964426877471,0.2701306324110675,0.0705,0.9963,0.1315,0.0725,0.055,0.0574
4645,4046460698836078208,275.912989,-30.368222,0.0288,-6.5468,-0.005,-0.0072,-0.13487964426877472,0.44083063241106757,-0.2102,0.97934,-0.2005,0.3641,0.2936,0.2891
4646,4046460320848291968,275.911183,-30.367913,1.067,-7.3851,-0.0066,-0.0069,0.9033203557312253,-0.3974693675889327,-0.1714,0.9529,-0.0403,0.3331,0.2726,0.3422
4648,4046460527001811968,275.91012,-30.367045,0.4674,-7.1425,-0.0075,-0.006,0.30372035573122524,-0.15486936758893233,0.0873,0.99109,-0.0532,0.1031,0.0715,0.0944
4652,4046460698836011264,275.915142,-30.368672,-0.0217,-7.1478,-0.0031,-0.0076,-0.1853796442687747,-0.1601693675889324,0.028,0.9963,-0.1952,0.1006,0.0685,0.0815
4657,4046460904958943488,275.910367,-30.365658,0.4287,-7.2537,-0.0073,-0.0046,0.2650203557312253,-0.2660693675889325,-0.07,0.98894,0.0368,0.3043,0.2149,0.254
4658,4046460900579445888,275.91124,-30.365699,-0.0117,-6.8732,-0.0065,-0.0047,-0.1753796442687747,0.11443063241106799,0.0438,0.99865,-0.1255,0.0553,0.0398,0.0477
4659,4046460698804526208,275.91334,-30.366106,0.5038,-7.0163,-0.0047,-0.0051,0.34012035573122534,-0.02866936758893246,-0.0344,0.9947,-0.374,0.0886,0.0618,0.0673
4664,4046460698835961472,275.913958,-30.366168,0.4369,-7.1719,-0.0042,-0.0051,0.2732203557312253,-0.1842693675889322,0.1059,0.99244,0.1474,0.1327,0.1172,0.1075
4668,4046460698800215168,275.915148,-30.365166,0.3058,-7.0865,-0.0031,-0.0041,0.1421203557312253,-0.09886936758893228,-0.8896,0.99302,-0.1839,0.3395,0.1936,0.284
4670,4046460698804526080,275.914289,-30.364608,-0.3543,-6.8506,-0.0039,-0.0036,-0.5179796442687747,0.13703063241106772,0.1753,0.97795,-0.2931,0.1074,0.0749,0.0858
4674,4046460698835949440,275.917946,-30.367816,0.1914,-6.4923,-0.0007,-0.0068,0.027720355731225277,0.49533063241106756,-0.1036,0.97608,0.0577,0.101,0.0789,0.082
4683,4046460698835990016,275.92183,-30.368437,-0.0365,-7.4311,0.0026,-0.0074,-0.20017964426877471,-0.4434693675889321,0.8389,0.9748,0.1259,0.3096,0.2439,0.2973
4685,4046460698835999616,275.923428,-30.367648,0.4231,-6.9882,0.004,-0.0066,0.25942035573122524,-0.0005693675889322236,0.2398,0.9945,-0.1313,0.1979,0.1353,0.1618
4692,4046460698835999872,275.918095,-30.365255,0.3159,-6.8098,-0.0006,-0.0042,0.1522203557312253,0.17783063241106767,0.3061,0.99427,0.2073,0.2091,0.1413,0.1726
4695,4046460694421022464,275.917269,-30.36493,0.1373,-6.918,-0.0013,-0.0039,-0.026379644268774705,0.0696306324110676,0.6989,0.98972,-0.0693,0.2802,0.1942,0.2339
4702,4046460698836011648,275.921155,-30.365822,-0.2434,-6.6944,0.002,-0.0048,-0.40707964426877474,0.29323063241106784,0.0472,0.98699,-0.2371,0.2735,0.1868,0.2152
4709,4046460698835930752,275.920811,-30.364153,0.336,-6.875,0.0017,-0.0031,0.1723203557312253,0.11263063241106774,-0.0188,0.99784,0.0499,0.099,0.0715,0.0856
4712,4046460698835927296,275.923053,-30.363716,0.309,-7.18,0.0037,-0.0027,0.1453203557312253,-0.19236936758893197,0.4414,0.95477,0.1062,0.0737,0.0573,0.0619
4713,4046460900579445120,275.910384,-30.363843,0.3191,-6.901,-0.0073,-0.0028,0.15542035573122528,0.08663063241106794,0.3226,0.99577,-0.1571,0.0841,0.0602,0.0795
4714,4046460904958944640,275.911594,-30.364003,0.232,-6.985,-0.0062,-0.003,0.0683203557312253,0.002630632411067424,0.0088,0.99901,-0.2696,0.0628,0.0438,0.0489
4715,4046460904994573696,275.911637,-30.363544,0.1201,-7.3077,-0.0062,-0.0025,-0.04357964426877471,-0.3200693675889319,-0.0353,0.98994,-0.5825,0.2528,0.1722,0.1697
4719,4046460900579447168,275.912378,-30.362872,-0.2131,-6.9562,-0.0055,-0.0018,-0.37677964426877475,0.031430632411067805,0.1189,0.99218,-0.3317,0.0292,0.0205,0.0203
4721,4046460698804525312,275.913936,-30.364079,0.6031,-7.0936,-0.0042,-0.0031,0.4394203557312253,-0.1059693675889326,0.0963,0.96821,-0.3154,0.0628,0.0435,0.0506
4727,4046460698836024960,275.916123,-30.361742,-0.2543,-6.5812,-0.0023,-0.0007,-0.41797964426877476,0.4064306324110678,-0.1034,0.95105,-0.0675,0.0808,0.0593,0.0742
4729,4046460904994365440,275.91204,-30.359717,0.1492,-7.3487,-0.0058,0.0013,-0.01447964426877471,-0.36106936758893227,0.033,0.9844,-0.2327,0.0733,0.0512,0.0583
4730,4046460904994336512,275.913206,-30.359758,0.8809,-6.895,-0.0048,0.0013,0.7172203557312253,0.09263063241106817,-0.9905,0.98133,0.1202,0.2776,0.22,0.257
4734,4046460904994360192,275.916199,-30.360136,-0.0831,-7.323,-0.0022,0.0009,-0.2467796442687747,-0.33536936758893265,0.7696,0.98368,0.1991,0.2592,0.2031,0.2537
4735,4046460904958627456,275.916782,-30.360382,0.1571,-6.9559,-0.0017,0.0006,-0.00657964426877472,0.031730632411067994,-0.163,0.99872,-0.1491,0.058,0.0398,0.0686
4740,4046460904994359296,275.91371,-30.359385,-0.0891,-7.0557,-0.0044,0.0016,-0.2527796442687747,-0.06806936758893212,0.6406,0.98766,-0.0095,0.14,0.1034,0.1374
4745,4046460698836025856,275.918282,-30.363483,-0.2046,-6.9456,-0.0004,-0.0025,-0.3682796442687747,0.04203063241106797,0.3935,0.98025,0.0318,0.0765,0.0555,0.0674
4752,4046460698835926144,275.919388,-30.362502,0.7357,-7.1786,0.0005,-0.0015,0.5720203557312253,-0.19096936758893257,0.0934,0.98101,0.127,0.2008,0.1489,0.1814
4761,4046460694421029632,275.923613,-30.36148,0.3005,-7.2745,0.0042,-0.0005,0.13682035573122528,-0.286869367588932,0.1232,0.98773,0.0354,0.0322,0.0238,0.0254
4763,4046460698836027648,275.917468,-30.360261,-0.1381,-6.584,-0.0011,0.0008,-0.3017796442687747,0.4036306324110681,0.1272,0.9728,0.0069,0.4228,0.3085,0.597
4772,4046460904994408576,275.917948,-30.359427,-0.6246,-7.1185,-0.0007,0.0016,-0.7882796442687747,-0.1308693675889323,-0.9561,0.96856,-0.1285,0.4115,0.3091,0.3719
4778,4046460698800290688,275.921766,-30.360204,0.7631,-7.1243,0.0026,0.0008,0.5994203557312253,-0.1366693675889321,-0.1117,0.97219,-0.1557,0.1326,0.0967,0.1028
4784,4046460698835920768,275.922893,-30.359419,0.2591,-6.565,0.0035,0.0016,0.09542035573122529,0.42263063241106735,0.0451,0.98813,-0.1519,0.1321,0.0967,0.105
4786,4046460698835979264,275.922592,-30.358926,0.2911,-6.9526,0.0033,0.0021,0.12742035573122532,0.03503063241106741,0.0781,0.99882,0.0244,0.0455,0.0334,0.038
4788,4046460698836004480,275.925261,-30.368287,0.4401,-6.4359,0.0056,-0.0073,0.27642035573122525,0.5517306324110676,-0.8556,0.98095,0.3817,0.252,0.2097,0.2189
4791,4046460694421033088,275.926757,-30.367646,0.0582,-6.8547,0.0069,-0.0066,-0.10547964426877471,0.1329306324110675,0.1853,0.99803,-0.2647,0.0277,0.0191,0.022
4794,4046460698800238592,275.925189,-30.366811,0.1356,-6.8096,0.0055,-0.0058,-0.02807964426877471,0.1780306324110681,0.0312,0.99859,-0.2099,0.0693,0.0462,0.0631
4795,4046460698800309632,275.926519,-30.367163,0.0954,-7.1441,0.0067,-0.0061,-0.06827964426877471,-0.15646936758893215,0.2312,0.99524,-0.0757,0.0526,0.0395,0.0444
4799,4046460694421030784,275.925011,-30.366046,0.1146,-6.9258,0.0054,-0.005,-0.049079644268774716,0.06183063241106801,0.1336,0.99924,-0.2749,0.0264,0.0189,0.0202
4801,4046460698835960192,275.926753,-30.365783,0.4743,-7.18,0.0069,-0.0048,0.31062035573122526,-0.19236936758893197,0.3784,0.95619,0.0429,0.0866,0.0671,0.0741
4802,4046460698835989760,275.926457,-30.364926,0.3767,-7.3552,0.0066,-0.0039,0.21302035573122527,-0.3675693675889322,-0.0382,0.96741,0.1861,0.0906,0.0795,0.0756
4808,4046460698800167552,275.92892,-30.365577,-0.0423,-6.8366,0.0087,-0.0045,-0.20597964426877471,0.15103063241106796,0.2868,0.99391,-0.0393,0.1566,0.1421,0.1213
4809,4046460698836049920,275.930096,-30.364824,0.1711,-6.7798,0.0098,-0.0038,0.007420355731225292,0.20783063241106792,0.1413,0.99891,-0.094,0.0268,0.0206,0.0208
4810,4046460698800307712,275.927935,-30.363931,0.6197,-6.8793,0.0079,-0.0029,0.45602035573122535,0.108330632411068,0.3031,0.98345,0.1179,0.1468,0.1176,0.1254
4811,4046460698800159488,275.928578,-30.364038,-0.7061,-7.8348,0.0084,-0.003,-0.8697796442687746,-0.8471693675889327,-0.4676,0.95673,0.5626,0.5366,0.4678,0.4246
4814,4046460733195746432,275.93063,-30.363409,0.7026,-6.4185,0.0102,-0.0024,0.5389203557312253,0.5691306324110679,0.2026,0.96304,0.2675,0.2612,0.231,0.2091
4815,4046460698835879808,275.931176,-30.368111,-0.1713,-6.9677,0.0107,-0.0071,-0.3349796442687747,0.01993063241106796,0.2311,0.9873,0.0338,0.0617,0.0492,0.0539
4818,4046460664476151296,275.933987,-30.367464,0.6824,-7.3674,0.0131,-0.0064,0.5187203557312253,-0.3797693675889322,-0.7651,0.95672,0.4284,0.5921,0.4955,0.5205
4821,4046460698800069120,275.931823,-30.366215,0.4979,-6.5961,0.0112,-0.0052,0.3342203557312253,0.3915306324110679,-0.4686,0.987,0.3256,0.2535,0.2092,0.2256
4823,4046460664440220416,275.937066,-30.367802,0.4728,-6.9048,0.0158,-0.0068,0.3091203557312253,0.08283063241106792,0.0916,0.96921,0.4474,0.4859,0.418,0.4111
4826,4046460664440282624,275.934802,-30.366541,0.366,-6.9589,0.0138,-0.0055,0.20232035573122528,0.02873063241106788,0.1979,0.97576,0.7777,0.5511,0.46,0.3405
4827,4046460664440282496,275.934656,-30.366131,-0.2319,-7.934,0.0137,-0.0051,-0.3955796442687747,-0.9463693675889324,-1.0876,0.95166,0.6351,0.5959,0.5715,0.4582
4830,4046460733159819392,275.932157,-30.365398,0.077,-7.0083,0.0115,-0.0044,-0.08667964426877471,-0.020669367588932452,0.0857,0.99899,0.0376,0.051,0.0406,0.0418
4831,4046460728780775552,275.932299,-30.364916,0.391,-7.027,0.0117,-0.0039,0.2273203557312253,-0.03936936758893239,0.0622,0.99617,0.042,0.0577,0.0458,0.0478
4832,4046460733159782528,275.933654,-30.365687,0.0767,-6.7162,0.0128,-0.0047,-0.0869796442687747,0.271430632411068,0.1395,0.99712,-0.0988,0.0306,0.0227,0.0243
4833,4046460733159819648,275.933129,-30.364957,0.5705,-7.0173,0.0124,-0.0039,0.4068203557312253,-0.029669367588931905,0.2583,0.97899,0.2771,0.1349,0.1121,0.1014
4834,4046460733159818880,275.93222,-30.364396,-0.1604,-7.0856,0.0116,-0.0034,-0.32407964426877467,-0.0979693675889326,0.2116,0.98508,0.0353,0.0591,0.0442,0.0484
4852,4046460733195652224,275.928032,-30.362279,-0.0133,-6.6755,0.008,-0.0013,-0.17697964426877472,0.3121306324110673,-0.0831,0.99469,-0.0495,0.0751,0.0574,0.0618
4857,4046460733195728768,275.930103,-30.360952,-0.0524,-7.1489,0.0098,0.0001,-0.2160796442687747,-0.1612693675889325,0.0376,0.99623,0.1939,0.0958,0.0738,0.0792
4859,4046460698835998464,275.924436,-30.360058,0.5894,-6.8576,0.0049,0.001,0.42572035573122535,0.13003063241106805,-0.4696,0.9808,0.1276,0.1261,0.0959,0.1148
4861,4046460733159945600,275.927075,-30.360696,-0.1192,-6.745,0.0071,0.0003,-0.2828796442687747,0.24263063241106764,0.0951,0.99406,0.0141,0.062,0.0464,0.0497
4862,4046460698835911552,275.924276,-30.359183,-0.0528,-6.6597,0.0047,0.0018,-0.2164796442687747,0.3279306324110678,0.2232,0.98864,-0.0785,0.0736,0.0516,0.0592
4870,4046460733195732352,275.928203,-30.359461,0.3833,-7.1939,0.0081,0.0016,0.21962035573122526,-0.20626936758893244,0.6489,0.97293,0.1721,0.1554,0.1185,0.1414
4872,4046460728780775168,275.930577,-30.358495,-0.1691,-7.07,0.0102,0.0025,-0.3327796442687747,-0.08236936758893254,0.1161,0.99245,0.0416,0.0628,0.0464,0.053
4874,4046460733195740032,275.931968,-30.362095,0.0446,-6.8627,0.0114,-0.0011,-0.11907964426877471,0.1249306324110675,0.0635,0.99886,0.0491,0.0533,0.0425,0.0435
4877,4046460733195792768,275.932038,-30.360901,-0.1021,-6.7316,0.0114,0.0001,-0.2657796442687747,0.2560306324110675,0.4445,0.95724,-0.1486,0.0917,0.0731,0.0715
4878,4046460733195724800,275.932799,-30.361342,0.3158,-6.6107,0.0121,-0.0003,0.15212035573122532,0.37693063241106817,0.1723,0.98718,0.3084,0.2533,0.2027,0.1864
4879,4046460733160057088,275.932549,-30.360912,0.6619,-6.88,0.0119,0.0001,0.49822035573122536,0.10763063241106785,-0.331,0.95283,-0.0936,0.6787,0.5997,0.4262
4881,4046460733159858560,275.934339,-30.361964,0.0501,-6.9369,0.0134,-0.0009,-0.1135796442687747,0.05073063241106812,0.2152,0.99778,0.0027,0.0669,0.0535,0.0572
4885,4046460733159828096,275.936254,-30.36121,0.4175,-6.6877,0.0151,-0.0002,0.2538203557312253,0.2999306324110673,0.0367,0.98749,0.2355,0.2471,0.218,0.1836
4888,4046460733160056960,275.93278,-30.36055,-0.23,-7.6639,0.0121,0.0005,-0.3936796442687747,-0.6762693675889322,-0.8607,0.96484,0.5749,0.5944,0.4648,0.4119
4889,4046460733160060544,275.933259,-30.359368,0.2488,-7.1573,0.0125,0.0017,0.08512035573122528,-0.16966936758893247,0.1986,0.99366,0.0276,0.0534,0.0424,0.044
4891,4046460733160101248,275.931537,-30.358854,0.3597,-6.7569,0.011,0.0022,0.1960203557312253,0.23073063241106784,0.5936,0.95683,-0.236,0.615,0.4783,0.4418
4900,4046460733159836928,275.93753,-30.360092,0.6692,-6.7779,0.0162,0.0009,0.5055203557312253,0.20973063241106793,-0.1842,0.96731,0.2813,0.4759,0.3956,0.4778
4901,4046460733159852544,275.936863,-30.35976,0.4639,-6.4555,0.0156,0.0013,0.3002203557312253,0.532130632411068,-0.3553,0.96231,-0.0594,0.2962,0.2151,0.2534
4912,4046460630080259456,275.941929,-30.377191,-0.3892,-7.2403,0.02,-0.0162,-0.5528796442687747,-0.25266936758893266,-0.3134,0.95003,0.874,0.615,0.5456,0.2915
4921,4046460625701565568,275.938335,-30.373968,-0.0014,-7.1392,0.0169,-0.0129,-0.16507964426877472,-0.15156936758893202,0.3356,0.97181,-0.0004,0.0683,0.0515,0.0576
4923,4046460664440057472,275.940754,-30.37452,0.1496,-6.7137,0.0189,-0.0135,-0.0140796442687747,0.2739306324110675,0.1612,0.99102,0.2639,0.0764,0.0593,0.0606
4927,4046413724654341248,275.947328,-30.377592,0.1701,-7.0344,0.0246,-0.0166,0.006420355731225291,-0.04676936758893202,0.14,0.99643,-0.1364,0.058,0.0428,0.0488
4954,4046460664440169600,275.939336,-30.368574,-0.0082,-7.5998,0.0177,-0.0075,-0.17187964426877472,-0.6121693675889324,-0.0322,0.95302,0.7069,0.5343,0.5019,0.3672
4958,4046460664440109824,275.94154,-30.368756,0.021,-7.0416,0.0196,-0.0077,-0.14267964426877472,-0.053969367588932116,0.1397,0.99673,0.1876,0.079,0.0627,0.0626
4965,4046460664439991424,275.947249,-30.372923,-0.1176,-7.332,0.0246,-0.0119,-0.2812796442687747,-0.3443693675889321,0.0196,0.95119,0.4213,0.4826,0.4338,0.4142
4968,4046413728997273472,275.950116,-30.372399,-0.1071,-6.9479,0.027,-0.0114,-0.2707796442687747,0.039730632411068,-0.1696,0.97497,0.3152,0.3191,0.2771,0.2501
4974,4046460664476118400,275.946003,-30.369751,0.1986,-6.8498,0.0235,-0.0087,0.03492035573122529,0.13783063241106763,0.1641,0.99709,0.0467,0.0336,0.0248,0.0265
5044,4046460664440203392,275.939081,-30.366988,0.4651,-6.9779,0.0175,-0.006,0.3014203557312253,0.009730632411067752,0.197,0.97518,0.4863,0.3944,0.3468,0.2904
5049,4046460664440191744,275.940197,-30.366645,0.4778,-6.8253,0.0185,-0.0056,0.3141203557312253,0.16233063241106738,0.4646,0.97802,0.371,0.2893,0.2638,0.2369
5059,4046460664440249600,275.939789,-30.36417,-0.3126,-7.1414,0.0181,-0.0031,-0.47627964426877467,-0.15376936758893223,0.2543,0.95863,0.3295,0.4349,0.397,0.4753
5062,4046460664440232064,275.94146,-30.363329,0.3376,-6.6124,0.0196,-0.0023,0.1739203557312253,0.3752306324110677,0.3135,0.97196,0.4072,0.3429,0.2984,0.254
5066,4046460664440096256,275.945514,-30.367833,-0.2068,-6.9265,0.0231,-0.0068,-0.3704796442687747,0.061130632411067864,0.5951,0.95063,0.397,0.3683,0.3165,0.278
5067,4046460664440116864,275.944721,-30.367134,0.2423,-7.1076,0.0224,-0.0061,0.07862035573122528,-0.11996936758893195,0.1209,0.97117,0.6242,0.405,0.3523,0.2543
5070,4046460660061307264,275.946274,-30.365748,-0.0135,-6.9977,0.0237,-0.0047,-0.17717964426877472,-0.010069367588932288,-0.0183,0.99438,0.2772,0.1436,0.1093,0.1192
5075,4046460660056994304,275.95092,-30.366654,0.3112,-6.7936,0.0277,-0.0056,0.14752035573122527,0.1940306324110681,0.0038,0.9872,0.0319,0.0572,0.0418,0.0481
5082,4046460664440147328,275.944864,-30.364206,0.1099,-6.4795,0.0225,-0.0032,-0.05377964426877471,0.5081306324110679,0.0505,0.95003,0.4958,0.349,0.3104,0.2459
5097,4046460664440298240,275.939444,-30.361232,0.4682,-6.7485,0.0178,-0.0002,0.30452035573122527,0.2391306324110678,0.2831,0.9856,0.2089,0.2074,0.1683,0.1763
5099,4046460664440254976,275.941293,-30.362406,0.039,-7.3429,0.0194,-0.0014,-0.1246796442687747,-0.35526936758893246,0.0722,0.97957,0.3911,0.1813,0.1418,0.1369
5109,4046460664440311552,275.93986,-30.360315,0.3623,-7.0012,0.0182,0.0007,0.1986203557312253,-0.013569367588932124,0.0667,0.99603,0.1213,0.0747,0.0567,0.0621
5118,4046460664440297344,275.942641,-30.358497,-0.0302,-7.4226,0.0206,0.0025,-0.19387964426877471,-0.43496936758893234,-0.3956,0.96956,0.3643,0.377,0.3069,0.2977
5128,4046460664476137344,275.947077,-30.360317,0.3147,-7.0689,0.0244,0.0007,0.15102035573122527,-0.08126936758893244,0.0119,0.99391,0.2364,0.0705,0.0574,0.0536
5135,4046460664440236032,275.945616,-30.359298,-0.0745,-6.8495,0.0231,0.0017,-0.2381796442687747,0.13813063241106782,0.0648,0.98286,0.3914,0.2378,0.2092,0.1784
5136,4046460660057012096,275.946996,-30.359667,0.0357,-7.2587,0.0243,0.0014,-0.1279796442687747,-0.2710693675889324,0.1053,0.95698,0.0484,0.052,0.0412,0.0442
5139,4046460763167643904,275.949728,-30.359528,0.249,-7.1232,0.0267,0.0015,0.08532035573122529,-0.135569367588932,0.1395,0.97718,0.2188,0.3569,0.2849,0.291
5154,4046460767519271424,275.952555,-30.363722,-0.0314,-7.1298,0.0291,-0.0027,-0.19507964426877472,-0.14216936758893262,0.3455,0.97744,0.324,0.2517,0.2131,0.1957
5317,4046413552877256448,275.981282,-30.38987,0.1694,-6.8021,0.0539,-0.0289,0.005720355731225285,0.1855306324110675,0.1922,0.95157,-0.0748,0.0546,0.0395,0.0468
5374,4046413763356589952,275.978932,-30.381943,0.2707,-6.8496,0.0519,-0.0209,0.10702035573122529,0.13803063241106805,0.1412,0.96447,0.2357,0.1034,0.0799,0.0857
5593,4046413793378178176,275.981755,-30.367717,0.1176,-6.9684,0.0543,-0.0067,-0.046079644268774714,0.019230632411067816,0.0351,0.98278,0.1148,0.1298,0.0978,0.1062
5637,4046413832145768192,275.97382,-30.364465,0.0044,-6.9784,0.0475,-0.0034,-0.15927964426877472,0.00923063241106803,0.0952,0.99367,0.0019,0.033,0.0247,0.0271
5798,4046460904994350208,275.916128,-30.358011,0.1772,-6.8021,-0.0023,0.003,0.013520355731225286,0.1855306324110675,0.0994,0.9981,-0.0538,0.0793,0.0576,0.0709
5804,4046460904994392320,275.916031,-30.356652,0.3319,-7.9247,-0.0024,0.0044,0.16822035573122526,-0.9370693675889319,-3.0215,0.95993,-0.2025,0.6517,0.4735,0.5635
5805,4046460904958628992,275.912599,-30.356325,-0.022,-6.732,-0.0053,0.0047,-0.1856796442687747,0.25563063241106754,0.2396,0.98799,-0.1398,0.0342,0.0246,0.0312
5808,4046460904994385536,275.913467,-30.356219,-0.1778,-7.0732,-0.0046,0.0048,-0.34147964426877475,-0.08556936758893219,0.5719,0.9868,0.1758,0.2836,0.2298,0.2716
5816,4046460698835979904,275.919894,-30.358517,0.559,-7.2393,0.001,0.0025,0.39532035573122537,-0.2516693675889323,-0.4169,0.97884,0.0491,0.1263,0.0961,0.1181
5821,4046460904994464384,275.919429,-30.356395,-0.2383,-7.2925,0.0005,0.0046,-0.40197964426877475,-0.3048693675889327,-0.4924,0.98707,0.0091,0.2733,0.1982,0.2277
5822,4046460698836034816,275.920987,-30.357894,0.2802,-6.7421,0.0019,0.0031,0.1165203557312253,0.24553063241106798,0.3034,0.99312,-0.0276,0.0692,0.0522,0.0635
5823,4046460698836008448,275.920488,-30.357498,0.3196,-6.9102,0.0015,0.0035,0.15592035573122529,0.07743063241106807,-0.2642,0.99649,0.0844,0.086,0.0654,0.0795
5828,4046460698835985024,275.921877,-30.357022,0.3098,-6.4785,0.0027,0.004,0.1461203557312253,0.5091306324110674,-0.3759,0.98564,0.3865,0.1686,0.1395,0.124
5829,4046460904994462336,275.920974,-30.356613,0.6135,-7.4346,0.0019,0.0044,0.44982035573122536,-0.4469693675889319,-0.464,0.97066,0.248,0.239,0.1968,0.2126
5834,4046460904994344704,275.917261,-30.355903,-0.2548,-6.9256,-0.0013,0.0051,-0.4184796442687747,0.06203063241106754,-1.2818,0.98438,0.0068,0.279,0.2007,0.2231
5836,4046460904994404352,275.91799,-30.355397,-0.3156,-6.9553,-0.0007,0.0056,-0.4792796442687747,0.032330632411067484,0.4205,0.98044,-0.7876,0.3857,0.2227,0.1507
5841,4046460904994395648,275.92013,-30.355367,0.1727,-7.0926,0.0012,0.0057,0.009020355731225282,-0.10496936758893227,-0.0717,0.99842,0.1791,0.0632,0.0539,0.0519
5842,4046460904994393344,275.917556,-30.354639,0.1423,-7.2185,-0.0011,0.0064,-0.0213796442687747,-0.23086936758893195,0.0532,0.99621,0.6627,0.12,0.1075,0.0657
5850,4046460939318397056,275.921524,-30.353605,0.1855,-7.2135,0.0024,0.0074,0.021820355731225288,-0.22586936758893206,0.2976,0.98951,0.0808,0.0727,0.054,0.06
5857,4046460904959114624,275.910792,-30.3523,-0.2126,-6.8353,-0.0069,0.0087,-0.3762796442687747,0.1523306324110676,0.3995,0.96794,0.0195,0.4572,0.3867,0.4837
5858,4046460904959139328,275.910208,-30.351659,0.6477,-6.9857,-0.0074,0.0094,0.48402035573122537,0.0019306324110681672,-0.1391,0.99078,-0.4447,0.232,0.136,0.1635
5862,4046460900579446912,275.911976,-30.351537,0.2337,-7.0249,-0.0059,0.0095,0.07002035573122528,-0.037269367588931956,0.0514,0.99899,0.03,0.0404,0.0295,0.0342
5870,4046460900579449088,275.91421,-30.351567,0.0747,-7.0076,-0.004,0.0095,-0.08897964426877471,-0.019969367588932307,0.1114,0.99863,0.0679,0.0724,0.0546,0.0611
5871,4046460904959051904,275.916328,-30.352058,0.2574,-7.04,-0.0021,0.009,0.09372035573122531,-0.05236936758893229,0.1443,0.99824,-0.0245,0.0563,0.0418,0.0486
5874,4046460904959061376,275.916293,-30.351202,0.2057,-6.7394,-0.0022,0.0098,0.042020355731225284,0.2482306324110679,0.1505,0.99685,-0.1034,0.0467,0.0333,0.0366
5877,4046460904959118720,275.912429,-30.351171,0.4211,-7.2123,-0.0055,0.0099,0.25742035573122524,-0.2246693675889322,0.2213,0.95269,-0.0484,0.0524,0.039,0.0459
5884,4046460904959101056,275.914855,-30.350228,0.0683,-7.1318,-0.0034,0.0108,-0.09537964426877471,-0.1441693675889324,0.1976,0.99633,-0.081,0.0534,0.0394,0.0452
5885,4046460904959120896,275.91345,-30.349853,0.0226,-6.8086,-0.0046,0.0112,-0.1410796442687747,0.17903063241106754,0.1063,0.99749,0.1155,0.0839,0.0635,0.0663
5886,4046460904959101184,275.91439,-30.349605,-0.1074,-7.7194,-0.0038,0.0114,-0.27107964426877473,-0.7317693675889325,0.1121,0.95883,0.2649,0.4626,0.3816,0.4258
5888,4046460939318839936,275.91529,-30.349746,-0.0991,-7.2825,-0.003,0.0113,-0.2627796442687747,-0.294869367588932,0.0278,0.97797,-0.0096,0.0822,0.062,0.0715
5892,4046460939318414592,275.917818,-30.351315,0.2415,-6.8335,-0.0008,0.0097,0.07782035573122528,0.15413063241106784,0.4038,0.99027,0.2806,0.2986,0.2082,0.2488
5893,4046460939354210304,275.919254,-30.351276,-0.5333,-7.2284,0.0004,0.0098,-0.6969796442687747,-0.24076936758893197,-1.1569,0.95015,-0.1416,0.5831,0.4823,0.6114
5894,4046460939318714368,275.921147,-30.353083,-0.2014,-6.9561,0.002,0.0079,-0.3650796442687747,0.03153063241106757,0.197,0.99282,0.3409,0.1193,0.0982,0.0907
5895,4046460934939195776,275.921621,-30.353092,0.1095,-7.1031,0.0024,0.0079,-0.05417964426877471,-0.11546936758893267,0.1237,0.99877,-0.113,0.0284,0.0202,0.0232
5897,4046460934939197952,275.922555,-30.35257,-0.1545,-6.8525,0.0032,0.0085,-0.3181796442687747,0.1351306324110677,0.093,0.99453,0.0954,0.0817,0.0659,0.0844
5900,4046460939318711552,275.921343,-30.351455,0.0147,-6.8708,0.0022,0.0096,-0.14897964426877472,0.11683063241106773,0.2776,0.99687,-0.0205,0.0822,0.0645,0.0799
5902,4046460939318775040,275.919296,-30.350309,1.2353,-6.613,0.0004,0.0107,1.0716203557312254,0.3746306324110673,-1.4583,0.95164,0.3474,0.4645,0.439,0.4066
5909,4046460939367543296,275.922755,-30.350472,-0.1763,-7.1292,0.0034,0.0106,-0.3399796442687747,-0.14156936758893224,-0.0771,0.97608,-0.0618,0.4346,0.3636,0.3714
5916,4046460934939197824,275.923162,-30.348752,0.1066,-6.845,0.0038,0.0123,-0.05707964426877471,0.142630632411068,0.1691,0.99804,0.1147,0.0724,0.0544,0.0594
5917,4046460733195703424,275.924674,-30.357744,0.2615,-6.818,0.0051,0.0033,0.0978203557312253,0.16963063241106813,-0.1449,0.99751,0.1565,0.1364,0.103,0.1018
5920,4046460733160031744,275.925874,-30.357797,-0.2027,-7.0977,0.0061,0.0032,-0.3663796442687747,-0.11006936758893193,0.2948,0.99132,0.2458,0.1829,0.151,0.1438
5924,4046460728780771072,275.926551,-30.355792,0.1225,-6.7182,0.0067,0.0052,-0.04117964426877471,0.26943063241106735,0.3497,0.98974,0.0505,0.0745,0.0546,0.0634
5926,4046460733160158080,275.928244,-30.358193,0.5008,-6.9884,0.0082,0.0028,0.33712035573122534,-0.0007693675889326457,0.5142,0.98058,0.3285,0.4062,0.3496,0.3183
5929,4046460733160150400,275.9303,-30.357027,-0.1127,-7.0869,0.0099,0.004,-0.2763796442687747,-0.09926936758893223,0.3139,0.98835,0.2426,0.0807,0.0607,0.0604
5930,4046460733160165248,275.92938,-30.356024,0.0495,-6.8197,0.0091,0.005,-0.11417964426877471,0.16793063241106765,0.13,0.9987,-0.0055,0.0326,0.0244,0.0251
5932,4046460728780769024,275.924747,-30.355144,0.5284,-6.846,0.0051,0.0059,0.3647203557312253,0.14163063241106766,0.1117,0.97845,0.0484,0.0455,0.0341,0.0376
5938,4046460733160190208,275.927634,-30.355531,-0.5854,-6.8003,0.0076,0.0055,-0.7490796442687747,0.18733063241106773,0.3074,0.96999,-0.576,0.3323,0.2025,0.1972
5941,4046460733160168960,275.929615,-30.355397,0.6341,-6.8384,0.0093,0.0056,0.4704203557312253,0.1492306324110677,-0.0587,0.95572,-0.1085,0.0902,0.0673,0.07
5947,4046460733195801600,275.934148,-30.355985,0.1018,-7.1613,0.0132,0.005,-0.06187964426877471,-0.17366936758893203,0.116,0.99655,0.0403,0.0588,0.0458,0.0479
5948,4046460728780777728,275.934392,-30.357507,0.0602,-6.963,0.0135,0.0035,-0.1034796442687747,0.024630632411067666,-0.0435,0.99858,0.1056,0.0748,0.0606,0.0589
5949,4046460733160066688,275.935385,-30.357686,0.1115,-6.85,0.0143,0.0033,-0.05217964426877471,0.1376306324110681,0.0976,0.99577,0.115,0.162,0.1291,0.1348
5951,4046460733159914624,275.936602,-30.357472,0.7099,-7.1916,0.0154,0.0036,0.5462203557312253,-0.20396936758893247,0.3226,0.96386,0.132,0.4597,0.4052,0.3408
5954,4046460728780778624,275.935756,-30.355395,0.2835,-6.957,0.0146,0.0056,0.11982035573122526,0.030630632411067893,0.0706,0.99867,-0.0257,0.0355,0.0276,0.028
5960,4046460733195827072,275.932855,-30.353431,-0.1748,-6.9815,0.0121,0.0076,-0.33847964426877475,0.006130632411068149,0.1335,0.98966,0.0047,0.0306,0.0224,0.0235
5964,4046460728780779904,275.937166,-30.354649,0.2845,-7.0375,0.0159,0.0064,0.12082035573122527,-0.0498693675889319,0.1338,0.99757,0.0603,0.0321,0.0271,0.025
5968,4046460728780769920,275.925564,-30.352516,0.1584,-6.853,0.0058,0.0085,-0.005279644268774697,0.13463063241106799,0.1194,0.99923,0.0531,0.05,0.0362,0.0387
5972,4046460934939200640,275.925678,-30.350761,-0.1033,-6.9167,0.0059,0.0103,-0.26697964426877474,0.07093063241106812,0.1437,0.99658,0.036,0.0411,0.0319,0.0325
5974,4046460728780773376,275.930002,-30.351669,0.2057,-6.7887,0.0097,0.0094,0.042020355731225284,0.19893063241106734,0.1289,0.99782,0.1057,0.0576,0.0431,0.0477
5977,4046460939318698240,275.926722,-30.349998,0.4292,-6.9637,0.0068,0.011,0.26552035573122534,0.02393063241106752,0.235,0.99269,0.1238,0.1961,0.1476,0.17
5980,4046460934939202944,275.929368,-30.348262,0.3121,-7.1489,0.0091,0.0128,0.14842035573122528,-0.1612693675889325,0.0811,0.99351,0.108,0.0515,0.0381,0.0412
5983,4046460733195830272,275.934299,-30.351351,-0.1836,-7.0522,0.0134,0.0097,-0.3472796442687747,-0.06456936758893228,-0.5017,0.96229,-0.1259,0.512,0.4235,0.3827
5984,4046460733209157632,275.930997,-30.349088,0.2057,-6.701,0.0105,0.0119,0.042020355731225284,0.2866306324110681,0.0955,0.99506,0.5291,0.1087,0.0962,0.079
5986,4046460733160231296,275.931676,-30.348567,0.4643,-6.7523,0.0111,0.0125,0.30062035573122525,0.23533063241106777,-0.121,0.98843,0.3833,0.2561,0.2195,0.1862
5987,4046460728780780032,275.937197,-30.349825,-0.0081,-7.1941,0.0159,0.0112,-0.1717796442687747,-0.20646936758893197,-0.0285,0.98999,0.2456,0.0827,0.0635,0.0673
5990,4046460904959175808,275.911122,-30.348372,-0.0594,-7.1755,-0.0066,0.0127,-0.22307964426877472,-0.1878693675889327,0.1689,0.98922,-0.0328,0.0613,0.0455,0.0526
5993,4046460904959162624,275.912974,-30.347973,0.861,-6.6544,-0.005,0.0131,0.6973203557312253,0.3332306324110679,-0.161,0.95985,0.2019,0.496,0.4125,0.5652
5996,4046460939318884224,275.913183,-30.346472,0.3391,-7.3795,-0.0048,0.0146,0.1754203557312253,-0.3918693675889324,0.3155,0.96962,0.4251,0.4108,0.3737,0.318
5998,4046460934939189376,275.916032,-30.34732,-0.1432,-6.8901,-0.0024,0.0137,-0.3068796442687747,0.09753063241106741,0.1684,0.9913,0.0022,0.0369,0.027,0.0304
6000,4046460939318897024,275.915472,-30.345905,0.1033,-7.0193,-0.0029,0.0151,-0.06037964426877471,-0.03166936758893257,0.0203,0.99897,0.1189,0.078,0.0578,0.0627
6001,4046460900579444736,275.910422,-30.346116,0.0301,-7.0134,-0.0072,0.0149,-0.13357964426877472,-0.025769367588932113,-0.0601,0.99818,0.0268,0.0529,0.0384,0.0462
6010,4046460939318967040,275.911844,-30.344638,0.1698,-7.0122,-0.006,0.0164,0.0061203557312252965,-0.024569367588932245,0.3122,0.99584,0.0982,0.1074,0.0794,0.0912
6022,4046460939318780416,275.920014,-30.347655,-0.4168,-6.9189,0.0011,0.0134,-0.5804796442687747,0.06873063241106792,0.6012,0.96503,0.1153,0.3104,0.2611,0.2604
6026,4046460939318864000,275.917517,-30.346078,0.4869,-7.3959,-0.0011,0.015,0.3232203557312253,-0.4082693675889324,-0.6233,0.97238,0.1701,0.2543,0.1945,0.2286
6028,4046460934939192832,275.918699,-30.3468,-0.0985,-7.1776,-0.0001,0.0142,-0.2621796442687747,-0.18996936758893224,0.0542,0.9916,0.0825,0.0827,0.0619,0.069
6031,4046460939318782592,275.92136,-30.348187,0.1458,-7.2594,0.0022,0.0128,-0.017879644268774697,-0.27176936758893255,0.1281,0.98737,-0.013,0.0573,0.0415,0.0476
6035,4046460939318817664,275.920531,-30.346339,0.4208,-7.0603,0.0015,0.0147,0.25712035573122527,-0.07266936758893205,0.1342,0.98942,-0.0171,0.0531,0.0392,0.0476
6038,4046460934939196032,275.92164,-30.346042,0.185,-7.0715,0.0025,0.015,0.021320355731225288,-0.0838693675889326,0.1102,0.99919,-0.1155,0.0304,0.0217,0.0239
6041,4046460934939192448,275.91853,-30.345029,-0.2934,-7.0811,-0.0002,0.016,-0.4570796442687747,-0.09346936758893243,0.3139,0.97424,0.0804,0.1404,0.1015,0.1118
6044,4046460934939193984,275.920156,-30.344794,-0.0749,-6.8048,0.0012,0.0162,-0.2385796442687747,0.18283063241106756,0.2507,0.99018,0.0176,0.0681,0.0499,0.0578
6048,4046460939318818432,275.92158,-30.34532,0.0725,-7.1172,0.0024,0.0157,-0.09117964426877471,-0.12956936758893267,0.1302,0.99732,-0.0257,0.0521,0.0386,0.0441
6055,4046460934939194752,275.920739,-30.343285,0.056,-7.1628,0.0017,0.0177,-0.10767964426877472,-0.1751693675889321,0.1321,0.99467,-0.0769,0.0518,0.0371,0.0405
6057,4046460939318807552,275.923772,-30.34395,0.2034,-7.0948,0.0043,0.0171,0.03972035573122529,-0.10716936758893247,0.0907,0.98898,0.2914,0.2564,0.2291,0.2443
6058,4046460939323896064,275.923218,-30.343647,0.4644,-6.9573,0.0038,0.0174,0.30072035573122524,0.030330632411067704,0.1783,0.98885,-0.1251,0.2457,0.1753,0.1681
6061,4046461008038457344,275.912565,-30.343268,-0.0269,-6.8102,-0.0054,0.0178,-0.19057964426877472,0.1774306324110677,-1.0905,0.96128,0.4631,0.5285,0.4562,0.378
6065,4046461008038512640,275.910799,-30.341007,0.3245,-7.3302,-0.0069,0.02,0.1608203557312253,-0.34256936758893186,0.4636,0.969,0.034,0.3225,0.2363,0.2994
6069,4046460934939188224,275.914974,-30.343164,0.0828,-6.9694,-0.0033,0.0179,-0.08087964426877471,0.018230632411067482,0.2703,0.99593,0.0321,0.0554,0.0399,0.0465
6073,4046461003658663424,275.913525,-30.341209,0.1647,-7.1845,-0.0045,0.0198,0.001020355731225303,-0.19686936758893214,0.1696,0.99066,-0.0053,0.0592,0.043,0.0491
6074,4046461008038469888,275.913901,-30.341111,0.2289,-7.1195,-0.0042,0.0199,0.06522035573122528,-0.13186936758893264,0.2316,0.99347,-0.2521,0.0923,0.0577,0.0704
6079,4046461008038498560,275.911843,-30.340301,-0.2221,-7.311,-0.006,0.0207,-0.3857796442687747,-0.3233693675889322,0.3505,0.95363,0.0064,0.4088,0.2958,0.4162
6082,4046461008038524672,275.912304,-30.338633,0.0541,-6.8399,-0.0056,0.0224,-0.1095796442687747,0.14773063241106765,0.2957,0.99072,0.0276,0.1667,0.1244,0.1445
6094,4046460939318908032,275.919231,-30.341681,0.3424,-6.6918,0.0004,0.0193,0.17872035573122527,0.295830632411068,0.5961,0.97065,0.1159,0.3462,0.265,0.302
6110,4046460939318916608,275.921177,-30.339521,0.0933,-7.1406,0.0021,0.0215,-0.07037964426877472,-0.15296936758893231,-0.8036,0.97808,-0.1042,0.378,0.2856,0.3044
6120,4046460939322708352,275.925327,-30.3473,0.1994,-7.0111,0.0056,0.0137,0.035720355731225284,-0.023469367588932144,0.062,0.99879,-0.0947,0.0594,0.0435,0.0519
6122,4046460939367569792,275.925661,-30.347819,0.2301,-7.1336,0.0059,0.0132,0.06642035573122529,-0.14596936758893264,0.1866,0.9955,-0.0805,0.0573,0.0423,0.0521
6123,4046460939318721792,275.926907,-30.347908,0.6858,-7.5978,0.007,0.0131,0.5221203557312253,-0.6101693675889326,-0.4614,0.95196,-0.6238,0.8306,0.5587,0.5712
6147,4046460831859994752,275.937044,-30.346601,0.4258,-6.8217,0.0158,0.0144,0.2621203557312253,0.16593063241106787,0.0032,0.99092,0.0692,0.1168,0.0863,0.0942
6148,4046460836275073536,275.934732,-30.345157,0.4401,-6.7985,0.0138,0.0159,0.27642035573122525,0.18913063241106798,0.113,0.97542,0.0671,0.0557,0.041,0.0434
6150,4046461038018421120,275.932336,-30.344082,0.0715,-7.1162,0.0117,0.0169,-0.09217964426877472,-0.12856936758893234,0.2427,0.99136,0.0421,0.0562,0.0406,0.0446
6152,4046461042397919104,275.932361,-30.3433,0.2916,-7.1324,0.0117,0.0177,0.12792035573122532,-0.14476936758893189,0.0526,0.9921,0.3332,0.0747,0.0589,0.0564
6159,4046460939318827904,275.924391,-30.342087,0.3556,-6.6269,0.0048,0.0189,0.19192035573122532,0.36073063241106773,0.0014,0.9847,0.3003,0.1698,0.1281,0.1298
6162,4046460939318784384,275.928404,-30.341478,0.3442,-6.8827,0.0083,0.0196,0.1805203557312253,0.10493063241106793,-0.186,0.99072,0.1778,0.2137,0.1805,0.1771
6167,4046461042398004480,275.928797,-30.340567,0.0171,-6.9714,0.0086,0.0205,-0.1465796442687747,0.016230632411067702,0.6617,0.96235,0.1677,0.4547,0.2963,0.4011
6169,4046461042398002816,275.929521,-30.340091,-0.2569,-6.9623,0.0093,0.0209,-0.4205796442687747,0.02533063241106781,0.2527,0.97657,0.2237,0.2298,0.1927,0.1928
6173,4046461042398056960,275.926655,-30.339121,0.4246,-6.8082,0.0068,0.0219,0.2609203557312253,0.1794306324110675,-0.2339,0.97895,0.2118,0.3873,0.3103,0.3446
6176,4046461038016383744,275.927798,-30.339376,0.1639,-7.0645,0.0078,0.0217,0.00022035573122528018,-0.07686936758893204,0.1457,0.9948,0.2074,0.1597,0.1214,0.1292
6187,4046461042397929856,275.934942,-30.341611,0.2312,-6.9461,0.0139,0.0194,0.06752035573122528,0.04153063241106736,0.0125,0.99216,-0.0736,0.2001,0.1425,0.1484
6198,4046461042397986048,275.933088,-30.338011,-0.0653,-6.8823,0.0123,0.023,-0.2289796442687747,0.10533063241106788,-0.5424,0.97278,0.102,0.3286,0.2582,0.2806
6208,4046460733159906816,275.938742,-30.35634,0.2878,-6.8023,0.0172,0.0047,0.12412035573122529,0.18533063241106795,0.2148,0.98497,0.3261,0.2945,0.256,0.2489
6218,4046460733164240384,275.938648,-30.353152,0.3562,-7.1937,0.0171,0.0079,0.1925203557312253,-0.20606936758893202,0.2324,0.96537,-0.1205,0.4505,0.4261,0.3281
6221,4046460733159864704,275.941715,-30.354908,-0.1044,-7.109,0.0198,0.0061,-0.26807964426877473,-0.12136936758893224,0.2703,0.98647,0.0419,0.1922,0.1514,0.1579
6223,4046460836243446656,275.942602,-30.35398,0.4888,-7.0198,0.0205,0.007,0.32512035573122533,-0.032169367588932296,0.65,0.96295,0.4393,0.3132,0.2821,0.2329
6224,4046460831856414464,275.943956,-30.354799,0.3054,-6.9134,0.0217,0.0062,0.1417203557312253,0.07423063241106753,0.1604,0.99555,-0.0931,0.034,0.025,0.0271
6225,4046460831859998720,275.944408,-30.352688,0.0199,-7.0568,0.0221,0.0083,-0.1437796442687747,-0.06916936758893222,-0.0369,0.99488,0.0099,0.1317,0.0951,0.1094
6244,4046460836239021184,275.944961,-30.354078,0.6348,-6.897,0.0226,0.0069,0.47112035573122535,0.0906306324110675,-0.1179,0.97218,0.2936,0.211,0.186,0.1904
6249,4046460836239032576,275.945642,-30.353418,0.3488,-6.9071,0.0232,0.0076,0.1851203557312253,0.08053063241106795,0.2651,0.97261,0.2552,0.3357,0.2829,0.2811
6252,4046460767519524992,275.94753,-30.352473,0.1214,-6.8586,0.0248,0.0086,-0.042279644268774716,0.1290306324110677,0.2049,0.99579,0.1537,0.074,0.0558,0.0585
6262,4046460836275019264,275.939021,-30.350344,0.3001,-6.8698,0.0175,0.0107,0.13642035573122527,0.11783063241106806,0.0967,0.99599,0.175,0.1056,0.0868,0.0804
6274,4046460836239358848,275.940205,-30.348377,0.2577,-6.7489,0.0185,0.0127,0.09402035573122527,0.23873063241106784,0.409,0.96851,0.7812,0.4449,0.3974,0.2902
6309,4046460767519338368,275.957753,-30.354194,0.0186,-6.8538,0.0336,0.0068,-0.1450796442687747,0.13383063241106807,0.0225,0.9811,0.3062,0.1881,0.1545,0.1465
6310,4046460763136242944,275.958219,-30.354197,-0.0989,-7.2238,0.034,0.0068,-0.2625796442687747,-0.23616936758893203,0.2038,0.95458,0.2728,0.1291,0.1042,0.1027
6365,4046460831855744896,275.941477,-30.346891,-0.0281,-6.9544,0.0196,0.0141,-0.1917796442687747,0.03323063241106805,0.0882,0.99793,0.0771,0.054,0.0394,0.0406
6377,4046460831855760384,275.944061,-30.342334,0.1812,-7.0129,0.0218,0.0187,0.01752035573122529,-0.02526936758893239,0.1159,0.99729,0.0384,0.0567,0.0417,0.0437
6381,4046460836275008384,275.948033,-30.346466,0.126,-7.1462,0.0252,0.0146,-0.03767964426877471,-0.15856936758893259,0.1133,0.98775,0.1161,0.1465,0.1142,0.122
6382,4046460836239280256,275.948356,-30.345732,0.1114,-6.7608,0.0255,0.0153,-0.05227964426877471,0.22683063241106804,0.2347,0.9868,0.1111,0.1551,0.1174,0.1352
6391,4046460836275017856,275.947708,-30.342789,0.245,-6.9779,0.025,0.0182,0.08132035573122529,0.009730632411067752,0.0574,0.99709,-0.151,0.0401,0.0288,0.0332
6393,4046460836239268096,275.950941,-30.344119,0.5392,-7.0616,0.0277,0.0169,0.37552035573122533,-0.07396936758893258,-0.1669,0.96433,0.1487,0.1977,0.1593,0.1643
6421,4046460836275046528,275.947467,-30.338881,0.3448,-6.9982,0.0247,0.0221,0.18112035573122529,-0.01056936758893201,0.1374,0.98561,0.0998,0.0424,0.0313,0.0328
6474,4046460866215507712,275.959932,-30.33964,0.0362,-6.8611,0.0355,0.0214,-0.1274796442687747,0.12653063241106732,0.1924,0.9842,0.124,0.0464,0.0352,0.0386
6496,4046461008038531456,275.913518,-30.337731,0.8311,-7.1059,-0.0046,0.0233,0.6674203557312253,-0.11826936758893236,-0.488,0.95906,-0.0859,0.3808,0.2841,0.3473
6505,4046461008038615680,275.910288,-30.335056,0.1166,-6.9055,-0.0073,0.026,-0.047079644268774715,0.08213063241106777,0.4983,0.97051,0.2682,0.3004,0.2582,0.3096
6506,4046461008038599552,275.911366,-30.334969,0.0116,-6.8185,-0.0064,0.0261,-0.1520796442687747,0.16913063241106752,0.2807,0.9664,0.2722,0.4101,0.3067,0.3416
6508,4046461003654476160,275.912428,-30.334779,0.0736,-7.1062,-0.0055,0.0262,-0.09007964426877471,-0.11856936758893255,0.2433,0.98913,0.0483,0.0591,0.0444,0.0492
6519,4046461008038564864,275.915695,-30.333483,0.3499,-7.1628,-0.0027,0.0275,0.18622035573122528,-0.1751693675889321,0.1086,0.95349,0.3935,0.4092,0.3439,0.3207
6522,4046460939354408832,275.919907,-30.33682,0.3032,-6.6034,0.001,0.0242,0.13952035573122532,0.38423063241106803,0.1064,0.96845,0.2017,0.3596,0.2821,0.309
6532,4046461008073898880,275.917719,-30.33492,0.0407,-6.8852,-0.0009,0.0261,-0.12297964426877471,0.10243063241106753,0.0852,0.97718,0.2215,0.2869,0.2416,0.2401
6534,4046461003654481408,275.917482,-30.334428,0.6382,-6.9703,-0.0011,0.0266,0.4745203557312253,0.017330632411067803,0.2547,0.96216,0.1114,0.2714,0.2176,0.2358
6541,4046461008038542080,275.91697,-30.333486,0.3548,-7.0117,-0.0016,0.0275,0.1911203557312253,-0.024069367588932522,0.0554,0.98681,0.3769,0.1835,0.1476,0.1355
6563,4046461003654492928,275.914525,-30.330394,-0.1064,-7.1074,-0.0037,0.0306,-0.27007964426877473,-0.11976936758893242,-0.148,0.9779,0.0323,0.0852,0.0632,0.0737
6577,4046461008038547712,275.918599,-30.331806,0.4499,-6.9927,-0.0002,0.0292,0.2862203557312253,-0.005069367588932394,-0.5156,0.95056,0.2733,0.449,0.3411,0.3896
6578,4046461008073911936,275.917462,-30.330876,0.4294,-7.2562,-0.0011,0.0302,0.2657203557312253,-0.268569367588932,-0.328,0.95469,0.0087,0.4464,0.3286,0.4187
6596,4046461038014218240,275.925509,-30.335825,0.0655,-6.8361,0.0058,0.0252,-0.09817964426877471,0.15153063241106768,0.1255,0.99819,-0.037,0.0432,0.0314,0.0346
6603,4046461042398082688,275.927736,-30.335623,0.4569,-7.3251,0.0077,0.0254,0.2932203557312253,-0.3374693675889322,-0.4832,0.95066,0.2345,0.4115,0.3011,0.3859
6612,4046461038014218112,275.929834,-30.33371,0.0736,-7.1565,0.0095,0.0273,-0.09007964426877471,-0.16886936758893256,0.0,0.99084,0.0462,0.0908,0.0679,0.0789
6620,4046461038018422656,275.934078,-30.33696,-0.1361,-6.9124,0.0132,0.0241,-0.2997796442687747,0.07523063241106787,-0.0755,0.98577,0.2913,0.1821,0.1388,0.1395
6625,4046461042398010112,275.93436,-30.33512,0.5829,-6.9644,0.0134,0.0259,0.4192203557312253,0.023230632411067376,0.2294,0.95563,0.2566,0.1654,0.1251,0.1334
6648,4046461038018416896,275.926898,-30.330678,0.0581,-7.1101,0.007,0.0304,-0.10557964426877471,-0.12246936758893234,0.1351,0.99107,0.2981,0.1296,0.0977,0.1013
6649,4046461042433608576,275.930051,-30.332088,0.3103,-7.1586,0.0097,0.0289,0.1466203557312253,-0.1709693675889321,0.0863,0.97356,0.1199,0.0892,0.0676,0.0752
6666,4046461042398105472,275.932098,-30.330772,0.0752,-7.0794,0.0115,0.0303,-0.08847964426877471,-0.09176936758893195,0.2772,0.98166,0.0763,0.1855,0.1396,0.1632
6667,4046461038014231040,275.932088,-30.330155,0.3359,-6.981,0.0115,0.0309,0.17222035573122527,0.006630632411067872,0.0664,0.99144,0.0008,0.0534,0.039,0.0447
6683,4046461038016401024,275.936179,-30.328483,0.1742,-6.9777,0.015,0.0325,0.010520355731225284,0.009930632411068174,0.1305,0.99133,0.126,0.1531,0.1116,0.1175
6687,4046461003654502400,275.912454,-30.327592,0.1238,-6.9491,-0.0055,0.0334,-0.03987964426877472,0.03853063241106813,0.1523,0.99789,-0.0116,0.037,0.0275,0.0318
6762,4046461111117722880,275.926649,-30.327133,0.1358,-6.7617,0.0068,0.0339,-0.027879644268774706,0.22593063241106748,-0.2443,0.95763,0.1511,0.39,0.2853,0.3387
6864,4046461042433554560,275.938463,-30.333664,0.2852,-6.8157,0.017,0.0274,0.1215203557312253,0.1719306324110681,0.1457,0.98975,0.0463,0.0534,0.039,0.0456
6869,4046460870634811136,275.94505,-30.335718,0.108,-6.8426,0.0227,0.0253,-0.05567964426877471,0.14503063241106773,0.1285,0.99809,0.119,0.0317,0.0241,0.0238
6897,4046461072373983104,275.94276,-30.326733,0.2066,-6.9055,0.0207,0.0343,0.042920355731225296,0.08213063241106777,0.1244,0.99813,-0.0663,0.0229,0.0165,0.0174
6913,4046460870634823680,275.950656,-30.328602,0.0813,-6.858,0.0275,0.0324,-0.08237964426877471,0.1296306324110681,0.1946,0.98769,0.4152,0.0922,0.0684,0.0689
6938,4046460870634745600,275.961381,-30.33426,0.129,-6.9034,0.0368,0.0268,-0.034679644268774706,0.08423063241106732,0.1416,0.9954,0.0442,0.0519,0.0383,0.0433
8117,4046461145477718272,275.924196,-30.311633,0.1238,-6.8886,0.0047,0.0494,-0.03987964426877472,0.09903063241106747,0.0785,0.95921,0.2429,0.2219,0.1886,0.1841
