,# source_id,ra,dec,pmra,pmdec,x,y,vx,vy,plx,memberprob,pmcorr,pmrae,pmdece,plxe
36,4194799179670542336,296.295266,-8.056573,-1.7687,-4.9326,-0.0146,-0.0494,-0.04248982035928117,0.038747005988024164,0.0638,0.99957,0.275,0.0384,0.0309,0.0353
46,4194799415890187904,296.260512,-8.040722,-1.6175,-4.9541,-0.049,-0.0335,0.10871017964071883,0.017247005988023645,0.0077,0.99428,0.2506,0.0788,0.0623,0.0735
50,4194799351469249280,296.270474,-8.043992,-1.6965,-4.8622,-0.0391,-0.0368,0.02971017964071887,0.1091470059880244,-0.0134,0.99646,0.2724,0.0822,0.0649,0.0801
113,4194799484609677696,296.294481,-8.025727,-2.2738,-5.1647,-0.0154,-0.0185,-0.5475898203592813,-0.1933529940119758,0.4312,0.97693,0.2527,0.3801,0.2931,0.3306
142,4194802508266660224,296.268994,-8.014668,-1.7986,-5.3307,-0.0406,-0.0074,-0.07238982035928121,-0.3593529940119762,-0.0996,0.971,0.226,0.2395,0.1821,0.2069
156,4194799557627689600,296.275149,-8.02142,-1.7465,-4.8968,-0.0345,-0.0142,-0.020289820359281174,0.07454700598802422,0.0476,0.99922,0.2028,0.1126,0.0849,0.1004
158,4194799553329156864,296.279781,-8.022314,-2.082,-5.0657,-0.0299,-0.0151,-0.3557898203592811,-0.09435299401197561,0.1617,0.98845,0.3206,0.2524,0.192,0.2199
171,4194799484609680768,296.290518,-8.023051,-1.6553,-4.9025,-0.0193,-0.0158,0.07091017964071877,0.06884700598802418,-0.0502,0.99929,0.2715,0.1524,0.1178,0.138
172,4194799488904765440,296.292551,-8.02208,-1.9839,-4.5341,-0.0173,-0.0149,-0.25768982035928123,0.43724700598802446,0.456,0.96676,0.2224,0.4418,0.3314,0.3731
175,4196300700235010816,296.295671,-8.020681,-2.1732,-5.0763,-0.0142,-0.0135,-0.44698982035928125,-0.10495299401197578,0.0406,0.9965,0.2471,0.2106,0.1616,0.1819
181,4194799557624265088,296.285018,-8.016853,-1.6475,-4.895,-0.0247,-0.0096,0.0787101796407188,0.07634700598802446,-0.3133,0.96669,0.3773,0.7562,0.5739,0.6409
185,4196300764659729792,296.287412,-8.013673,-1.5067,-5.0557,-0.0224,-0.0065,0.21951017964071884,-0.08435299401197582,0.3789,0.97506,0.3653,0.6972,0.5209,0.5906
186,4196300764659732992,296.288869,-8.011626,-2.2273,-4.8593,-0.0209,-0.0044,-0.5010898203592813,0.11204700598802386,-0.1889,0.99007,0.3523,0.4193,0.3297,0.3719
187,4196300695940249472,296.292923,-8.016885,-1.6207,-5.0076,-0.0169,-0.0097,0.10551017964071874,-0.036252994011976014,0.1743,0.99872,0.3093,0.1957,0.155,0.1744
189,4196300700235529472,296.294204,-8.016777,-1.0637,-4.3563,-0.0156,-0.0096,0.6625101796407187,0.615047005988024,-0.7626,0.96289,0.4733,1.2391,0.9828,1.0007
191,4196300700235026176,296.294778,-8.015583,-1.462,-4.6418,-0.0151,-0.0084,0.2642101796407188,0.3295470059880241,-2.5011,0.97475,0.2115,1.2327,0.9597,1.0256
214,4196300764665401472,296.286463,-8.00697,-1.8683,-5.3999,-0.0233,0.0003,-0.1420898203592813,-0.42855299401197566,0.2608,0.97383,0.34,0.6674,0.5203,0.6222
215,4196300764659746304,296.288797,-8.006785,-1.7098,-5.0959,-0.021,0.0004,0.01641017964071878,-0.12455299401197628,-0.1457,0.99912,0.3013,0.2224,0.165,0.1882
219,4196300764659735168,296.293655,-8.010881,-1.5428,-4.7459,-0.0162,-0.0037,0.18341017964071882,0.22544700598802425,-0.0735,0.97434,0.5072,1.1169,0.8899,0.8113
223,4196300768954533504,296.290027,-8.004398,-1.8613,-5.5703,-0.0198,0.0028,-0.1350898203592812,-0.5989529940119755,0.2978,0.95665,0.2391,1.1112,0.7777,0.7726
226,4196300768959374976,296.29255,-8.003854,-2.062,-5.1705,-0.0173,0.0034,-0.33578982035928107,-0.19915299401197561,0.1809,0.9971,0.2779,0.2111,0.1584,0.1793
227,4196300764659751680,296.293982,-8.004555,-1.6518,-4.7896,-0.0159,0.0027,0.07441017964071883,0.18174700598802396,0.2471,0.99212,0.296,0.4902,0.3604,0.4052
230,4196300803314276224,296.292058,-8.000801,-1.9078,-4.5843,-0.0178,0.0064,-0.18158982035928117,0.3870470059880242,-0.0462,0.99156,0.3136,0.3647,0.2722,0.3021
247,4196303719597259520,296.272364,-7.998628,-2.0432,-4.9874,-0.0373,0.0086,-0.31698982035928136,-0.01605299401197602,0.1568,0.98923,0.2091,0.1684,0.1269,0.1505
248,4196303788315986432,296.263825,-7.993447,-1.4626,-4.8395,-0.0457,0.0138,0.26361017964071887,0.1318470059880239,0.1873,0.95911,0.2525,0.282,0.2127,0.2331
263,4196303998774793344,296.265162,-7.982322,-2.0972,-5.1518,-0.0444,0.0249,-0.3709898203592812,-0.18045299401197568,0.0793,0.95833,0.2433,0.2475,0.1861,0.2058
284,4196303758251790464,296.289626,-7.99134,-1.7724,-4.7012,-0.0202,0.0159,-0.04618982035928121,0.270147005988024,0.3911,0.97176,0.2868,0.6156,0.4551,0.5074
286,4196303753956255872,296.288247,-7.988779,-1.2699,-5.0125,-0.0215,0.0184,0.45631017964071874,-0.04115299401197614,0.7387,0.95155,0.2724,0.5759,0.3972,0.4856
287,4196303753956253952,296.290716,-7.990335,-1.8515,-5.2608,-0.0191,0.0169,-0.12528982035928116,-0.28945299401197566,0.4179,0.98331,0.2068,0.3197,0.2378,0.2696
312,4196303925754968832,296.290541,-7.978962,-1.9805,-4.75,-0.0193,0.0283,-0.25428982035928116,0.22134700598802404,-0.1311,0.98506,0.1933,0.3511,0.2548,0.2757
423,4194799488904745856,296.297266,-8.030567,-0.8829,-5.1939,-0.0126,-0.0233,0.8433101796407187,-0.22255299401197615,-1.5563,0.9605,0.1907,0.8158,0.5674,0.6543
431,4196300494081447680,296.305675,-8.02931,-1.6024,-4.9178,-0.0043,-0.0221,0.12381017964071872,0.05354700598802431,0.1479,0.99932,0.2217,0.1213,0.092,0.1061
435,4194799488902103424,296.297887,-8.02481,-2.5694,-5.0075,-0.012,-0.0176,-0.8431898203592811,-0.03615299401197625,0.314,0.96756,0.314,0.5213,0.3947,0.4235
436,4196300700238562048,296.298255,-8.024902,-1.2726,-4.5165,-0.0116,-0.0177,0.4536101796407188,0.4548470059880243,-0.6076,0.95754,0.7704,1.2473,1.1822,0.6904
437,4194799488904755072,296.296522,-8.024298,-1.1323,-4.7731,-0.0133,-0.0171,0.5939101796407187,0.1982470059880237,0.4956,0.96871,0.3177,0.761,0.5569,0.6327
438,4196300700239882368,296.300107,-8.023644,-1.2223,-5.1377,-0.0098,-0.0164,0.5039101796407188,-0.16635299401197567,-0.1226,0.98022,0.1989,0.7707,0.5818,0.6716
440,4196300494081448704,296.304882,-8.026167,-1.6638,-4.9102,-0.0051,-0.0189,0.06241017964071882,0.06114700598802436,0.0738,0.99961,0.2427,0.125,0.097,0.1181
441,4196300489781800704,296.306308,-8.026382,-1.6005,-5.2275,-0.0037,-0.0192,0.12571017964071873,-0.256152994011976,0.433,0.98988,0.2154,0.2845,0.2189,0.265
443,4196300489781801984,296.307062,-8.024779,-1.8866,-4.8754,-0.0029,-0.0176,-0.1603898203592813,0.09594700598802408,-0.096,0.99459,0.2875,0.4804,0.3847,0.4323
447,4196300494081445760,296.31011,-8.032226,-2.0684,-4.4977,0.0001,-0.025,-0.34218982035928125,0.473647005988024,-0.0012,0.95935,0.3132,0.6712,0.513,0.5756
461,4196300494081448064,296.308869,-8.025465,-1.89,-4.9794,-0.0011,-0.0182,-0.16378982035928114,-0.008052994011976011,0.1278,0.99977,0.1988,0.0818,0.0619,0.0757
463,4196300494081447936,296.310273,-8.024496,-1.7314,-4.8837,0.0003,-0.0173,-0.005189820359281283,0.08764700598802388,0.0559,0.99988,0.1693,0.0834,0.0607,0.0717
464,4196300489781797248,296.312835,-8.027829,-1.6987,-4.9916,0.0028,-0.0206,0.02751017964071867,-0.020252994011976,0.1172,0.99993,0.1972,0.0422,0.0318,0.0372
467,4196300489781806976,296.314879,-8.02475,-1.4052,-4.7896,0.0048,-0.0175,0.32101017964071876,0.18174700598802396,-0.0044,0.99722,0.1626,0.1843,0.1328,0.1604
469,4196300489781806848,296.313603,-8.022986,-1.5146,-4.955,0.0036,-0.0158,0.21161017964071882,0.016347005988023966,-0.0058,0.99936,0.1508,0.0894,0.0644,0.0784
471,4196300494076548096,296.314446,-8.022307,-2.7332,-4.881,0.0044,-0.0151,-1.0069898203592813,0.09034700598802381,0.5634,0.96151,0.228,0.4698,0.3434,0.3905
472,4196300494081446656,296.316062,-8.02472,-1.1865,-5.212,0.006,-0.0175,0.5397101796407187,-0.2406529940119757,0.1043,0.96925,0.4233,0.8811,0.6784,0.7622
510,4196300494081445632,296.319312,-8.025344,-1.9638,-4.902,0.0092,-0.0181,-0.23758982035928122,0.0693470059880239,-0.5008,0.98317,0.2011,0.7864,0.5859,0.6857
512,4196300528436279936,296.319794,-8.022526,-0.9752,-4.4417,0.0097,-0.0153,0.7510101796407188,0.5296470059880241,-1.5462,0.95466,0.027,1.2121,0.8349,1.2223
514,4196300528441184896,296.319924,-8.022096,-1.7268,-4.9652,0.0098,-0.0149,-0.0005898203592811235,0.006147005988023757,0.0618,0.99993,0.1664,0.0757,0.0549,0.065
516,4196300524141545088,296.324102,-8.025108,-2.1011,-5.5991,0.014,-0.0179,-0.3748898203592814,-0.6277529940119759,-0.0483,0.97466,0.2352,0.5235,0.4052,0.4351
521,4196300528441182976,296.328368,-8.022793,-1.7652,-5.0444,0.0182,-0.0156,-0.038989820359281335,-0.0730529940119764,0.133,0.99939,0.3673,0.1487,0.125,0.115
528,4196300455422056960,296.33661,-8.028476,-1.8983,-5.1768,0.0263,-0.0213,-0.17208982035928133,-0.20545299401197603,0.1226,0.97932,0.2786,0.4112,0.3025,0.3404
540,4196300459716790784,296.336081,-8.023801,-1.3775,-4.9615,0.0258,-0.0166,0.3487101796407188,0.009847005988024016,0.5038,0.96618,0.3119,0.4066,0.3056,0.3414
605,4196300700239885696,296.296364,-8.020562,-1.7441,-4.9772,-0.0135,-0.0133,-0.017889820359281217,-0.0058529940119758095,0.0156,0.99992,0.2188,0.0974,0.0743,0.0858
606,4196300700234996736,296.300892,-8.022394,-1.9273,-5.1476,-0.009,-0.0152,-0.20108982035928125,-0.1762529940119757,0.1797,0.99501,0.235,0.3518,0.275,0.3288
607,4196300695940243328,296.299696,-8.020722,-1.6516,-4.9562,-0.0102,-0.0135,0.07461017964071881,0.015147005988024098,0.256,0.99803,0.2514,0.2222,0.1747,0.206
608,4196300700235004800,296.299174,-8.020007,-1.3225,-5.2268,-0.0107,-0.0128,0.40371017964071876,-0.25545299401197585,-0.2317,0.98552,0.3738,0.6485,0.5182,0.5579
609,4196300700239885056,296.29908,-8.019577,-1.9162,-5.0248,-0.0108,-0.0124,-0.18998982035928114,-0.053452994011975896,0.138,0.99954,0.1998,0.1458,0.1097,0.1384
611,4196300700235006848,296.30107,-8.017612,-0.6319,-4.9176,-0.0088,-0.0104,1.0943101796407189,0.053747005988023844,0.0755,0.97729,0.3199,0.9185,0.6914,0.729
613,4196300695940237312,296.306985,-8.022293,-1.7814,-4.8361,-0.003,-0.0151,-0.05518982035928133,0.13524700598802397,-0.1077,0.999,0.202,0.2823,0.2065,0.2414
614,4196300700234995712,296.304655,-8.019692,-1.6639,-4.5313,-0.0053,-0.0125,0.06231017964071883,0.44004700598802415,0.1291,0.99369,0.2438,0.3348,0.2456,0.2818
615,4196300700234993664,296.305792,-8.020638,-2.8617,-5.4355,-0.0042,-0.0134,-1.1354898203592811,-0.4641529940119762,0.0018,0.97658,0.3702,0.7603,0.6205,0.6209
620,4196300700234999936,296.304497,-8.018111,-1.8506,-5.0781,-0.0054,-0.0109,-0.12438982035928126,-0.10675299401197602,0.7794,0.98211,0.0519,0.8824,0.5884,0.6785
621,4196300700234999680,296.305936,-8.017056,-1.7632,-4.6574,-0.004,-0.0098,-0.036989820359281333,0.31394700598802405,-0.1156,0.99767,0.1791,0.3227,0.2361,0.2788
622,4196300700239883520,296.305973,-8.016677,-1.6452,-4.1092,-0.004,-0.0095,0.08101017964071877,0.8621470059880236,0.1019,0.97967,0.3481,0.731,0.5483,0.609
624,4196300700235012992,296.30047,-8.015905,-2.168,-5.7918,-0.0094,-0.0087,-0.4417898203592814,-0.8204529940119762,0.1885,0.97999,0.2904,0.8262,0.6371,0.7098
629,4196300700235021952,296.300041,-8.012803,-1.7894,-4.9119,-0.0099,-0.0056,-0.06318982035928133,0.05944700598802388,0.2091,0.9955,0.2142,0.4648,0.3359,0.399
630,4196300700235020416,296.300527,-8.012943,-1.5315,-5.1798,-0.0094,-0.0057,0.19471017964071868,-0.20845299401197614,0.038,0.99823,0.0492,0.2833,0.1966,0.2285
631,4196300695940256640,296.300966,-8.012683,-1.699,-4.7743,-0.0089,-0.0055,0.0272101796407187,0.19704700598802383,0.1363,0.99941,0.2147,0.1489,0.1094,0.1251
632,4196300700241211520,296.298921,-8.011722,-2.2466,-4.9271,-0.011,-0.0045,-0.5203898203592812,0.04424700598802378,0.2844,0.98671,0.289,0.7239,0.5331,0.7089
633,4196300700235027840,296.299395,-8.011503,-1.5534,-5.9295,-0.0105,-0.0043,0.17281017964071888,-0.958152994011976,0.2164,0.97228,0.1932,0.8906,0.5627,0.7899
634,4196300695940256768,296.300385,-8.011246,-0.818,-5.5618,-0.0095,-0.004,0.9082101796407188,-0.5904529940119758,0.5253,0.97437,0.2468,0.915,0.6995,0.7446
635,4196300700235006080,296.303886,-8.015781,-3.2104,-6.0513,-0.0061,-0.0086,-1.4841898203592812,-1.0799529940119763,0.7233,0.95151,0.1427,1.0571,0.7269,0.8295
638,4196300700235003904,296.304314,-8.01625,-0.9461,-5.7229,-0.0056,-0.009,0.7801101796407187,-0.7515529940119761,1.5519,0.95799,0.3023,0.9174,0.6622,0.6791
640,4196300700235003520,296.305566,-8.015171,-0.6335,-5.2769,-0.0044,-0.0079,1.0927101796407188,-0.30555299401197633,-0.212,0.9805,0.4497,0.8692,0.6446,0.6942
641,4196300700235006720,296.30604,-8.013929,-0.7462,-4.6296,-0.0039,-0.0067,0.9800101796407188,0.3417470059880241,-1.3343,0.98848,0.3198,0.8667,0.6697,0.7274
643,4196300700235017472,296.302857,-8.012362,-0.6659,-4.0319,-0.0071,-0.0051,1.0603101796407186,0.9394470059880238,0.0648,0.97415,0.3113,1.0066,0.7429,0.8663
644,4196300695940287872,296.303469,-8.012356,-1.6189,-4.8844,-0.0065,-0.0051,0.10731017964071876,0.08694700598802374,-0.0276,0.99989,0.1652,0.1167,0.0843,0.1012
645,4196300700239887872,296.302656,-8.012016,-2.7245,-5.0629,-0.0073,-0.0048,-0.9982898203592812,-0.09155299401197592,-1.2692,0.9722,0.3925,1.4085,1.0718,1.2384
646,4196300700235024512,296.30153,-8.010964,-1.6314,-4.298,-0.0084,-0.0037,0.0948101796407188,0.673347005988024,0.1217,0.98757,0.4344,0.7942,0.6361,0.6487
648,4196300734599624192,296.306442,-8.012475,-1.7601,-4.9285,-0.0035,-0.0053,-0.03388982035928123,0.04284700598802438,0.1497,0.99996,0.129,0.0655,0.0471,0.0561
649,4196300734594747008,296.306964,-8.012096,-1.2168,-5.1073,-0.003,-0.0049,0.5094101796407187,-0.13595299401197636,-0.9645,0.99211,-0.269,0.9514,0.591,0.6945
650,4196300700235016064,296.304639,-8.011761,-1.7392,-5.4278,-0.0053,-0.0045,-0.012989820359281312,-0.45645299401197637,0.7639,0.98609,0.4008,1.003,0.7898,0.7499
651,4196300734599788160,296.306346,-8.010685,-1.7066,-4.8733,-0.0036,-0.0035,0.019610179640718872,0.09804700598802363,0.0591,0.99995,0.1546,0.0726,0.0545,0.0614
654,4196300695945938688,296.308117,-8.019411,-1.4419,-4.9101,-0.0019,-0.0122,0.2843101796407188,0.06124700598802413,0.1198,0.99813,0.2138,0.267,0.1923,0.2264
656,4196300695940287616,296.308671,-8.017169,-1.1678,-4.5609,-0.0013,-0.0099,0.5584101796407188,0.41044700598802386,-0.1646,0.96035,0.25,0.1573,0.121,0.1289
657,4196300528441188224,296.312689,-8.018314,-2.2012,-5.097,0.0027,-0.0111,-0.4749898203592813,-0.12565299401197638,-0.0964,0.99622,0.2547,0.485,0.3745,0.4087
658,4196300734599619968,296.311266,-8.017051,-2.7513,-4.5262,0.0013,-0.0098,-1.0250898203592813,0.4451470059880238,-0.2513,0.97643,0.3252,0.8319,0.6211,0.6542
659,4196300494076551936,296.312911,-8.021178,-1.7062,-4.7043,0.0029,-0.014,0.020010179640718828,0.2670470059880241,-0.0367,0.99848,0.1699,0.2541,0.1798,0.2173
660,4196300494076552192,296.313141,-8.020663,-0.7318,-5.373,0.0031,-0.0134,0.9944101796407188,-0.4016529940119762,1.3903,0.96006,0.2266,1.0669,0.6991,0.8096
661,4196300494076550528,296.313701,-8.020908,-2.311,-5.7986,0.0037,-0.0137,-0.5847898203592812,-0.8272529940119764,-0.2255,0.9716,0.1367,0.9412,0.6377,0.7723
662,4196300494076550656,296.314062,-8.020719,-1.3618,-4.8286,0.004,-0.0135,0.36441017964071887,0.14274700598802426,-0.7363,0.98428,0.1042,0.9122,0.5939,0.8012
664,4196300494076553728,296.313418,-8.019424,-2.0881,-5.0166,0.0034,-0.0122,-0.3618898203592811,-0.045252994011976355,-0.1153,0.9986,0.1733,0.3173,0.2324,0.2728
666,4196300524141596160,296.315066,-8.019492,-1.752,-5.0209,0.005,-0.0123,-0.025789820359281235,-0.049552994011976104,0.3104,0.99911,0.1991,0.1449,0.1065,0.125
667,4196300528441186816,296.315759,-8.019053,-1.3013,-5.0066,0.0057,-0.0118,0.42491017964071887,-0.03525299401197568,-0.6183,0.99573,0.0396,0.4551,0.3338,0.4546
668,4196300528436287360,296.31733,-8.019525,-2.5963,-5.2284,0.0073,-0.0123,-0.8700898203592811,-0.2570529940119757,-0.5373,0.96675,0.2606,1.2416,0.8924,0.8905
669,4196300528436286336,296.318061,-8.019425,-0.8867,-5.4351,0.008,-0.0122,0.8395101796407187,-0.4637529940119762,-0.073,0.97334,0.3429,0.7727,0.5938,0.641
670,4196300528436286208,296.317977,-8.019036,-2.6375,-5.0045,0.0079,-0.0118,-0.9112898203592814,-0.033152994011976133,-0.6409,0.98485,0.305,0.6916,0.5149,0.5856
673,4196300734594729600,296.312754,-8.016291,-2.4621,-5.7517,0.0027,-0.0091,-0.7358898203592812,-0.7803529940119756,0.585,0.98107,0.3296,0.8805,0.649,0.7038
674,4196300528436294528,296.315065,-8.016981,-1.0732,-3.9363,0.005,-0.0098,0.6530101796407188,1.035047005988024,-1.0483,0.9788,0.3212,0.7895,0.6008,0.6887
677,4196300528436817536,296.317899,-8.018229,-1.5236,-4.3414,0.0078,-0.011,0.2026101796407187,0.6299470059880239,0.1425,0.96526,0.1738,0.2998,0.219,0.2493
678,4196300528436294016,296.316185,-8.016482,-1.1939,-4.6672,0.0061,-0.0093,0.5323101796407188,0.3041470059880238,0.3022,0.98988,0.2955,0.7292,0.5439,0.6343
679,4196300528436818560,296.318289,-8.016174,-0.4598,-3.7801,0.0082,-0.009,1.2664101796407188,1.191247005988024,0.1308,0.95999,0.4202,1.2073,0.9608,0.8447
680,4196300700235519744,296.307854,-8.015573,-2.3373,-5.189,-0.0021,-0.0084,-0.6110898203592812,-0.21765299401197602,-2.9973,0.97759,0.0981,1.9261,1.2631,1.1535
681,4196300734594735488,296.309193,-8.015298,-2.2494,-4.6415,-0.0008,-0.0081,-0.5231898203592813,0.3298470059880243,-0.3783,0.98628,0.4003,0.8889,0.6658,0.69
682,4196300734594737664,296.308978,-8.014817,-2.0951,-5.6966,-0.001,-0.0076,-0.3688898203592812,-0.7252529940119761,1.0519,0.96357,0.5287,1.7727,1.4327,1.7175
683,4196300700235521152,296.307179,-8.013898,-1.3554,-5.2462,-0.0028,-0.0067,0.37081017964071883,-0.27485299401197594,2.4907,0.96255,0.3279,1.5406,1.1142,1.0567
684,4196300734594741120,296.307679,-8.01396,-1.7241,-5.028,-0.0023,-0.0067,0.002110179640718801,-0.056652994011975544,-0.1019,0.99948,0.23,0.2958,0.2157,0.2453
685,4196300734594739328,296.309302,-8.01342,-1.3376,-4.0235,-0.0007,-0.0062,0.38861017964071887,0.9478470059880237,-0.6281,0.98091,0.5879,1.4453,1.1367,0.9771
688,4196300730300025856,296.311458,-8.014418,-1.3895,-4.9352,0.0014,-0.0072,0.3367101796407188,0.036147005988024006,0.3486,0.99725,0.2131,0.3092,0.231,0.262
689,4196300734594747136,296.307352,-8.01192,-1.6559,-4.9327,-0.0026,-0.0047,0.07031017964071884,0.0386470059880244,-0.2216,0.99749,0.235,0.4823,0.3545,0.3944
690,4196300734594744192,296.308313,-8.012412,-1.484,-5.1444,-0.0017,-0.0052,0.24221017964071878,-0.17305299401197605,0.3553,0.99723,0.2123,0.4048,0.303,0.3412
691,4196300734599623680,296.308517,-8.011369,-3.4804,-6.3328,-0.0015,-0.0041,-1.7541898203592812,-1.3614529940119757,0.0061,0.97286,0.5039,1.112,0.9265,0.8317
694,4196300734594744832,296.310617,-8.01033,-0.8505,-5.1571,0.0006,-0.0031,0.8757101796407187,-0.18575299401197576,1.208,0.98602,0.1916,0.7308,0.5291,0.6209
695,4196300734599619712,296.31453,-8.014471,-1.7081,-5.0074,0.0045,-0.0072,0.018110179640718815,-0.03605299401197559,0.1143,0.99996,0.1877,0.0884,0.0647,0.076
696,4196300734594728064,296.314963,-8.015015,-1.7843,-5.296,0.0049,-0.0078,-0.05808982035928123,-0.3246529940119762,0.4864,0.99524,0.2114,0.3478,0.2506,0.2911
697,4196300528441355776,296.31622,-8.015273,-1.8674,-4.9653,0.0062,-0.0081,-0.14118982035928118,0.00604700598802399,0.1617,0.99991,0.1198,0.0897,0.0655,0.075
698,4196300524141558016,296.31802,-8.015337,-1.616,-4.5744,0.0079,-0.0081,0.11021017964071866,0.39694700598802424,0.3344,0.99101,0.0975,0.5403,0.389,0.4393
699,4196300734595252864,296.317174,-8.013194,-1.5338,-5.0591,0.0071,-0.006,0.19241017964071871,-0.0877529940119759,0.3772,0.98226,0.0499,1.0852,0.7169,0.8554
701,4196300734595257600,296.313758,-8.011296,-1.3888,-4.9377,0.0037,-0.0041,0.33741017964071873,0.033647005988023615,-0.0591,0.99248,0.1806,0.9458,0.6357,0.6889
703,4196300734599619456,296.318082,-8.012273,-1.8277,-5.005,0.008,-0.0051,-0.10148982035928134,-0.033652994011975856,0.1668,0.9999,0.1055,0.0839,0.0602,0.0702
704,4196300734595256576,296.315787,-8.010716,-1.6538,-5.3904,0.0057,-0.0035,0.07241017964071883,-0.4190529940119756,-0.068,0.99481,0.0265,0.5711,0.3803,0.4573
705,4196300734594735360,296.316509,-8.009734,-1.8263,-6.0567,0.0064,-0.0025,-0.10008982035928127,-1.0853529940119762,0.8683,0.97332,0.2009,0.9586,0.6559,0.7751
708,4196300768955010048,296.298032,-8.00958,-3.0952,-4.2793,-0.0119,-0.0024,-1.3689898203592814,0.6920470059880239,0.3956,0.95787,-0.0212,1.1079,0.7701,0.8842
709,4196300768959371264,296.29602,-8.009227,-1.8421,-4.924,-0.0138,-0.002,-0.1158898203592813,0.04734700598802366,0.1563,0.99982,0.2241,0.0865,0.065,0.0741
710,4196300768954520192,296.295891,-8.008155,-1.3951,-4.6856,-0.014,-0.0009,0.33111017964071876,0.28574700598802405,0.1663,0.97776,0.4875,1.1099,0.894,0.8266
711,4196300768959368704,296.299452,-8.009424,-1.4043,-5.0443,-0.0104,-0.0022,0.32191017964071866,-0.07295299401197575,1.2823,0.98394,0.2558,0.7848,0.6132,0.6529
714,4196300768954509696,296.300237,-8.0089,-1.0316,-3.4535,-0.0097,-0.0017,0.6946101796407187,1.517847005988024,-1.7845,0.95304,0.2915,0.9191,0.6202,0.7918
715,4196300730299257216,296.301305,-8.00892,-1.6102,-5.0174,-0.0086,-0.0017,0.11601017964071869,-0.04605299401197627,0.0681,0.99989,0.1724,0.0953,0.0672,0.0845
717,4196300803319108736,296.301246,-8.006075,-2.0403,-5.9356,-0.0087,0.0011,-0.314089820359281,-0.964252994011976,0.2782,0.97319,0.3611,1.2383,0.9578,0.872
718,4196300695941137920,296.301558,-8.00977,-2.0107,-4.9426,-0.0084,-0.0025,-0.28448982035928116,0.028747005988024377,0.1762,0.99941,0.1404,0.1453,0.1039,0.1242
719,4196300803314247680,296.301899,-8.00777,-1.9261,-4.9413,-0.008,-0.0005,-0.19988982035928116,0.03004700598802401,0.597,0.99665,0.2102,0.3051,0.2144,0.2602
720,4196300734594769536,296.302269,-8.008127,-2.5688,-4.8302,-0.0077,-0.0009,-0.8425898203592812,0.14114700598802443,0.6294,0.9763,0.6134,1.0799,0.8742,0.7387
722,4196300734594762240,296.305587,-8.007903,-1.2005,-4.9356,-0.0044,-0.0007,0.5257101796407189,0.03574700598802405,0.1218,0.99482,0.1909,0.5715,0.4116,0.5095
723,4196300799020353152,296.301807,-8.00718,-1.7991,-4.9357,-0.0081,0.0,-0.07288982035928115,0.03564700598802428,0.1942,0.99941,0.2443,0.2338,0.1704,0.1999
724,4196300803314247808,296.302462,-8.007172,-1.6686,-4.3177,-0.0075,0.0,0.057610179640718684,0.6536470059880237,-0.1694,0.9891,0.0984,0.7032,0.4508,0.5446
726,4196300803314249344,296.303074,-8.006117,-1.5982,-5.4619,-0.0069,0.0011,0.1280101796407187,-0.49055299401197594,-0.3155,0.99018,0.3525,0.7883,0.6211,0.6966
727,4196300803314249472,296.30343,-8.005964,-0.3515,-3.6492,-0.0065,0.0013,1.3747101796407188,1.322147005988024,-0.4448,0.95127,0.0429,1.0013,0.6405,0.7934
728,4196300803314252288,296.303138,-8.005607,-2.5406,-6.2346,-0.0068,0.0016,-0.8143898203592812,-1.2632529940119763,0.6217,0.97311,0.5378,1.1886,0.8892,0.8721
729,4196300803314248192,296.304185,-8.005719,-3.0523,-5.2502,-0.0058,0.0015,-1.326089820359281,-0.2788529940119764,-0.077,0.95592,0.2561,0.4351,0.3292,0.3689
730,4196300734599628800,296.304835,-8.007145,-2.674,-6.2231,-0.0051,0.0001,-0.9477898203592812,-1.2517529940119756,-0.3135,0.98185,0.7558,0.4047,0.3706,0.253
731,4196300734594760832,296.306775,-8.007233,-0.5865,-4.9515,-0.0032,-0.0,1.1397101796407187,0.019847005988023803,-1.5358,0.99222,0.3452,0.7579,0.5685,0.6053
732,4196300734599628928,296.306477,-8.005873,-1.6328,-5.015,-0.0035,0.0013,0.09341017964071874,-0.04365299401197564,0.1177,0.99992,0.1607,0.0391,0.0284,0.034
733,4196300803314249856,296.305088,-8.004663,-1.1356,-5.4314,-0.0049,0.0026,0.5906101796407188,-0.46005299401197597,1.2043,0.97971,0.2158,1.1246,0.8075,0.9012
736,4196300803319111680,296.29863,-8.003313,-1.842,-4.9732,-0.0113,0.0039,-0.11578982035928131,-0.00185299401197625,0.0383,0.99994,0.1846,0.0872,0.0642,0.0745
737,4196300803320427264,296.296519,-8.002506,-1.774,-3.7901,-0.0133,0.0047,-0.047789820359281254,1.1812470059880242,-2.0565,0.96237,0.3885,0.9663,0.7074,0.7944
739,4196300799019615488,296.300734,-8.003427,-1.88,-4.9018,-0.0092,0.0038,-0.15378982035928113,0.06954700598802432,0.0555,0.99988,0.2032,0.0913,0.0675,0.0801
741,4196300799019496960,296.296172,-7.999954,-1.9368,-5.1266,-0.0137,0.0073,-0.2105898203592813,-0.1552529940119758,-0.0989,0.99771,0.2957,0.33,0.2428,0.2766
742,4196300799019495168,296.300318,-8.001289,-2.5117,-4.8446,-0.0096,0.0059,-0.785489820359281,0.12674700598802424,-0.0369,0.98757,0.3821,0.5831,0.4626,0.4701
743,4196300803314267136,296.301124,-7.998644,-1.8927,-5.0448,-0.0088,0.0086,-0.16648982035928128,-0.07345299401197636,-0.0696,0.99939,0.2334,0.2642,0.1995,0.2209
744,4196300803314259328,296.301796,-8.003116,-1.8922,-4.9453,-0.0081,0.0041,-0.16598982035928134,0.026047005988024452,-0.0807,0.99931,0.2491,0.2452,0.1847,0.2167
745,4196300803319109248,296.304096,-8.003393,-1.0713,-4.6788,-0.0058,0.0038,0.6549101796407188,0.2925470059880242,0.7543,0.98917,0.2205,0.4985,0.3751,0.4259
746,4196300803314258176,296.303062,-8.002735,-1.7956,-6.7233,-0.0069,0.0045,-0.06938982035928132,-1.751952994011976,0.7624,0.95209,0.4057,1.3064,0.9973,0.8967
747,4196300803314258048,296.304101,-8.002045,-1.0538,-5.3343,-0.0058,0.0052,0.6724101796407187,-0.3629529940119758,0.3936,0.98719,0.3708,0.7582,0.5812,0.6463
748,4196300803314254592,296.304775,-8.003584,-1.7047,-4.5704,-0.0052,0.0036,0.021510179640718663,0.4009470059880238,-0.2923,0.99708,0.199,0.4052,0.2973,0.368
750,4196300803314749568,296.305672,-8.002275,-3.1159,-5.8,-0.0043,0.0049,-1.3896898203592811,-0.8286529940119758,0.5493,0.97449,0.3218,0.9429,0.7133,0.7238
754,4196300799019615616,296.302602,-8.000157,-1.7868,-4.8665,-0.0073,0.0071,-0.06058982035928118,0.10484700598802377,0.2991,0.99906,0.1872,0.126,0.0924,0.1089
755,4196300803319111168,296.302987,-8.00049,-0.0064,-5.4,-0.0069,0.0067,1.7198101796407188,-0.4286529940119763,-1.8641,0.95994,0.4162,0.8117,0.6333,0.677
756,4196300803314264576,296.301709,-7.999228,-1.9003,-4.8242,-0.0082,0.008,-0.17408982035928133,0.14714700598802377,0.1939,0.99217,0.2278,0.5843,0.4425,0.4895
759,4196300803314751488,296.305646,-8.000475,-0.6323,-5.3214,-0.0043,0.0067,1.093910179640719,-0.35005299401197565,1.1915,0.97338,0.2004,1.245,0.7878,0.8722
760,4196300803314752000,296.305643,-7.999346,-2.9117,-5.4925,-0.0043,0.0079,-1.1854898203592814,-0.5211529940119757,0.9177,0.97119,0.3947,1.3115,0.9885,0.9034
761,4196300803314260480,296.306618,-7.998163,-0.9463,-4.2259,-0.0033,0.0091,0.7799101796407187,0.7454470059880238,1.0646,0.95367,-0.2323,1.8884,1.1635,1.9103
763,4196300734594753152,296.308265,-8.00925,-1.8802,-5.9291,-0.0017,-0.002,-0.15398982035928133,-0.957752994011976,0.7185,0.97771,0.7483,1.4302,1.2968,0.8731
764,4196300734594748288,296.309533,-8.009932,-1.9058,-4.2804,-0.0005,-0.0027,-0.17958982035928117,0.6909470059880238,0.1622,0.98831,0.0382,0.3927,0.2667,0.3104
766,4196300734594756992,296.308097,-8.007344,-4.873,-4.7526,-0.0019,-0.0001,-3.1467898203592815,0.21874700598802388,-3.5365,0.95799,0.3122,1.976,1.2762,1.5694
767,4196300734595264896,296.309501,-8.007844,-2.8327,-5.3453,-0.0005,-0.0006,-1.1064898203592812,-0.3739529940119759,0.085,0.98717,0.3009,0.8908,0.668,0.6797
768,4196300734599787648,296.312232,-8.008608,-1.7247,-4.9511,0.0022,-0.0014,0.0015101796407188672,0.02024700598802376,0.0736,0.99999,0.0413,0.0379,0.0269,0.0312
770,4196300730300876800,296.307315,-8.007106,-1.8781,-5.001,-0.0027,0.0001,-0.15188982035928134,-0.029652994011976297,-0.0125,0.99996,0.2186,0.0859,0.0643,0.0723
772,4196300734594763264,296.307618,-8.006032,-2.1007,-4.7059,-0.0024,0.0012,-0.374489820359281,0.2654470059880243,0.3741,0.99245,0.2192,0.681,0.4945,0.6021
774,4196300734595268608,296.307598,-8.005346,-0.1784,-5.2841,-0.0024,0.0019,1.5478101796407189,-0.31275299401197554,-0.8341,0.98331,0.2079,1.0556,0.7517,0.8393
775,4196300734595268736,296.308073,-8.004959,-2.0069,-4.3305,-0.0019,0.0023,-0.28068982035928114,0.6408470059880242,0.3688,0.9833,0.2182,1.0038,0.7845,0.8475
776,4196300730300876928,296.308609,-8.004867,-1.7027,-4.9825,-0.0014,0.0024,0.023510179640718665,-0.011152994011975892,-0.1011,0.99982,0.0422,0.1813,0.1303,0.1577
777,4196300734595267968,296.309285,-8.004815,-1.9827,-5.1289,-0.0007,0.0024,-0.25648982035928114,-0.15755299401197576,0.5472,0.99687,0.0983,0.3558,0.2564,0.2859
778,4196300734595267328,296.309847,-8.00496,-3.2586,-6.4383,-0.0002,0.0023,-1.5323898203592812,-1.4669529940119759,1.3906,0.96229,0.6852,2.2201,1.7819,1.2479
779,4196300734595267712,296.310071,-8.004414,-2.7039,-4.1078,0.0001,0.0028,-0.9776898203592812,0.8635470059880239,1.2183,0.95999,0.4921,1.3818,1.0087,0.8707
780,4196300734599626368,296.312018,-8.004584,-1.9014,-5.054,0.002,0.0026,-0.1751898203592812,-0.08265299401197623,-0.8012,0.99566,0.232,0.8387,0.6006,0.7041
782,4196300730305682048,296.314818,-8.00896,-1.6832,-5.0432,0.0048,-0.0017,0.04301017964071874,-0.07185299401197565,0.0656,0.99975,0.1053,0.2103,0.1529,0.1719
783,4196300730300002432,296.315138,-8.008167,-1.1966,-5.2207,0.0051,-0.0009,0.5296101796407187,-0.24935299401197586,0.2077,0.98747,0.2778,0.9652,0.6842,0.7621
785,4196300730300002560,296.317223,-8.008591,-1.7346,-4.1793,0.0072,-0.0014,-0.008389820359281153,0.7920470059880245,-0.3994,0.96438,0.1972,0.3423,0.2434,0.28
786,4196300734600946688,296.317594,-8.006697,0.1974,-5.6164,0.0075,0.0005,1.9236101796407188,-0.6450529940119756,-4.074,0.9764,0.2107,1.173,0.8099,1.0338
787,4196300730300026496,296.31286,-8.006818,-1.4703,-5.082,0.0028,0.0004,0.2559101796407188,-0.11065299401197581,0.0823,0.99938,0.0515,0.1933,0.1342,0.1561
788,4196300734594748928,296.313277,-8.006656,-1.6351,-4.6066,0.0032,0.0006,0.09111017964071877,0.3647470059880238,-0.3204,0.98897,0.0687,0.9897,0.6562,0.8787
789,4196300734594749696,296.313492,-8.006157,-1.6123,-3.4647,0.0035,0.0011,0.1139101796407187,1.506647005988024,0.2856,0.96164,0.1174,1.6107,1.2182,1.1935
790,4196300734594753280,296.312733,-8.005687,-2.8545,-4.5165,0.0027,0.0015,-1.128289820359281,0.4548470059880243,-1.6066,0.99203,-0.0164,0.6629,0.4569,0.5173
791,4196300734594750336,296.31419,-8.005445,-2.5442,-5.0655,0.0041,0.0018,-0.8179898203592813,-0.09415299401197608,0.2832,0.99358,0.1705,0.5066,0.3571,0.4109
792,4196300734594754944,296.314146,-8.00376,-0.5036,-4.354,0.0041,0.0035,1.2226101796407187,0.617347005988024,1.4225,0.95963,0.3234,2.1075,1.3715,1.3913
793,4196300734599624960,296.315413,-8.00421,-1.9438,-4.9729,0.0054,0.003,-0.2175898203592812,-0.001552994011976061,0.3638,0.99839,0.2242,0.2616,0.1901,0.218
794,4196300730300011648,296.317844,-8.005127,-1.5625,-4.9442,0.0078,0.0021,0.16371017964071877,0.027147005988023665,0.5411,0.99532,0.2039,0.459,0.3281,0.3843
795,4196300734594747264,296.31609,-8.004922,-2.016,-5.1154,0.006,0.0023,-0.28978982035928125,-0.14405299401197613,0.4049,0.98393,0.5534,1.3213,1.0313,0.8313
796,4196300837678839040,296.317495,-8.003462,-1.9673,-5.137,0.0074,0.0038,-0.24108982035928128,-0.16565299401197553,-0.0051,0.99933,0.2791,0.2189,0.1591,0.1836
797,4196300837673961984,296.317971,-8.003559,-2.4487,-4.5631,0.0079,0.0037,-0.7224898203592813,0.40824700598802366,-0.2698,0.98926,0.2954,0.5573,0.4325,0.4153
798,4196300734599789184,296.30938,-8.003941,-0.8796,-4.6517,-0.0006,0.0033,0.8466101796407187,0.3196470059880241,-0.1445,0.98004,-0.0958,1.3564,0.9558,1.0281
799,4196300734595270144,296.309345,-8.002093,-1.0442,-4.4965,-0.0006,0.0051,0.6820101796407187,0.4748470059880239,1.0397,0.9855,0.1166,0.619,0.4344,0.5028
800,4196300734599789056,296.309917,-8.00368,-1.7145,-4.9429,-0.0001,0.0035,0.011710179640718854,0.028447005988024188,0.1034,0.99999,0.065,0.0457,0.0327,0.0383
802,4196300734594770432,296.310231,-8.001306,-1.794,-5.2133,0.0002,0.0059,-0.06778982035928127,-0.24195299401197623,0.5516,0.99298,0.2734,0.7424,0.5517,0.5867
803,4196300734594763904,296.312305,-8.00199,-2.0854,-4.5791,0.0023,0.0052,-0.35918982035928115,0.39224700598802364,0.3589,0.99352,0.2174,0.3538,0.2542,0.2944
806,4196300803314255232,296.308528,-8.000372,-0.5913,-4.5098,-0.0015,0.0068,1.1349101796407188,0.4615470059880238,-0.1535,0.98497,0.2395,0.869,0.6157,0.6702
808,4196300803314259072,296.307726,-7.998438,-1.1612,-5.1648,-0.0023,0.0088,0.5650101796407188,-0.19345299401197558,0.1784,0.99313,0.2119,0.5893,0.44,0.5005
809,4196300803319107712,296.310371,-7.999409,-1.7675,-5.0543,0.0004,0.0078,-0.041289820359281304,-0.08295299401197553,0.0103,0.99994,0.1608,0.0564,0.041,0.0485
811,4196300734594769920,296.312686,-7.999613,-1.2051,-4.7055,0.0027,0.0076,0.5211101796407187,0.26584700598802424,0.5041,0.99247,0.2437,0.5151,0.3752,0.4165
812,4196300803314252032,296.31124,-7.999249,-2.0621,-5.6166,0.0012,0.008,-0.3358898203592813,-0.645252994011976,-0.1414,0.98911,0.3254,0.7567,0.5609,0.6409
813,4196300803314252672,296.311478,-7.998702,-4.4587,-5.3553,0.0015,0.0085,-2.7324898203592816,-0.3839529940119757,-2.5361,0.95811,0.2682,1.2085,0.8268,0.8198
814,4196300906393468928,296.312426,-7.997774,-1.7472,-4.2143,0.0024,0.0094,-0.02098982035928132,0.7570470059880243,0.6243,0.97916,0.4427,0.7198,0.5555,0.5594
816,4196300734594755968,296.313664,-8.003618,-2.2712,-3.4239,0.0036,0.0036,-0.5449898203592811,1.5474470059880239,-0.6864,0.95982,0.1838,1.2235,0.8655,0.9394
818,4196300734594753792,296.315441,-8.003393,-1.6741,-4.7488,0.0054,0.0038,0.052110179640718846,0.2225470059880239,-0.1154,0.99677,0.2742,0.5764,0.4217,0.4866
821,4196300837673973760,296.315783,-8.000828,-0.5934,-4.1707,0.0057,0.0064,1.1328101796407188,0.800647005988024,-0.7385,0.9861,0.4085,0.6844,0.5316,0.5341
822,4196300837673971200,296.316856,-8.000619,-1.5321,-3.7235,0.0068,0.0066,0.19411017964071875,1.247847005988024,-3.5136,0.96259,0.3949,1.6261,1.2687,1.3729
823,4196300833385769600,296.317931,-8.00173,-1.7513,-4.9775,0.0079,0.0055,-0.025089820359281312,-0.0061529940119759985,0.0298,0.99998,0.1606,0.0725,0.0538,0.0609
824,4196300833380092544,296.317198,-8.000566,-1.7789,-4.6978,0.0071,0.0067,-0.05268982035928116,0.27354700598802406,0.3534,0.99671,0.198,0.2564,0.1786,0.2016
825,4196300837678844672,296.31439,-7.99862,-1.6398,-4.6502,0.0043,0.0086,0.08641017964071884,0.32114700598802415,0.7106,0.98703,0.316,0.7484,0.5495,0.613
827,4196300833379241856,296.315787,-8.000157,-1.7877,-4.8541,0.0057,0.0071,-0.0614898203592813,0.11724700598802418,0.02,0.99731,0.2543,0.4133,0.3048,0.3434
828,4196300837678843648,296.315862,-7.999085,-1.8536,-3.8194,0.0058,0.0081,-0.12738982035928115,1.1519470059880241,0.5444,0.95803,0.3936,1.4192,1.0874,1.1068
830,4196300837678843264,296.31722,-7.998407,-1.6837,-4.8835,0.0072,0.0088,0.04251017964071879,0.08784700598802431,0.16,0.99984,0.2459,0.085,0.0635,0.0716
831,4196300524141549440,296.319266,-8.020438,-1.3884,-4.8347,0.0092,-0.0132,0.3378101796407187,0.13664700598802426,0.1162,0.9968,0.188,0.1682,0.1238,0.1464
832,4196300524141551104,296.321374,-8.019769,-1.9568,-5.0548,0.0113,-0.0125,-0.23058982035928133,-0.08345299401197614,0.1364,0.99938,0.0731,0.1386,0.0988,0.1167
834,4196300528441355520,296.320409,-8.016732,-1.6094,-5.4395,0.0103,-0.0095,0.11681017964071883,-0.46815299401197574,0.2606,0.98228,0.1902,0.9091,0.6449,0.7299
835,4196300528436817024,296.320128,-8.016262,-1.7505,-5.5397,0.01,-0.009,-0.024289820359281178,-0.5683529940119758,-0.3433,0.9645,0.266,1.381,0.9927,1.0938
836,4196300524141555968,296.322192,-8.016509,-1.2977,-4.8087,0.0121,-0.0093,0.4285101796407187,0.16264700598802406,-2.2708,0.99319,0.2311,0.6406,0.4564,0.5073
838,4196300524141551232,296.324125,-8.020152,-1.5361,-4.9347,0.014,-0.0129,0.19011017964071875,0.03664700598802373,0.2875,0.99712,0.1754,0.1844,0.1404,0.1491
840,4196300528436276096,296.327776,-8.020757,-1.686,-4.788,0.0176,-0.0135,0.040210179640718824,0.18334700598802378,-0.4109,0.99586,0.262,0.4148,0.3197,0.3422
844,4196300528436277888,296.329499,-8.016669,-1.0455,-5.1395,0.0193,-0.0094,0.6807101796407187,-0.16815299401197592,-0.4389,0.95795,0.2292,1.1104,0.8655,0.8389
846,4196300524141561856,296.321462,-8.013791,-1.5948,-4.879,0.0113,-0.0066,0.13141017964071877,0.09234700598802448,0.2194,0.99925,0.1775,0.1629,0.119,0.1401
847,4196300734594727168,296.319296,-8.011819,-1.1184,-5.1949,0.0092,-0.0046,0.6078101796407187,-0.2235529940119756,-0.0706,0.99345,0.1847,0.571,0.4026,0.4583
848,4196300734595254784,296.319356,-8.009731,-1.4479,-5.2159,0.0093,-0.0025,0.2783101796407188,-0.2445529940119764,1.2006,0.98165,0.1757,1.0557,0.7468,0.7999
853,4196300528436294784,296.323412,-8.01029,-1.7005,-4.6122,0.0133,-0.0031,0.025710179640718867,0.3591470059880244,0.2328,0.99331,0.2255,0.4917,0.3695,0.4102
854,4196300528436288768,296.32447,-8.012427,-0.7429,-4.3006,0.0143,-0.0052,0.9833101796407188,0.6707470059880238,0.318,0.96887,0.3026,0.8464,0.6165,0.6823
855,4196300631516030848,296.328698,-8.012097,-2.5875,-5.7231,0.0185,-0.0049,-0.8612898203592811,-0.7517529940119756,-0.0651,0.95539,0.3518,1.1094,0.8772,0.8296
860,4196300524147266176,296.332034,-8.016254,-1.6513,-4.6705,0.0218,-0.009,0.07491017964071878,0.3008470059880244,0.1058,0.9832,0.4102,0.5632,0.4511,0.4224
862,4196300631520398592,296.333577,-8.016793,-1.8137,-5.0533,0.0233,-0.0096,-0.08748982035928132,-0.08195299401197609,0.2507,0.99775,0.4234,0.0924,0.0795,0.0712
863,4196300627220772992,296.334091,-8.017402,-1.8349,-5.0711,0.0239,-0.0102,-0.10868982035928121,-0.09975299401197635,0.0832,0.99984,0.5552,0.0813,0.0731,0.0566
872,4196300631520400256,296.335233,-8.00937,-1.7584,-4.9273,0.025,-0.0021,-0.032189820359281196,0.044047005988024246,0.037,0.99985,0.4197,0.1016,0.0873,0.0777
875,4196300734599620096,296.320955,-8.008637,-1.6642,-4.9602,0.0108,-0.0014,0.062010179640718865,0.01114700598802365,0.1515,0.9999,0.1851,0.0742,0.0544,0.0641
876,4196300734594732800,296.319837,-8.008492,-0.8187,-4.5902,0.0097,-0.0013,0.9075101796407188,0.38114700598802376,2.1749,0.9654,0.7336,1.1037,0.9906,0.7797
878,4196300734594729728,296.322746,-8.008305,-1.2525,-5.4179,0.0126,-0.0011,0.4737101796407188,-0.44655299401197635,-0.4362,0.97634,0.3132,1.3972,0.8722,0.9303
879,4196300833379222912,296.323657,-8.006595,-1.6458,-4.8764,0.0135,0.0006,0.08041017964071884,0.09494700598802375,0.1403,0.99948,0.3146,0.1938,0.1462,0.1544
880,4196300837673952000,296.3207,-8.005721,-2.1507,-4.8142,0.0106,0.0015,-0.4244898203592813,0.15714700598802445,-0.0951,0.98538,0.2015,0.1049,0.0775,0.0911
882,4196300833379242112,296.31979,-8.004055,-1.854,-5.2621,0.0097,0.0032,-0.12778982035928133,-0.2907529940119762,0.8102,0.98381,0.2129,0.292,0.215,0.2541
883,4196300837673957504,296.320066,-8.003608,-2.0237,-5.3338,0.01,0.0036,-0.29748982035928107,-0.36245299401197606,-0.5028,0.9767,0.7132,1.3358,1.1776,1.0278
888,4196300631515511552,296.325706,-8.007291,0.1485,-4.9284,0.0156,-0.0001,1.8747101796407188,0.042947005988024145,-3.5802,0.95766,-0.0296,1.5418,0.9673,1.2238
890,4196300627220789760,296.329304,-8.007622,-0.8404,-4.8545,0.0191,-0.0004,0.8858101796407187,0.11684700598802422,-0.2335,0.98118,0.3072,0.5799,0.434,0.4586
891,4196300627220790272,296.327756,-8.007303,-1.4732,-5.1275,0.0176,-0.0001,0.2530101796407187,-0.15615299401197635,0.3917,0.99197,0.297,0.3601,0.271,0.2849
892,4196300833379226624,296.325579,-8.005248,-1.6423,-4.9521,0.0154,0.002,0.08391017964071867,0.019247005988024313,0.3152,0.99845,0.2293,0.1923,0.1439,0.16
893,4196300837673948288,296.326187,-8.003304,-1.7952,-5.0704,0.016,0.0039,-0.06898982035928114,-0.0990529940119762,0.1555,0.99175,0.2715,0.61,0.4534,0.5079
894,4196300833379226496,296.326997,-8.005317,-1.9399,-5.1176,0.0168,0.0019,-0.2136898203592812,-0.14625299401197633,0.2181,0.99824,0.2205,0.2154,0.1561,0.1789
895,4196300833379229952,296.327902,-8.003263,-1.9814,-4.5349,0.0177,0.004,-0.2551898203592813,0.43644700598802366,-0.1027,0.98934,0.2188,0.382,0.2828,0.3225
896,4196300837678838912,296.318816,-8.002887,-2.2759,-5.7863,0.0087,0.0043,-0.5496898203592813,-0.8149529940119757,0.2536,0.98529,0.3635,0.6696,0.5173,0.5626
897,4196300837673964416,296.318692,-8.002298,-1.6734,-5.7694,0.0086,0.0049,0.05281017964071877,-0.798052994011976,0.7298,0.97935,0.3309,0.6354,0.4785,0.5222
898,4196300837673958784,296.321061,-8.00198,-1.796,-4.9457,0.011,0.0052,-0.06978982035928127,0.025647005988023608,0.0896,0.99994,0.2127,0.0854,0.0624,0.0716
900,4196300837673964672,296.320256,-8.000892,-1.1992,-5.1012,0.0102,0.0063,0.5270101796407187,-0.12985299401197636,0.6504,0.98401,0.1738,0.9147,0.6428,0.7642
902,4196300837673958912,296.321566,-8.002035,-1.7168,-5.0975,0.0115,0.0052,0.009410179640718663,-0.1261529940119761,0.1374,0.9996,0.3935,0.1309,0.1026,0.1008
904,4196300837673955200,296.323404,-8.001827,-2.3427,-4.55,0.0133,0.0054,-0.616489820359281,0.4213470059880242,-0.404,0.97346,0.3307,0.9734,0.676,0.784
905,4196300837673962624,296.321898,-8.000209,-2.0484,-5.1735,0.0118,0.007,-0.32218982035928123,-0.20215299401197573,0.2666,0.98295,0.2487,0.8486,0.5906,0.6922
906,4196300837674481280,296.318524,-7.998919,-0.6364,-5.9993,0.0084,0.0083,1.0898101796407187,-1.0279529940119758,0.0847,0.95831,0.1381,1.4261,0.9643,0.9383
907,4196300837673967616,296.320608,-7.999544,-1.7604,-4.2496,0.0105,0.0077,-0.0341898203592812,0.721747005988024,-1.0063,0.97098,0.3896,1.4072,1.0427,0.925
908,4196300837673974784,296.318886,-7.997908,-1.3536,-5.3754,0.0088,0.0093,0.37261017964071885,-0.4040529940119759,0.4452,0.98483,0.1716,0.8229,0.5674,0.6684
909,4196300837678839808,296.321642,-7.999541,-1.7022,-4.9913,0.0115,0.0077,0.02401017964071883,-0.01995299401197581,0.0268,0.99995,0.1984,0.0888,0.0659,0.0757
910,4196300833379236352,296.323672,-7.999126,-2.3599,-5.1248,0.0135,0.0081,-0.6336898203592813,-0.15345299401197554,0.4412,0.98217,0.1828,0.3103,0.2258,0.257
911,4196300837673969664,296.322172,-7.997674,-1.7633,-5.2239,0.0121,0.0095,-0.03708982035928132,-0.2525529940119764,0.626,0.98355,0.3371,0.7927,0.5906,0.6583
913,4196300837673952128,296.32517,-8.002444,-2.2067,-4.8384,0.015,0.0048,-0.48048982035928134,0.132947005988024,0.9072,0.96771,-0.1841,1.0938,0.6556,0.8246
916,4196300833379234048,296.328299,-8.001041,-1.6844,-4.5279,0.0181,0.0062,0.04181017964071887,0.4434470059880242,-0.1348,0.98788,0.1993,0.4983,0.3554,0.4016
917,4196300837678837504,296.327708,-7.99879,-1.4653,-5.7667,0.0175,0.0084,0.2609101796407187,-0.7953529940119761,-1.1699,0.96838,0.1666,0.9911,0.614,0.7305
923,4196300631515509760,296.330701,-8.004498,-1.7696,-4.389,0.0205,0.0027,-0.043389820359281295,0.5823470059880238,-0.3675,0.97422,0.3536,0.748,0.587,0.658
924,4196300627220799616,296.331823,-8.003455,-1.4279,-4.9974,0.0216,0.0038,0.2983101796407188,-0.026052994011975805,0.5268,0.97787,0.3066,0.6308,0.4738,0.4989
931,4196300837673944320,296.329893,-8.002396,-1.3458,-4.7309,0.0197,0.0048,0.38041017964071866,0.24044700598802393,0.0697,0.96492,0.2781,1.0259,0.7664,0.824
933,4196300837673945216,296.332029,-8.000689,-1.8396,-5.5233,0.0218,0.0065,-0.11338982035928113,-0.5519529940119758,-0.1757,0.97704,0.4306,0.6522,0.5062,0.5218
937,4196300631515514368,296.333813,-7.999621,-1.5977,-5.325,0.0236,0.0076,0.12851017964071887,-0.35365299401197614,-0.4188,0.96521,0.2893,0.8919,0.6462,0.6823
940,4196300833379238144,296.329922,-7.997968,-1.5782,-4.9737,0.0197,0.0093,0.14801017964071872,-0.002352994011975973,0.3011,0.99597,0.2744,0.254,0.1869,0.2149
941,4196300872038573952,296.333096,-7.998134,-2.0938,-5.053,0.0229,0.0091,-0.3675898203592811,-0.0816529940119759,0.0778,0.99587,0.4085,0.2465,0.2041,0.2002
942,4196300867738975488,296.334731,-7.998636,-1.7927,-5.0008,0.0245,0.0086,-0.0664898203592812,-0.029452994011975875,-0.0624,0.99663,0.3409,0.3162,0.2584,0.2606
943,4196300631515506816,296.336256,-8.001447,-2.0629,-5.2128,0.026,0.0058,-0.3366898203592812,-0.24145299401197562,0.0026,0.95122,0.4661,0.9023,0.7841,0.7466
948,4196300661579787904,296.336458,-7.997847,-1.7571,-4.8165,0.0262,0.0094,-0.03088982035928134,0.15484700598802448,0.2088,0.99688,0.3555,0.1622,0.1339,0.1391
955,4196300799018744704,296.299796,-7.99567,-1.7647,-4.7111,-0.0101,0.0116,-0.03848982035928117,0.26024700598802397,0.5681,0.98203,0.2435,0.7156,0.5293,0.5841
956,4196300803314756480,296.301075,-7.995681,-1.4472,-5.2695,-0.0088,0.0115,0.2790101796407187,-0.2981529940119758,0.0039,0.95648,0.795,1.8814,1.8446,0.9336
957,4196300799019505024,296.298096,-7.995173,-0.9259,-5.1918,-0.0118,0.012,0.8003101796407188,-0.2204529940119757,0.991,0.96332,0.2504,0.8461,0.6234,0.6999
958,4196300803314266368,296.301924,-7.998218,-1.5284,-4.6124,-0.008,0.009,0.1978101796407188,0.358947005988024,-0.4973,0.9742,-0.0255,1.2637,0.8151,0.9513
960,4196300803314754432,296.302906,-7.996602,-1.5352,-4.7439,-0.007,0.0106,0.19101017964071887,0.22744700598802403,0.1182,0.98894,0.254,0.6888,0.5101,0.5657
962,4196300803314753920,296.304438,-7.996435,-2.0484,-5.0348,-0.0055,0.0108,-0.32218982035928123,-0.06345299401197568,0.7473,0.98824,0.0945,0.7416,0.5264,0.61
965,4196300799018748032,296.302766,-7.993341,-1.9433,-4.93,-0.0072,0.0139,-0.21708982035928126,0.04134700598802432,0.0834,0.99931,0.1618,0.1968,0.1479,0.1699
969,4196303753956257280,296.298176,-7.988268,-1.7149,-4.7398,-0.0117,0.019,0.011310179640718676,0.23154700598802425,0.1772,0.99582,0.0632,0.149,0.1085,0.1222
970,4196303861330999808,296.300365,-7.987762,-1.1253,-4.8932,-0.0095,0.0195,0.6009101796407188,0.07814700598802382,-0.6866,0.98548,0.4037,0.6692,0.5187,0.5275
973,4196300902097970176,296.306498,-7.990055,-0.727,-5.4099,-0.0035,0.0172,0.9992101796407188,-0.43855299401197634,-0.2807,0.96514,0.2754,0.7509,0.534,0.6252
974,4196300906398330240,296.306373,-7.98944,-0.8676,-4.7218,-0.0036,0.0178,0.8586101796407187,0.24954700598802404,-0.3385,0.97717,0.4387,0.8858,0.6784,0.6457
976,4196300902097978496,296.306253,-7.986338,-1.359,-4.7492,-0.0037,0.0209,0.3672101796407188,0.22214700598802395,-0.2087,0.99667,0.289,0.2627,0.1956,0.2183
977,4196300803319110656,296.307292,-7.997978,-2.1419,-5.0305,-0.0027,0.0092,-0.41568982035928137,-0.059152994011975935,0.0046,0.99905,0.229,0.2101,0.1573,0.1804
978,4196300803319110784,296.308445,-7.9967,-1.6898,-4.852,-0.0015,0.0105,0.0364101796407188,0.11934700598802372,0.0351,0.99991,0.2918,0.0921,0.071,0.0801
979,4196300803314258944,296.309208,-7.997277,-2.0215,-4.1659,-0.0008,0.0099,-0.2952898203592813,0.8054470059880243,-0.1037,0.97972,0.3336,0.8974,0.6714,0.6782
980,4196300906393477632,296.308615,-7.995627,-2.0846,-5.1582,-0.0014,0.0116,-0.35838982035928124,-0.18685299401197586,0.2474,0.99766,0.2501,0.2513,0.1895,0.2183
983,4196300902098721024,296.30777,-7.994358,-1.639,-4.7849,-0.0022,0.0129,0.08721017964071875,0.18644700598802366,-0.4882,0.99914,0.2738,0.2988,0.2214,0.2537
984,4196300906398327808,296.30811,-7.993286,-2.0302,-4.6445,-0.0019,0.0139,-0.303989820359281,0.3268470059880242,-0.3457,0.98346,0.25,0.1533,0.1168,0.1298
988,4196300902098719872,296.314145,-7.995682,-1.1295,-4.8563,0.0041,0.0115,0.5967101796407188,0.11504700598802398,-0.8221,0.98921,0.2676,0.8928,0.6982,0.7353
989,4196300906393465216,296.31584,-7.996047,-2.4148,-5.6448,0.0058,0.0112,-0.6885898203592813,-0.673452994011976,0.2419,0.98229,0.3649,0.8169,0.6203,0.7323
990,4196300837678843776,296.31824,-7.99641,-2.4391,-5.2066,0.0082,0.0108,-0.7128898203592811,-0.23525299401197586,0.4496,0.97857,0.4487,0.8385,0.6822,0.7466
991,4196300837673987456,296.316766,-7.995616,-2.6726,-5.9491,0.0067,0.0116,-0.9463898203592813,-0.9777529940119756,-0.3204,0.96529,0.3814,1.166,0.8542,0.9298
992,4196300906398323456,296.315606,-7.99487,-1.4069,-4.7469,0.0056,0.0124,0.3193101796407187,0.22444700598802392,0.0738,0.99778,0.2156,0.2134,0.1552,0.1771
993,4196300906393468544,296.316013,-7.994981,-2.0653,-4.2547,0.006,0.0122,-0.33908982035928137,0.7166470059880243,0.0575,0.96876,0.2425,0.4249,0.3104,0.3745
994,4196300906393475200,296.312784,-7.993453,-1.7893,-4.2869,0.0028,0.0138,-0.06308982035928112,0.6844470059880239,0.1231,0.98115,0.2854,0.681,0.5188,0.5935
995,4196300906393473792,296.314364,-7.993426,-2.1281,-5.1363,0.0043,0.0138,-0.4018898203592811,-0.16495299401197627,0.9265,0.98431,0.3363,0.7066,0.5366,0.6121
1001,4196300902097977088,296.309484,-7.990193,-1.8308,-4.8088,-0.0005,0.017,-0.10458982035928122,0.1625470059880243,0.2613,0.99651,0.2364,0.2733,0.2051,0.2322
1002,4196300906393483264,296.310061,-7.990383,-1.714,-5.1995,0.0001,0.0168,0.012210179640718799,-0.22815299401197553,0.7135,0.98426,0.3258,0.6373,0.5068,0.5108
1005,4196300906393485952,296.31207,-7.987286,-2.2158,-4.4747,0.002,0.0199,-0.48958982035928145,0.4966470059880237,-1.8504,0.96806,0.4756,1.0266,0.8447,0.8065
1010,4196300902097976960,296.313809,-7.987216,-1.726,-5.0017,0.0038,0.02,0.00021017964071878836,-0.030352994011975554,0.0846,0.99936,0.3171,0.1881,0.1431,0.1653
1011,4196300906393480960,296.315122,-7.987809,-1.9152,-5.4266,0.0051,0.0194,-0.18898982035928125,-0.4552529940119756,0.9451,0.96148,0.3189,0.8871,0.6335,0.6895
1012,4196300906393485440,296.314024,-7.986153,-1.1324,-5.3331,0.004,0.0211,0.5938101796407187,-0.3617529940119759,0.2388,0.96139,0.2478,0.9194,0.6353,0.7825
1013,4196300906393480320,296.316745,-7.986852,-0.8912,-5.1169,0.0067,0.0204,0.8350101796407188,-0.1455529940119762,-0.3588,0.97147,0.3452,0.6885,0.5129,0.5833
1014,4196300902097975040,296.317865,-7.987266,-2.0371,-5.4889,0.0078,0.02,-0.31088982035928137,-0.5175529940119761,0.2422,0.97314,0.3061,0.309,0.2365,0.26
1015,4196303861331481472,296.297456,-7.98541,-2.0575,-5.1904,-0.0124,0.0218,-0.33128982035928134,-0.2190529940119763,0.3271,0.98638,0.2146,0.3628,0.2769,0.2967
1016,4196303861331005696,296.297643,-7.984616,-1.7205,-4.9783,-0.0122,0.0226,0.005710179640718849,-0.00695299401197591,-0.2563,0.99822,0.0659,0.2568,0.1753,0.2131
1022,4196303861331000448,296.304827,-7.983214,-1.0796,-5.0143,-0.0051,0.024,0.6466101796407189,-0.042952994011976386,-0.4166,0.95415,0.1165,1.1293,0.6805,0.7849
1023,4196303861331479168,296.303264,-7.982708,-2.5057,-4.8366,-0.0067,0.0245,-0.7794898203592813,0.13474700598802425,-0.7412,0.95758,0.3013,0.8384,0.6381,0.6484
1030,4196300906393494400,296.309082,-7.983857,-2.1292,-4.9633,-0.0009,0.0234,-0.4029898203592812,0.00804700598802377,-0.0714,0.98399,0.4019,0.5892,0.4768,0.4778
1031,4196300902097981824,296.312427,-7.985083,-1.6524,-5.0167,0.0024,0.0221,0.07381017964071868,-0.04535299401197612,0.1109,0.99969,0.2739,0.1006,0.076,0.0873
1033,4196300936457722496,296.316558,-7.983414,-2.183,-5.0143,0.0065,0.0238,-0.45678982035928106,-0.042952994011976386,0.1931,0.9893,0.3246,0.3219,0.2492,0.2818
1043,4196300837673980160,296.318778,-7.996298,-2.6447,-5.9363,0.0087,0.0109,-0.9184898203592811,-0.9649529940119761,1.1696,0.95671,0.322,0.8469,0.6326,0.7531
1044,4196300837673985152,296.319331,-7.994298,-0.873,-4.8261,0.0092,0.0129,0.8532101796407188,0.14524700598802376,-0.9916,0.98484,0.3294,0.8463,0.6221,0.7051
1047,4196300837673978496,296.321142,-7.99525,-2.6567,-4.776,0.011,0.012,-0.9304898203592811,0.19534700598802424,0.8401,0.96157,0.311,0.8663,0.6118,0.6931
1048,4196300837673974144,296.322334,-7.995363,-2.449,-4.2377,0.0122,0.0119,-0.7227898203592811,0.7336470059880238,-0.9135,0.96288,0.2166,0.9621,0.6882,0.7547
1049,4196300833378484352,296.321698,-7.994539,-1.1422,-5.379,0.0116,0.0127,0.5840101796407187,-0.4076529940119755,1.0593,0.96023,0.2923,0.7733,0.5849,0.6002
1053,4196300833378498816,296.327862,-7.994027,-1.7771,-4.8903,0.0177,0.0132,-0.050889820359281135,0.08104700598802417,0.211,0.99933,0.249,0.089,0.0665,0.078
1057,4196300906393473920,296.318706,-7.98987,-1.8393,-5.6954,0.0086,0.0174,-0.11308982035928117,-0.7240529940119762,-0.3023,0.96824,0.2263,0.9408,0.6442,0.7225
1063,4196300872038583296,296.326473,-7.988843,-1.7821,-4.999,0.0163,0.0184,-0.05588982035928125,-0.02765299401197563,0.0767,0.99997,0.2403,0.0431,0.033,0.039
1064,4196300872033718272,296.326964,-7.98969,-1.6897,-4.8847,0.0168,0.0175,0.03651017964071879,0.08664700598802444,0.1019,0.99969,0.2414,0.1032,0.0786,0.0929
1073,4196300867738224512,296.339068,-7.994541,-1.8245,-4.7654,0.0288,0.0127,-0.09828982035928124,0.2059470059880244,0.2554,0.98486,0.4362,0.2984,0.2507,0.2344
1077,4196300867738242176,296.330474,-7.985311,-1.6377,-5.0119,0.0203,0.0219,0.08851017964071883,-0.04055299401197576,0.4279,0.9862,0.2462,0.2957,0.217,0.2559
1083,4196300936458464000,296.320844,-7.983452,-2.0459,-4.4855,0.0107,0.0238,-0.3196898203592813,0.485847005988024,-0.1936,0.96807,0.3066,0.4224,0.3318,0.3678
1086,4196300940758065920,296.322202,-7.982192,-1.7979,-4.9563,0.0121,0.025,-0.07168982035928129,0.015047005988024331,0.1129,0.99983,0.1849,0.0907,0.0657,0.0754
1090,4196300936457725312,296.324252,-7.9836,-2.0004,-4.9781,0.0141,0.0236,-0.2741898203592812,-0.0067529940119763765,0.1598,0.9969,0.2783,0.1727,0.1342,0.1463
1095,4196300940758068096,296.324574,-7.975654,-1.6296,-4.8917,0.0144,0.0316,0.09661017964071883,0.07964700598802388,0.0162,0.99916,0.3319,0.0815,0.0613,0.0744
1101,4196301318710330240,296.334439,-7.979872,-1.7922,-5.3757,0.0242,0.0273,-0.06598982035928125,-0.4043529940119761,-0.5961,0.95266,0.2829,0.6624,0.4939,0.4712
1114,4196300562800918144,296.348402,-8.017681,-1.7562,-4.966,0.038,-0.0105,-0.029989820359281216,0.005347005988023845,0.1963,0.99865,0.3031,0.094,0.0746,0.0773
1128,4196300665880137216,296.344408,-8.007042,-1.8727,-5.058,0.0341,0.0002,-0.14648982035928126,-0.08665299401197579,0.2462,0.99471,0.3221,0.0909,0.0733,0.081
1214,4196304033134533888,296.273535,-7.96766,-1.7603,-4.9532,-0.0361,0.0396,-0.03408982035928121,0.018147005988024212,0.067,0.99969,0.1441,0.03,0.0218,0.0266
1219,4196303925754982400,296.292768,-7.971494,-1.7929,-5.0863,-0.0171,0.0357,-0.06668982035928117,-0.11495299401197556,0.1588,0.96818,0.2978,0.3985,0.305,0.3347
1237,4196303960114742784,296.292156,-7.960351,-1.6041,-4.8567,-0.0177,0.0469,0.12211017964071869,0.11464700598802402,0.1148,0.99401,0.365,0.1038,0.0799,0.0867
