# source_id,ra,dec,pmra,pmdec,x,y,vx,vy,plx,memberprob,pmcorr,pmrae,pmdece,plxe
5623107218425742336,137.041304,-37.212823,0.4941,0.647,0.0402,0.0086,-0.5792308411214953,0.5378448598130842,-0.1924,0.95406,0.0942,0.3529,0.4058,0.3719
5623107111052584064,137.044068,-37.222276,1.0121,-0.0913,0.0424,-0.0009,-0.06123084112149524,-0.2004551401869159,-0.1398,0.9979,0.1401,0.2817,0.2989,0.2901
5623107111052575872,137.037466,-37.224303,1.1391,0.024,0.0371,-0.0029,0.06576915887850476,-0.08515514018691589,-0.0341,0.99958,0.0812,0.1864,0.1852,0.1786
5623107385930567040,137.021305,-37.20285,1.1099,0.0862,0.0243,0.0185,0.03656915887850487,-0.0229551401869159,-0.0508,0.99996,0.094,0.0874,0.1077,0.0879
5623107287145283328,137.016902,-37.219568,0.8917,0.0818,0.0208,0.0018,-0.1816308411214952,-0.0273551401869159,-0.5167,0.99816,0.067,0.4236,0.4958,0.4719
5623107282851291392,137.010663,-37.21941,0.9768,0.2941,0.0158,0.002,-0.09653084112149524,0.18494485981308406,0.0182,0.99977,0.1318,0.1895,0.2101,0.1895
5623107282851308288,137.009701,-37.216372,0.6642,-0.1469,0.015,0.005,-0.4091308411214952,-0.2560551401869159,0.2514,0.99225,0.1422,0.1908,0.2268,0.1942
5623107282851287936,137.006064,-37.22001,0.9772,0.1349,0.0121,0.0014,-0.09613084112149528,0.025744859813084095,-0.2389,0.99993,0.1074,0.1652,0.2025,0.1774
5623107287145298432,137.004222,-37.213614,1.2878,-0.8128,0.0107,0.0078,0.21446915887850482,-0.9219551401869158,-0.8923,0.99496,0.0546,0.637,0.8255,0.7064
5623107317211058816,136.988664,-37.211555,0.7509,-0.4867,-0.0017,0.0098,-0.3224308411214952,-0.5958551401869159,0.1572,0.98014,0.1303,0.1914,0.2327,0.201
5623060038210890496,137.036135,-37.255349,0.9685,0.1095,0.0361,-0.034,-0.10483084112149521,0.00034485981308410296,0.0042,0.98295,0.1933,0.4844,0.5517,0.4851
5623105500444369920,137.013459,-37.262258,1.0114,0.2368,0.018,-0.0409,-0.06193084112149516,0.1276448598130841,0.1218,0.99961,0.0015,0.0647,0.0846,0.0657
5623105496144729344,137.007541,-37.261664,0.9459,0.2628,0.0133,-0.0403,-0.12743084112149528,0.15364485981308407,-0.8304,0.99669,0.1738,0.2568,0.311,0.2805
5623105530502100096,136.994865,-37.265898,1.7772,-0.0015,0.0032,-0.0445,0.7038691588785047,-0.1106551401869159,-0.5661,0.98876,0.1343,0.3518,0.4129,0.3798
5623107012267374464,137.03795,-37.238729,0.5808,-0.2243,0.0375,-0.0174,-0.49253084112149526,-0.3334551401869159,0.1166,0.97668,0.0988,0.3009,0.3191,0.3054
5623107007973290880,137.036874,-37.24158,1.0912,0.0935,0.0367,-0.0202,0.01786915887850471,-0.015655140186915897,0.0885,0.99966,0.1301,0.1289,0.1351,0.1259
5623107007973294208,137.02589,-37.240282,0.7843,0.0997,0.0279,-0.0189,-0.28903084112149524,-0.0094551401869159,0.1003,0.9984,0.1153,0.1836,0.1863,0.1843
5623106973613552896,137.023407,-37.241225,1.2511,0.3168,0.0259,-0.0198,0.17776915887850486,0.20764485981308411,0.177,0.99869,0.1146,0.1777,0.1831,0.1796
5623107046632590464,137.010511,-37.236286,1.0287,0.1261,0.0157,-0.0149,-0.04463084112149529,0.016944859813084093,0.0895,0.99969,0.0865,0.1917,0.2221,0.1973
5623107046629858176,137.008362,-37.230541,0.716,0.203,0.014,-0.0092,-0.35733084112149527,0.09384485981308412,-0.6528,0.97869,0.1862,0.8628,1.2298,1.0367
5623107252791019648,137.006547,-37.229655,1.1356,0.2982,0.0125,-0.0083,0.062269158878504705,0.1890448598130841,-0.0144,0.99992,-0.0369,0.0704,0.09,0.0687
5623107042333032704,137.017574,-37.241186,0.9267,0.3552,0.0213,-0.0198,-0.14663084112149527,0.2460448598130841,0.1724,0.99852,0.2383,0.1759,0.1953,0.1717
5623107042333012736,137.011627,-37.246341,1.092,0.3547,0.0166,-0.025,0.018669158878504843,0.2455448598130841,-0.0593,0.99978,0.1348,0.1576,0.1815,0.1551
5623107252785622656,137.002502,-37.23398,3.4474,-0.9652,0.0093,-0.0126,2.3740691588785046,-1.0743551401869158,0.072,0.97021,-0.3105,1.0011,1.0535,0.9765
5623107248491500800,136.998601,-37.235403,0.8655,-0.2466,0.0062,-0.014,-0.2078308411214952,-0.3557551401869159,-0.3687,0.99918,0.0348,0.1764,0.2157,0.1779
5623107252791023360,136.995974,-37.234449,0.974,-0.4233,0.0041,-0.0131,-0.09933084112149526,-0.5324551401869159,0.1221,0.99371,0.0807,0.182,0.2102,0.178
5623105564864275072,137.001797,-37.243631,0.8256,0.0496,0.0087,-0.0222,-0.24773084112149524,-0.0595551401869159,-0.3899,0.99957,0.0751,0.1781,0.2179,0.1835
5623105775322274432,136.998316,-37.239436,0.7112,0.6579,0.006,-0.018,-0.3621308411214952,0.5487448598130842,-0.0711,0.99503,0.0828,0.2753,0.3437,0.3007
5623105775316909952,136.991827,-37.237177,0.4735,1.1678,0.0008,-0.0158,-0.5998308411214952,1.058644859813084,-1.0269,0.97612,0.0023,0.5772,0.8031,0.68
5623107287150756864,137.005872,-37.222065,0.9921,0.1139,0.012,-0.0007,-0.08123084112149526,0.004744859813084104,-0.014,1.0,0.1226,0.0371,0.0474,0.0397
5623107248491549696,137.00505,-37.224072,1.2957,0.391,0.0113,-0.0027,0.22236915887850484,0.2818448598130841,-0.109,0.99968,0.1674,0.2425,0.2968,0.2501
5623107252785603584,137.001045,-37.225454,0.7877,0.728,0.0081,-0.0041,-0.2856308411214953,0.6188448598130841,0.0333,0.99625,0.118,0.3285,0.562,0.4519
5623107252785609984,136.995144,-37.221859,1.2438,-0.7272,0.0034,-0.0005,0.17046915887850478,-0.8363551401869158,-0.8783,0.99792,0.1334,0.4419,0.5648,0.5053
5623107252785626624,136.995587,-37.228949,1.622,1.4589,0.0038,-0.0076,0.5486691588785049,1.3497448598130841,1.6771,0.96879,-0.0294,0.7513,1.1601,0.9048
5623107321505096960,136.991687,-37.222313,1.0774,0.3372,0.0007,-0.0009,0.004069158878504675,0.2280448598130841,-0.0245,0.9999,0.1183,0.1619,0.1962,0.1676
5623107317211030144,136.99048,-37.22232,1.1239,0.0763,-0.0003,-0.0009,0.05056915887850466,-0.03285514018691589,0.0291,0.99992,0.0988,0.1499,0.1839,0.1515
5623107317211006848,136.991437,-37.223998,0.9218,0.2179,0.0005,-0.0026,-0.15153084112149529,0.10874485981308411,-0.3646,0.99952,0.1129,0.3196,0.3795,0.337
5623107321505104384,136.989387,-37.223345,1.0999,0.3293,-0.0012,-0.002,0.02656915887850486,0.22014485981308407,-0.0235,0.99989,0.132,0.1756,0.2128,0.1804
5623107321505092736,136.989879,-37.219315,0.65,0.6718,-0.0008,0.0021,-0.4233308411214952,0.5626448598130841,0.3024,0.98697,0.0,0.624,0.8453,0.6953
5623107321510497664,136.986771,-37.213964,1.2115,0.0948,-0.0032,0.0074,0.13816915887850478,-0.014355140186915902,-0.0081,0.9999,0.0962,0.1633,0.1908,0.1651
5623107317211030016,136.990514,-37.221089,1.2612,0.1854,-0.0003,0.0003,0.18786915887850486,0.07624485981308411,-0.2147,0.99987,0.154,0.1157,0.147,0.12
5623107317211022720,136.983729,-37.220683,1.1082,0.1033,-0.0057,0.0007,0.034869158878504836,-0.005855140186915894,-0.1325,0.99997,0.1209,0.1312,0.1622,0.1366
5623106599955994624,136.975828,-37.215598,0.8887,0.2117,-0.0119,0.0058,-0.1846308411214952,0.1025448598130841,0.0715,0.9999,-0.0664,0.0895,0.1142,0.0883
5623107252785647872,136.9926,-37.231441,0.8803,-0.1165,0.0014,-0.0101,-0.19303084112149527,-0.2256551401869159,0.0416,0.99754,-0.1405,0.4358,0.5681,0.4585
5623105771022749184,136.988529,-37.232324,1.0367,0.0394,-0.0018,-0.0109,-0.03663084112149528,-0.06975514018691589,-0.2421,0.99989,0.0605,0.2015,0.2371,0.2157
5623105771022738688,136.988283,-37.236384,1.2492,0.4221,-0.002,-0.015,0.17586915887850485,0.31294485981308406,0.4605,0.99755,0.109,0.3567,0.426,0.3944
5623105771022724608,136.987172,-37.23807,1.1308,0.1105,-0.0029,-0.0167,0.05746915887850479,0.0013448598130841039,0.051,0.9996,0.1739,0.2448,0.282,0.256
5623105775316928256,136.983364,-37.237849,1.5003,-0.4202,-0.0059,-0.0165,0.42696915887850473,-0.5293551401869159,-0.1074,0.99541,0.2999,0.4685,0.8186,0.5678
5623105771022730112,136.98089,-37.236567,0.9549,-0.0037,-0.0079,-0.0152,-0.11843084112149527,-0.11285514018691589,0.3616,0.9982,0.1734,0.1667,0.1926,0.1759
5623105839745858304,136.98273,-37.232436,1.1249,0.3537,-0.0065,-0.011,0.05156915887850477,0.2445448598130841,-0.2381,0.99902,0.0694,0.3754,0.4562,0.4467
5623105839742221952,136.976605,-37.232943,1.1473,0.1959,-0.0113,-0.0116,0.07396915887850475,0.0867448598130841,-0.1892,0.99994,0.1736,0.1376,0.1615,0.1482
5623105844036389760,136.976362,-37.224084,1.5731,-1.9243,-0.0115,-0.0027,0.4997691588785047,-2.033455140186916,-0.484,0.95635,-0.4546,1.3443,1.8507,1.4494
5623105844041753344,136.976621,-37.226198,1.0965,0.341,-0.0113,-0.0048,0.023169158878504792,0.23184485981308411,0.2237,0.99936,0.1562,0.1238,0.1407,0.124
5623105839742264704,136.97397,-37.222124,1.3338,0.438,-0.0134,-0.0007,0.26046915887850486,0.3288448598130841,0.2379,0.99873,0.1312,0.313,0.3605,0.3387
5623105839742243328,136.972174,-37.227953,0.9096,-0.019,-0.0149,-0.0066,-0.16373084112149527,-0.1281551401869159,0.1121,0.99956,0.108,0.188,0.2023,0.1866
5623105844036413568,136.968562,-37.227415,0.8894,-0.5113,-0.0177,-0.006,-0.18393084112149527,-0.6204551401869158,0.3438,0.98538,0.0955,0.6875,0.8222,0.7609
5623105569158484736,137.000787,-37.248326,2.156,0.6643,0.0079,-0.0269,1.082669158878505,0.5551448598130841,-0.7216,0.98648,0.1113,0.455,0.5332,0.4856
5623105564864239488,136.999663,-37.252273,1.1102,0.3031,0.007,-0.0309,0.03686915887850484,0.19394485981308407,-0.0634,0.99979,0.1689,0.1613,0.1866,0.1625
5623105569158499712,136.997895,-37.252465,1.7267,0.7428,0.0056,-0.0311,0.6533691588785047,0.6336448598130842,0.8534,0.96708,0.1058,0.4727,0.5843,0.527
5623105564864235776,136.993456,-37.253527,0.7978,0.2107,0.0021,-0.0321,-0.2755308411214953,0.1015448598130841,-0.0219,0.99815,0.2035,0.2569,0.2879,0.2618
5623105775322277248,136.99355,-37.244579,1.0152,0.1466,0.0022,-0.0232,-0.058130841121495136,0.03744485981308411,-0.0001,0.99998,0.1329,0.0935,0.1097,0.0964
5623105771022686336,136.988228,-37.247503,0.9835,0.4401,-0.0021,-0.0261,-0.0898308411214952,0.3309448598130841,-0.0694,0.99951,0.1693,0.1807,0.2112,0.1889
5623105569158510976,136.991284,-37.250447,1.1248,0.0051,0.0004,-0.0291,0.051469158878504784,-0.10405514018691589,0.0739,0.99309,0.1641,0.5227,0.6187,0.5509
5623105530507464576,136.988635,-37.263009,1.0101,0.3061,-0.0017,-0.0416,-0.06323084112149524,0.19694485981308407,0.4177,0.99107,0.075,0.3264,0.4093,0.3642
5623105530504465664,136.985615,-37.261983,1.1864,-0.4114,-0.0042,-0.0406,0.11306915887850466,-0.5205551401869158,-1.0912,0.99399,0.0663,0.3823,0.4679,0.4317
5623105530504459264,136.986734,-37.264357,1.029,0.0437,-0.0033,-0.043,-0.044330841121495324,-0.0654551401869159,0.3117,0.99586,0.121,0.1643,0.2022,0.1702
5623105740957252480,136.978227,-37.259105,0.9523,0.392,-0.01,-0.0377,-0.1210308411214952,0.2828448598130841,0.003,0.99913,0.147,0.1512,0.1796,0.1588
5623105534804117504,136.979292,-37.264356,0.7486,-0.3721,-0.0092,-0.043,-0.3247308411214952,-0.4812551401869159,0.4399,0.96327,0.2152,0.2881,0.3353,0.3103
5623105736662927872,136.983638,-37.254976,1.0468,-0.0169,-0.0057,-0.0336,-0.026530841121495286,-0.12605514018691588,-0.0549,0.99973,0.1494,0.1565,0.1835,0.1615
5623105736662934400,136.97492,-37.251243,0.9084,-0.2009,-0.0127,-0.0299,-0.16493084112149525,-0.3100551401869159,0.2236,0.99545,0.1054,0.1813,0.2174,0.1888
5623105633583695232,136.972686,-37.258124,0.9668,0.1523,-0.0144,-0.0367,-0.10653084112149525,0.043144859813084094,-0.0275,0.99994,-0.009,0.0926,0.115,0.0927
5623105633583700352,136.971312,-37.256374,1.7261,0.2176,-0.0155,-0.035,0.6527691588785047,0.10844485981308409,0.3463,0.98655,0.1151,0.3703,0.4211,0.4021
5623105844036411520,136.979369,-37.237006,0.7927,-0.1415,-0.0091,-0.0156,-0.2806308411214953,-0.25065514018691587,-0.0536,0.99865,0.1833,0.2805,0.3211,0.3074
5623105839742201600,136.976389,-37.237722,0.6195,0.4995,-0.0115,-0.0163,-0.4538308411214952,0.3903448598130841,0.5639,0.98135,0.1713,0.3654,0.4132,0.3817
5623105844036417792,136.975942,-37.235924,0.5989,-0.2269,-0.0119,-0.0145,-0.47443084112149525,-0.3360551401869159,-0.6374,0.99693,0.0061,0.3406,0.3967,0.3708
5623105809678870016,136.969363,-37.238101,1.7041,-0.0905,-0.0171,-0.0167,0.6307691588785047,-0.19965514018691588,-0.5308,0.98236,-0.1222,1.0462,1.1662,1.0262
5623105809676704768,136.964404,-37.236289,0.4311,0.217,-0.021,-0.0149,-0.6422308411214952,0.1078448598130841,-0.0139,0.9759,-0.2851,0.5165,0.7033,0.5087
5623105809682020480,136.971231,-37.240699,1.0087,0.1937,-0.0156,-0.0193,-0.06463084112149531,0.08454485981308411,0.0367,0.99909,0.0768,0.2834,0.3207,0.3007
5623105809676718336,136.964665,-37.242283,0.692,-0.0494,-0.0208,-0.0209,-0.3813308411214953,-0.1585551401869159,-0.2354,0.98997,0.0657,0.4942,0.6056,0.5647
5623105805382460416,136.958777,-37.238375,1.5686,-0.0754,-0.0255,-0.017,0.49526915887850476,-0.18455514018691588,-0.147,0.99675,0.095,0.3215,0.3701,0.3632
5623105809676701440,136.964199,-37.235201,1.6386,0.5175,-0.0212,-0.0138,0.5652691588785048,0.40834485981308405,-0.8826,0.99611,0.0407,0.6091,0.6518,0.6303
5623106561296753024,136.952252,-37.228006,0.9431,0.3279,-0.0307,-0.0066,-0.1302308411214952,0.2187448598130841,-0.0074,0.99987,-0.1261,0.0965,0.1235,0.0919
5623106565596267520,136.953515,-37.235778,0.9945,0.1712,-0.0297,-0.0144,-0.07883084112149519,0.062044859813084094,0.0977,0.99993,0.1288,0.026,0.0274,0.0262
5623105736662950656,136.970288,-37.247069,1.426,0.0129,-0.0164,-0.0257,0.3526691588785047,-0.0962551401869159,-0.0515,0.99795,0.0442,0.1716,0.2061,0.1772
5623107458946297600,137.00246,-37.190916,1.8914,-1.453,0.0093,0.0305,0.8180691588785047,-1.562155140186916,-0.2687,0.97266,-0.286,0.821,1.045,0.8289
5623108107485142784,136.98954,-37.18449,1.369,-0.2358,-0.001,0.0369,0.29566915887850476,-0.3449551401869159,0.0087,0.99482,0.2321,0.2938,0.3746,0.3247
5623107458943941888,137.006522,-37.194706,0.9443,-0.274,0.0125,0.0267,-0.1290308411214952,-0.38315514018691593,0.4278,0.98377,0.2447,0.2029,0.2358,0.2066
5623107355864762112,136.997044,-37.201654,1.959,0.5197,0.0049,0.0197,0.8856691588785048,0.41054485981308414,1.8732,0.96331,0.1293,0.949,1.4047,1.1486
5623108180498505728,136.97544,-37.188665,0.822,-0.3599,-0.0123,0.0327,-0.2513308411214953,-0.4690551401869159,0.5048,0.9802,0.1232,0.4575,0.5426,0.5058
5623107317211084416,136.989285,-37.204973,1.1834,0.4723,-0.0012,0.0164,0.11006915887850477,0.3631448598130841,-0.0334,0.99968,0.1392,0.171,0.2024,0.1745
5623108073125327872,136.980768,-37.205124,1.044,-0.0877,-0.008,0.0163,-0.0293308411214952,-0.1968551401869159,0.135,0.99895,0.1448,0.2989,0.3221,0.2991
5623108077421600768,136.976255,-37.206764,0.9856,0.3743,-0.0116,0.0146,-0.0877308411214952,0.2651448598130841,-0.8855,0.99735,-0.0521,0.5264,0.6453,0.5621
5623108073125334528,136.97823,-37.203283,1.0395,-0.0451,-0.01,0.0181,-0.03383084112149515,-0.15425514018691588,-0.1617,0.99988,0.0801,0.1622,0.1834,0.1595
5623108348003342720,136.963541,-37.183658,0.9756,-0.2918,-0.0217,0.0377,-0.09773084112149522,-0.4009551401869159,-0.0352,0.99547,0.1602,0.172,0.2064,0.1889
5623108077421601024,136.975738,-37.210219,0.4148,0.1261,-0.012,0.0112,-0.6585308411214952,0.016944859813084093,0.5155,0.96304,-0.3056,0.7793,0.827,0.7161
5623106595656536192,136.96765,-37.216809,1.3109,0.4593,-0.0185,0.0046,0.23756915887850472,0.3501448598130841,0.2263,0.99857,0.1914,0.295,0.3291,0.3044
5623106595656546688,136.963125,-37.21302,1.0708,0.1765,-0.0221,0.0084,-0.002530841121495264,0.0673448598130841,0.2054,0.99946,0.1302,0.1834,0.2113,0.1877
5623106630016304384,136.946885,-37.20804,0.9768,0.1429,-0.035,0.0133,-0.09653084112149524,0.0337448598130841,0.0089,0.99996,-0.0359,0.0817,0.1028,0.0804
5623106565593120896,136.95936,-37.219863,0.3287,-0.3399,-0.0251,0.0015,-0.7446308411214952,-0.4490551401869159,-0.5435,0.97923,0.056,0.4987,0.5965,0.5378
5623106664376020736,136.956107,-37.213912,0.6957,0.6822,-0.0277,0.0075,-0.37763084112149525,0.5730448598130842,0.0059,0.98594,0.0363,0.4521,0.5459,0.4704
5623106630016272896,136.949468,-37.216255,1.0,0.7663,-0.0329,0.0051,-0.07333084112149524,0.6571448598130841,0.1461,0.99083,0.1651,0.2959,0.3486,0.3182
5623106565590929280,136.955304,-37.219522,1.1282,0.1529,-0.0283,0.0019,0.05486915887850485,0.04374485981308411,0.0929,0.99966,0.1901,0.1777,0.1955,0.1766
5623106630016256640,136.947613,-37.220301,1.2954,0.3023,-0.0344,0.0011,0.22206915887850487,0.1931448598130841,0.3259,0.99602,0.0501,0.2144,0.2437,0.2125
5623106836174732544,136.937365,-37.208184,1.1959,0.1922,-0.0426,0.0132,0.12256915887850472,0.08304485981308411,-0.2097,0.98253,0.0371,0.5726,0.7559,0.6638
5623106630016271872,136.94056,-37.216688,0.9123,0.4955,-0.04,0.0047,-0.16103084112149524,0.3863448598130841,0.0685,0.99638,0.0615,0.1981,0.237,0.2204
5623106531231236480,136.944,-37.226928,0.7862,0.0025,-0.0373,-0.0055,-0.28713084112149523,-0.1066551401869159,0.4093,0.97792,0.1001,0.5273,0.5915,0.5599
5623106531231236736,136.940227,-37.223706,0.5893,0.6238,-0.0403,-0.0023,-0.4840308411214952,0.5146448598130842,-0.0073,0.96498,0.0748,0.4127,0.4808,0.4823
