Gmag,G_BPmag,G_RPmag,logAge,MH
14.796,17.475,13.383,9.96614,-1.20000
14.297,16.556,12.944,9.96614,-1.20000
13.965,15.977,12.656,9.96614,-1.20000
13.567,15.370,12.302,9.96614,-1.20000
13.095,14.698,11.880,9.96614,-1.20000
12.570,14.032,11.397,9.96614,-1.20000
12.182,13.567,11.033,9.96614,-1.20000
11.583,12.877,10.466,9.96614,-1.20000
11.350,12.617,10.243,9.96614,-1.20000
11.034,12.266,9.940,9.96614,-1.20000
10.612,11.803,9.535,9.96614,-1.20000
10.270,11.428,9.206,9.96614,-1.20000
9.871,10.981,8.826,9.96614,-1.20000
9.395,10.436,8.381,9.96614,-1.20000
8.887,9.827,7.920,9.96614,-1.20000
8.837,9.768,7.875,9.96614,-1.20000
8.245,9.068,7.342,9.96614,-1.20000
7.718,8.467,6.859,9.96614,-1.20000
7.680,8.423,6.825,9.96614,-1.20000
7.509,8.228,6.669,9.96614,-1.20000
7.355,8.053,6.528,9.96614,-1.20000
7.205,7.885,6.390,9.96614,-1.20000
7.164,7.840,6.353,9.96614,-1.20000
6.994,7.650,6.197,9.96614,-1.20000
6.839,7.476,6.055,9.96614,-1.20000
6.718,7.341,5.944,9.96614,-1.20000
6.648,7.264,5.879,9.96614,-1.20000
6.544,7.149,5.782,9.96614,-1.20000
6.439,7.034,5.685,9.96614,-1.20000
6.338,6.925,5.591,9.96614,-1.20000
6.242,6.820,5.500,9.96614,-1.20000
6.217,6.793,5.477,9.96614,-1.20000
6.128,6.699,5.393,9.96614,-1.20000
6.026,6.590,5.297,9.96614,-1.20000
5.922,6.480,5.198,9.96614,-1.20000
5.780,6.329,5.062,9.96614,-1.20000
5.640,6.182,4.928,9.96614,-1.20000
5.638,6.179,4.926,9.96614,-1.20000
5.609,6.149,4.898,9.96614,-1.20000
5.494,6.028,4.788,9.96614,-1.20000
5.379,5.909,4.677,9.96614,-1.20000
5.269,5.795,4.571,9.96614,-1.20000
5.120,5.641,4.425,9.96614,-1.20000
4.993,5.512,4.300,9.96614,-1.20000
4.989,5.508,4.296,9.96614,-1.20000
4.941,5.460,4.248,9.96614,-1.20000
4.847,5.368,4.153,9.96614,-1.20000
4.785,5.306,4.090,9.96614,-1.20000
4.659,5.185,3.960,9.96614,-1.20000
4.630,5.158,3.930,9.96614,-1.20000
4.552,5.086,3.846,9.96614,-1.20000
4.464,5.009,3.750,9.96614,-1.20000
4.390,4.947,3.667,9.96614,-1.20000
4.328,4.899,3.593,9.96614,-1.20000
4.279,4.865,3.532,9.96614,-1.20000
4.241,4.842,3.482,9.96614,-1.20000
4.204,4.821,3.434,9.96614,-1.20000
4.148,4.783,3.364,9.96614,-1.20000
4.072,4.721,3.279,9.96614,-1.20000
3.973,4.633,3.172,9.96614,-1.20000
3.940,4.603,3.137,9.96614,-1.20000
3.868,4.534,3.062,9.96614,-1.20000
3.771,4.442,2.962,9.96614,-1.20000
3.668,4.343,2.856,9.96614,-1.20000
3.561,4.239,2.747,9.96614,-1.20000
3.440,4.121,2.623,9.96614,-1.20000
3.331,4.016,2.512,9.96614,-1.20000
3.211,3.899,2.390,9.96614,-1.20000
3.094,3.785,2.271,9.96614,-1.20000
2.979,3.673,2.153,9.96614,-1.20000
2.863,3.560,2.035,9.96614,-1.20000
2.748,3.448,1.918,9.96614,-1.20000
2.628,3.333,1.796,9.96614,-1.20000
2.518,3.226,1.683,9.96614,-1.20000
2.405,3.117,1.568,9.96614,-1.20000
2.289,3.006,1.449,9.96614,-1.20000
2.181,2.902,1.339,9.96614,-1.20000
2.068,2.793,1.223,9.96614,-1.20000
1.959,2.688,1.111,9.96614,-1.20000
1.854,2.588,1.003,9.96614,-1.20000
1.745,2.483,0.890,9.96614,-1.20000
1.638,2.382,0.781,9.96614,-1.20000
1.532,2.281,0.672,9.96614,-1.20000
1.427,2.182,0.563,9.96614,-1.20000
1.326,2.086,0.459,9.96614,-1.20000
1.226,1.991,0.355,9.96614,-1.20000
1.127,1.898,0.253,9.96614,-1.20000
1.039,1.815,0.162,9.96614,-1.20000
0.954,1.735,0.074,9.96614,-1.20000
0.987,1.766,0.109,9.96614,-1.20000
1.033,1.807,0.157,9.96614,-1.20000
0.981,1.759,0.103,9.96614,-1.20000
0.878,1.662,-0.004,9.96614,-1.20000
0.779,1.569,-0.107,9.96614,-1.20000
0.675,1.473,-0.215,9.96614,-1.20000
0.576,1.382,-0.318,9.96614,-1.20000
0.476,1.290,-0.423,9.96614,-1.20000
0.380,1.202,-0.523,9.96614,-1.20000
0.283,1.114,-0.625,9.96614,-1.20000
0.188,1.027,-0.725,9.96614,-1.20000
0.093,0.942,-0.825,9.96614,-1.20000
-0.020,0.841,-0.944,9.96614,-1.20000
-0.114,0.757,-1.043,9.96614,-1.20000
-0.226,0.659,-1.162,9.96614,-1.20000
-0.334,0.564,-1.277,9.96614,-1.20000
-0.443,0.469,-1.393,9.96614,-1.20000
-0.547,0.379,-1.504,9.96614,-1.20000
-0.650,0.290,-1.614,9.96614,-1.20000
-0.756,0.198,-1.727,9.96614,-1.20000
-0.853,0.115,-1.832,9.96614,-1.20000
-0.952,0.032,-1.938,9.96614,-1.20000
-1.050,-0.050,-2.044,9.96614,-1.20000
-1.144,-0.126,-2.145,9.96614,-1.20000
-1.236,-0.199,-2.246,9.96614,-1.20000
-1.333,-0.277,-2.351,9.96614,-1.20000
-1.423,-0.349,-2.450,9.96614,-1.20000
-1.513,-0.419,-2.549,9.96614,-1.20000
-1.606,-0.492,-2.650,9.96614,-1.20000
-1.696,-0.560,-2.748,9.96614,-1.20000
-1.784,-0.626,-2.845,9.96614,-1.20000
-1.871,-0.688,-2.942,9.96614,-1.20000
-1.953,-0.745,-3.034,9.96614,-1.20000
-1.970,-0.756,-3.053,9.96614,-1.20000
1.523,2.186,0.718,9.96614,-1.20000
1.482,2.148,0.675,9.96614,-1.20000
1.474,2.141,0.667,9.96614,-1.20000
1.469,2.136,0.663,9.96614,-1.20000
1.467,2.133,0.660,9.96614,-1.20000
1.466,2.131,0.660,9.96614,-1.20000
1.466,2.130,0.661,9.96614,-1.20000
1.467,2.130,0.664,9.96614,-1.20000
1.469,2.130,0.666,9.96614,-1.20000
1.470,2.130,0.669,9.96614,-1.20000
1.472,2.130,0.671,9.96614,-1.20000
1.473,2.130,0.673,9.96614,-1.20000
1.474,2.129,0.675,9.96614,-1.20000
1.474,2.129,0.676,9.96614,-1.20000
1.475,2.128,0.677,9.96614,-1.20000
1.475,2.128,0.677,9.96614,-1.20000
1.475,2.128,0.677,9.96614,-1.20000
1.474,2.126,0.678,9.96614,-1.20000
1.473,2.125,0.677,9.96614,-1.20000
1.472,2.123,0.676,9.96614,-1.20000
1.470,2.121,0.674,9.96614,-1.20000
1.467,2.118,0.671,9.96614,-1.20000
1.463,2.115,0.667,9.96614,-1.20000
1.459,2.110,0.662,9.96614,-1.20000
1.453,2.106,0.656,9.96614,-1.20000
1.447,2.101,0.650,9.96614,-1.20000
1.440,2.095,0.642,9.96614,-1.20000
1.433,2.089,0.634,9.96614,-1.20000
1.422,2.080,0.622,9.96614,-1.20000
1.409,2.069,0.608,9.96614,-1.20000
1.395,2.057,0.592,9.96614,-1.20000
1.380,2.044,0.575,9.96614,-1.20000
1.361,2.028,0.554,9.96614,-1.20000
1.346,2.015,0.538,9.96614,-1.20000
1.321,1.993,0.511,9.96614,-1.20000
1.268,1.948,0.453,9.96614,-1.20000
1.179,1.869,0.356,9.96614,-1.20000
1.088,1.790,0.258,9.96614,-1.20000
0.999,1.711,0.162,9.96614,-1.20000
0.906,1.629,0.063,9.96614,-1.20000
0.819,1.551,-0.030,9.96614,-1.20000
0.771,1.508,-0.082,9.96614,-1.20000
0.770,1.506,-0.083,9.96614,-1.20000
0.755,1.493,-0.099,9.96614,-1.20000
0.648,1.397,-0.212,9.96614,-1.20000
0.558,1.315,-0.308,9.96614,-1.20000
0.496,1.260,-0.373,9.96614,-1.20000
0.454,1.222,-0.418,9.96614,-1.20000
0.412,1.184,-0.462,9.96614,-1.20000
0.439,1.208,-0.434,9.96614,-1.20000
0.500,1.263,-0.369,9.96614,-1.20000
0.478,1.243,-0.393,9.96614,-1.20000
0.406,1.179,-0.469,9.96614,-1.20000
0.302,1.085,-0.579,9.96614,-1.20000
0.192,0.987,-0.696,9.96614,-1.20000
0.089,0.895,-0.805,9.96614,-1.20000
-0.011,0.807,-0.911,9.96614,-1.20000
-0.109,0.721,-1.016,9.96614,-1.20000
-0.205,0.637,-1.119,9.96614,-1.20000
-0.300,0.556,-1.220,9.96614,-1.20000
-0.389,0.485,-1.320,9.96614,-1.20000
-0.455,0.436,-1.395,9.96614,-1.20000
-0.536,0.376,-1.486,9.96614,-1.20000
-0.620,0.309,-1.578,9.96614,-1.20000
-0.705,0.238,-1.671,9.96614,-1.20000
-0.791,0.167,-1.764,9.96614,-1.20000
-0.876,0.098,-1.856,9.96614,-1.20000
-0.955,0.036,-1.943,9.96614,-1.20000
-1.037,-0.027,-2.035,9.96614,-1.20000
-1.123,-0.094,-2.130,9.96614,-1.20000
-1.215,-0.169,-2.228,9.96614,-1.20000
-1.317,-0.270,-2.331,9.96614,-1.20000
-1.435,-0.417,-2.435,9.96614,-1.20000
-1.487,-0.488,-2.478,9.96614,-1.20000
30.960,31.802,30.046,9.96614,-1.20000
