Gmag,G_BPmag,G_RPmag,logAge,MH
14.546,16.867,13.189,9.97772,-1.50000
14.451,16.694,13.106,9.97772,-1.50000
13.660,15.366,12.421,9.97772,-1.50000
12.825,14.245,11.665,9.97772,-1.50000
12.319,13.635,11.194,9.97772,-1.50000
11.935,13.192,10.832,9.97772,-1.50000
11.348,12.536,10.272,9.97772,-1.50000
10.806,11.942,9.751,9.97772,-1.50000
10.392,11.491,9.352,9.97772,-1.50000
10.148,11.225,9.118,9.97772,-1.50000
10.058,11.126,9.031,9.97772,-1.50000
9.903,10.953,8.884,9.97772,-1.50000
9.683,10.707,8.676,9.97772,-1.50000
9.217,10.171,8.244,9.97772,-1.50000
9.073,10.001,8.112,9.97772,-1.50000
8.691,9.556,7.764,9.97772,-1.50000
8.144,8.933,7.259,9.97772,-1.50000
7.628,8.353,6.784,9.97772,-1.50000
7.500,8.207,6.667,9.97772,-1.50000
7.367,8.058,6.545,9.97772,-1.50000
7.214,7.886,6.405,9.97772,-1.50000
7.120,7.781,6.319,9.97772,-1.50000
7.024,7.672,6.230,9.97772,-1.50000
6.868,7.498,6.087,9.97772,-1.50000
6.723,7.337,5.954,9.97772,-1.50000
6.626,7.231,5.864,9.97772,-1.50000
6.622,7.226,5.861,9.97772,-1.50000
6.481,7.072,5.730,9.97772,-1.50000
6.348,6.928,5.606,9.97772,-1.50000
6.216,6.785,5.482,9.97772,-1.50000
6.096,6.656,5.369,9.97772,-1.50000
6.095,6.655,5.368,9.97772,-1.50000
5.959,6.510,5.239,9.97772,-1.50000
5.829,6.372,5.116,9.97772,-1.50000
5.702,6.237,4.995,9.97772,-1.50000
5.581,6.109,4.879,9.97772,-1.50000
5.458,5.981,4.762,9.97772,-1.50000
5.445,5.967,4.749,9.97772,-1.50000
5.327,5.844,4.636,9.97772,-1.50000
5.206,5.718,4.519,9.97772,-1.50000
5.087,5.595,4.403,9.97772,-1.50000
4.944,5.449,4.262,9.97772,-1.50000
4.922,5.427,4.241,9.97772,-1.50000
4.875,5.380,4.194,9.97772,-1.50000
4.733,5.239,4.050,9.97772,-1.50000
4.593,5.105,3.906,9.97772,-1.50000
4.567,5.081,3.878,9.97772,-1.50000
4.540,5.056,3.849,9.97772,-1.50000
4.443,4.969,3.743,9.97772,-1.50000
4.359,4.897,3.650,9.97772,-1.50000
4.332,4.874,3.618,9.97772,-1.50000
4.286,4.837,3.565,9.97772,-1.50000
4.223,4.790,3.490,9.97772,-1.50000
4.182,4.761,3.440,9.97772,-1.50000
4.146,4.737,3.394,9.97772,-1.50000
4.102,4.709,3.339,9.97772,-1.50000
4.051,4.672,3.276,9.97772,-1.50000
3.981,4.617,3.196,9.97772,-1.50000
3.888,4.535,3.095,9.97772,-1.50000
3.830,4.482,3.032,9.97772,-1.50000
3.778,4.434,2.979,9.97772,-1.50000
3.668,4.329,2.865,9.97772,-1.50000
3.568,4.233,2.762,9.97772,-1.50000
3.462,4.131,2.654,9.97772,-1.50000
3.343,4.016,2.532,9.97772,-1.50000
3.236,3.912,2.423,9.97772,-1.50000
3.118,3.797,2.303,9.97772,-1.50000
3.002,3.684,2.185,9.97772,-1.50000
2.889,3.573,2.070,9.97772,-1.50000
2.775,3.462,1.953,9.97772,-1.50000
2.661,3.351,1.837,9.97772,-1.50000
2.544,3.238,1.718,9.97772,-1.50000
2.433,3.130,1.606,9.97772,-1.50000
2.320,3.021,1.490,9.97772,-1.50000
2.205,2.909,1.373,9.97772,-1.50000
2.094,2.801,1.259,9.97772,-1.50000
1.981,2.692,1.143,9.97772,-1.50000
1.868,2.583,1.028,9.97772,-1.50000
1.757,2.477,0.915,9.97772,-1.50000
1.646,2.370,0.801,9.97772,-1.50000
1.536,2.264,0.687,9.97772,-1.50000
1.425,2.158,0.574,9.97772,-1.50000
1.314,2.052,0.459,9.97772,-1.50000
1.205,1.948,0.347,9.97772,-1.50000
1.094,1.842,0.233,9.97772,-1.50000
0.990,1.743,0.126,9.97772,-1.50000
0.888,1.647,0.021,9.97772,-1.50000
0.790,1.553,-0.081,9.97772,-1.50000
0.696,1.465,-0.177,9.97772,-1.50000
0.725,1.492,-0.147,9.97772,-1.50000
0.758,1.522,-0.113,9.97772,-1.50000
0.660,1.430,-0.213,9.97772,-1.50000
0.559,1.334,-0.319,9.97772,-1.50000
0.457,1.239,-0.424,9.97772,-1.50000
0.358,1.146,-0.527,9.97772,-1.50000
0.259,1.055,-0.630,9.97772,-1.50000
0.159,0.961,-0.734,9.97772,-1.50000
0.062,0.873,-0.835,9.97772,-1.50000
-0.037,0.781,-0.939,9.97772,-1.50000
-0.152,0.678,-1.060,9.97772,-1.50000
-0.249,0.589,-1.162,9.97772,-1.50000
-0.362,0.490,-1.281,9.97772,-1.50000
-0.456,0.406,-1.381,9.97772,-1.50000
-0.566,0.310,-1.499,9.97772,-1.50000
-0.677,0.214,-1.617,9.97772,-1.50000
-0.786,0.121,-1.733,9.97772,-1.50000
-0.886,0.035,-1.840,9.97772,-1.50000
-0.990,-0.056,-1.952,9.97772,-1.50000
-1.090,-0.141,-2.059,9.97772,-1.50000
-1.188,-0.224,-2.163,9.97772,-1.50000
-1.288,-0.308,-2.271,9.97772,-1.50000
-1.379,-0.382,-2.370,9.97772,-1.50000
-1.471,-0.457,-2.470,9.97772,-1.50000
-1.566,-0.533,-2.573,9.97772,-1.50000
-1.652,-0.601,-2.667,9.97772,-1.50000
-1.743,-0.674,-2.766,9.97772,-1.50000
-1.832,-0.744,-2.863,9.97772,-1.50000
-1.919,-0.812,-2.958,9.97772,-1.50000
-2.003,-0.876,-3.050,9.97772,-1.50000
-2.030,-0.896,-3.081,9.97772,-1.50000
1.532,2.161,0.751,9.97772,-1.50000
1.485,2.118,0.702,9.97772,-1.50000
1.479,2.113,0.696,9.97772,-1.50000
1.475,2.108,0.692,9.97772,-1.50000
1.473,2.105,0.690,9.97772,-1.50000
1.472,2.103,0.690,9.97772,-1.50000
1.472,2.101,0.691,9.97772,-1.50000
1.472,2.100,0.693,9.97772,-1.50000
1.474,2.099,0.696,9.97772,-1.50000
1.475,2.099,0.699,9.97772,-1.50000
1.477,2.098,0.702,9.97772,-1.50000
1.478,2.097,0.704,9.97772,-1.50000
1.479,2.097,0.706,9.97772,-1.50000
1.479,2.096,0.708,9.97772,-1.50000
1.479,2.094,0.709,9.97772,-1.50000
1.480,2.094,0.710,9.97772,-1.50000
1.479,2.093,0.710,9.97772,-1.50000
1.478,2.091,0.709,9.97772,-1.50000
1.477,2.089,0.709,9.97772,-1.50000
1.474,2.087,0.706,9.97772,-1.50000
1.471,2.084,0.703,9.97772,-1.50000
1.468,2.081,0.698,9.97772,-1.50000
1.462,2.077,0.692,9.97772,-1.50000
1.460,2.076,0.690,9.97772,-1.50000
1.457,2.073,0.685,9.97772,-1.50000
1.450,2.068,0.677,9.97772,-1.50000
1.442,2.063,0.668,9.97772,-1.50000
1.433,2.056,0.657,9.97772,-1.50000
1.423,2.047,0.645,9.97772,-1.50000
1.413,2.041,0.634,9.97772,-1.50000
1.393,2.026,0.610,9.97772,-1.50000
1.372,2.009,0.586,9.97772,-1.50000
1.346,1.988,0.556,9.97772,-1.50000
1.314,1.962,0.519,9.97772,-1.50000
1.256,1.913,0.455,9.97772,-1.50000
1.172,1.841,0.362,9.97772,-1.50000
1.083,1.764,0.267,9.97772,-1.50000
0.996,1.687,0.172,9.97772,-1.50000
0.907,1.608,0.077,9.97772,-1.50000
0.818,1.527,-0.019,9.97772,-1.50000
0.804,1.515,-0.033,9.97772,-1.50000
0.803,1.514,-0.035,9.97772,-1.50000
0.757,1.472,-0.083,9.97772,-1.50000
0.656,1.380,-0.189,9.97772,-1.50000
0.557,1.289,-0.294,9.97772,-1.50000
0.461,1.202,-0.394,9.97772,-1.50000
0.377,1.124,-0.482,9.97772,-1.50000
0.402,1.147,-0.456,9.97772,-1.50000
0.483,1.221,-0.371,9.97772,-1.50000
0.515,1.251,-0.338,9.97772,-1.50000
0.450,1.192,-0.406,9.97772,-1.50000
0.350,1.100,-0.512,9.97772,-1.50000
0.249,1.008,-0.618,9.97772,-1.50000
0.150,0.918,-0.722,9.97772,-1.50000
0.051,0.827,-0.826,9.97772,-1.50000
-0.046,0.738,-0.928,9.97772,-1.50000
-0.142,0.651,-1.029,9.97772,-1.50000
-0.240,0.563,-1.133,9.97772,-1.50000
-0.336,0.477,-1.235,9.97772,-1.50000
-0.432,0.393,-1.337,9.97772,-1.50000
-0.526,0.311,-1.437,9.97772,-1.50000
-0.621,0.229,-1.539,9.97772,-1.50000
-0.714,0.149,-1.639,9.97772,-1.50000
-0.807,0.071,-1.739,9.97772,-1.50000
-0.899,-0.006,-1.839,9.97772,-1.50000
-0.988,-0.079,-1.936,9.97772,-1.50000
-1.077,-0.154,-2.032,9.97772,-1.50000
-1.167,-0.230,-2.129,9.97772,-1.50000
-1.256,-0.303,-2.226,9.97772,-1.50000
-1.342,-0.372,-2.320,9.97772,-1.50000
-1.424,-0.439,-2.409,9.97772,-1.50000
-1.510,-0.508,-2.503,9.97772,-1.50000
-1.583,-0.564,-2.583,9.97772,-1.50000
-1.714,-0.666,-2.727,9.97772,-1.50000
-1.729,-0.678,-2.744,9.97772,-1.50000
-1.730,-0.678,-2.745,9.97772,-1.50000
-1.723,-0.673,-2.737,9.97772,-1.50000
-1.753,-0.696,-2.770,9.97772,-1.50000
-1.771,-0.710,-2.791,9.97772,-1.50000
-1.791,-0.725,-2.813,9.97772,-1.50000
-1.812,-0.741,-2.836,9.97772,-1.50000
-1.839,-0.762,-2.866,9.97772,-1.50000
-1.979,-0.866,-3.021,9.97772,-1.50000
-2.072,-0.929,-3.125,9.97772,-1.50000
-2.075,-0.931,-3.129,9.97772,-1.50000
-2.072,-0.930,-3.126,9.97772,-1.50000
-2.268,-1.078,-3.340,9.97772,-1.50000
-1.970,-0.861,-3.011,9.97772,-1.50000
-1.691,-0.651,-2.701,9.97772,-1.50000
-1.271,-0.324,-2.238,9.97772,-1.50000
-1.282,-0.332,-2.251,9.97772,-1.50000
-1.483,-0.489,-2.472,9.97772,-1.50000
-1.794,-0.724,-2.817,9.97772,-1.50000
-2.052,-0.908,-3.106,9.97772,-1.50000
-2.214,-1.011,-3.291,9.97772,-1.50000
-2.300,-1.063,-3.391,9.97772,-1.50000
-2.343,-1.085,-3.441,9.97772,-1.50000
-2.368,-1.095,-3.472,9.97772,-1.50000
31.422,31.676,30.998,9.97772,-1.50000
