Gmag,G_BPmag,G_RPmag,logAge,MH
14.846,17.597,13.423,9.98900,-1.15000
14.803,17.513,13.385,9.98900,-1.15000
14.022,16.097,12.699,9.98900,-1.15000
13.235,14.913,12.000,9.98900,-1.15000
13.146,14.789,11.920,9.98900,-1.15000
12.615,14.106,11.432,9.98900,-1.15000
12.223,13.633,11.065,9.98900,-1.15000
11.620,12.936,10.495,9.98900,-1.15000
11.068,12.319,9.967,9.98900,-1.15000
10.646,11.853,9.562,9.98900,-1.15000
10.302,11.475,9.232,9.98900,-1.15000
9.899,11.023,8.848,9.98900,-1.15000
9.420,10.475,8.400,9.98900,-1.15000
8.860,9.804,7.892,9.98900,-1.15000
8.259,9.090,7.351,9.98900,-1.15000
7.723,8.476,6.861,9.98900,-1.15000
7.533,8.260,6.689,9.98900,-1.15000
7.353,8.055,6.525,9.98900,-1.15000
7.202,7.885,6.386,9.98900,-1.15000
7.108,7.780,6.299,9.98900,-1.15000
6.942,7.595,6.147,9.98900,-1.15000
6.790,7.424,6.007,9.98900,-1.15000
6.706,7.331,5.930,9.98900,-1.15000
6.653,7.272,5.881,9.98900,-1.15000
6.543,7.152,5.779,9.98900,-1.15000
6.436,7.035,5.680,9.98900,-1.15000
6.334,6.923,5.584,9.98900,-1.15000
6.234,6.816,5.491,9.98900,-1.15000
6.190,6.768,5.449,9.98900,-1.15000
6.132,6.706,5.394,9.98900,-1.15000
6.013,6.579,5.281,9.98900,-1.15000
5.895,6.454,5.169,9.98900,-1.15000
5.783,6.337,5.062,9.98900,-1.15000
5.673,6.221,4.957,9.98900,-1.15000
5.580,6.123,4.867,9.98900,-1.15000
5.562,6.104,4.849,9.98900,-1.15000
5.447,5.985,4.739,9.98900,-1.15000
5.338,5.871,4.633,9.98900,-1.15000
5.189,5.718,4.487,9.98900,-1.15000
5.062,5.589,4.363,9.98900,-1.15000
5.058,5.585,4.359,9.98900,-1.15000
4.996,5.523,4.296,9.98900,-1.15000
4.859,5.388,4.157,9.98900,-1.15000
4.728,5.262,4.022,9.98900,-1.15000
4.701,5.237,3.995,9.98900,-1.15000
4.687,5.223,3.979,9.98900,-1.15000
4.675,5.213,3.967,9.98900,-1.15000
4.561,5.109,3.844,9.98900,-1.15000
4.469,5.031,3.741,9.98900,-1.15000
4.397,4.975,3.656,9.98900,-1.15000
4.343,4.938,3.589,9.98900,-1.15000
4.298,4.912,3.531,9.98900,-1.15000
4.248,4.879,3.467,9.98900,-1.15000
4.176,4.824,3.384,9.98900,-1.15000
4.076,4.736,3.275,9.98900,-1.15000
4.010,4.675,3.204,9.98900,-1.15000
3.973,4.640,3.166,9.98900,-1.15000
3.872,4.544,3.062,9.98900,-1.15000
3.765,4.442,2.952,9.98900,-1.15000
3.653,4.333,2.837,9.98900,-1.15000
3.527,4.211,2.709,9.98900,-1.15000
3.414,4.101,2.593,9.98900,-1.15000
3.289,3.980,2.467,9.98900,-1.15000
3.168,3.861,2.343,9.98900,-1.15000
3.040,3.737,2.213,9.98900,-1.15000
2.921,3.621,2.092,9.98900,-1.15000
2.802,3.506,1.970,9.98900,-1.15000
2.683,3.391,1.849,9.98900,-1.15000
2.562,3.274,1.725,9.98900,-1.15000
2.451,3.167,1.611,9.98900,-1.15000
2.335,3.055,1.492,9.98900,-1.15000
2.217,2.941,1.371,9.98900,-1.15000
2.102,2.831,1.254,9.98900,-1.15000
1.987,2.721,1.136,9.98900,-1.15000
1.880,2.619,1.026,9.98900,-1.15000
1.766,2.510,0.908,9.98900,-1.15000
1.656,2.405,0.795,9.98900,-1.15000
1.544,2.300,0.680,9.98900,-1.15000
1.434,2.195,0.566,9.98900,-1.15000
1.328,2.095,0.456,9.98900,-1.15000
1.219,1.992,0.344,9.98900,-1.15000
1.121,1.900,0.243,9.98900,-1.15000
1.031,1.815,0.149,9.98900,-1.15000
1.081,1.861,0.202,9.98900,-1.15000
1.109,1.886,0.231,9.98900,-1.15000
1.021,1.804,0.140,9.98900,-1.15000
0.923,1.712,0.038,9.98900,-1.15000
0.823,1.619,-0.065,9.98900,-1.15000
0.724,1.526,-0.169,9.98900,-1.15000
0.623,1.433,-0.275,9.98900,-1.15000
0.525,1.344,-0.377,9.98900,-1.15000
0.427,1.255,-0.479,9.98900,-1.15000
0.331,1.167,-0.580,9.98900,-1.15000
0.236,1.082,-0.680,9.98900,-1.15000
0.145,0.999,-0.776,9.98900,-1.15000
0.053,0.917,-0.873,9.98900,-1.15000
-0.037,0.837,-0.968,9.98900,-1.15000
-0.125,0.759,-1.061,9.98900,-1.15000
-0.209,0.685,-1.150,9.98900,-1.15000
-0.311,0.596,-1.258,9.98900,-1.15000
-0.392,0.525,-1.345,9.98900,-1.15000
-0.487,0.443,-1.446,9.98900,-1.15000
-0.584,0.359,-1.549,9.98900,-1.15000
-0.662,0.292,-1.633,9.98900,-1.15000
-0.751,0.216,-1.729,9.98900,-1.15000
-0.841,0.139,-1.826,9.98900,-1.15000
-0.932,0.062,-1.923,9.98900,-1.15000
-1.014,-0.005,-2.012,9.98900,-1.15000
-1.097,-0.072,-2.101,9.98900,-1.15000
-1.179,-0.138,-2.191,9.98900,-1.15000
-1.259,-0.202,-2.278,9.98900,-1.15000
-1.336,-0.262,-2.362,9.98900,-1.15000
-1.411,-0.322,-2.445,9.98900,-1.15000
-1.488,-0.381,-2.529,9.98900,-1.15000
-1.558,-0.435,-2.605,9.98900,-1.15000
-1.629,-0.489,-2.683,9.98900,-1.15000
-1.699,-0.542,-2.760,9.98900,-1.15000
-1.765,-0.591,-2.833,9.98900,-1.15000
-1.827,-0.634,-2.903,9.98900,-1.15000
-1.886,-0.674,-2.969,9.98900,-1.15000
-1.943,-0.713,-3.033,9.98900,-1.15000
-1.955,-0.721,-3.046,9.98900,-1.15000
1.542,2.210,0.736,9.98900,-1.15000
1.502,2.172,0.693,9.98900,-1.15000
1.494,2.165,0.685,9.98900,-1.15000
1.490,2.160,0.681,9.98900,-1.15000
1.487,2.157,0.679,9.98900,-1.15000
1.487,2.155,0.679,9.98900,-1.15000
1.488,2.155,0.681,9.98900,-1.15000
1.490,2.155,0.684,9.98900,-1.15000
1.492,2.156,0.687,9.98900,-1.15000
1.494,2.156,0.690,9.98900,-1.15000
1.495,2.157,0.692,9.98900,-1.15000
1.497,2.157,0.695,9.98900,-1.15000
1.498,2.157,0.697,9.98900,-1.15000
1.499,2.156,0.699,9.98900,-1.15000
1.500,2.156,0.700,9.98900,-1.15000
1.500,2.156,0.700,9.98900,-1.15000
1.500,2.155,0.701,9.98900,-1.15000
1.499,2.154,0.701,9.98900,-1.15000
1.498,2.152,0.700,9.98900,-1.15000
1.496,2.150,0.698,9.98900,-1.15000
1.493,2.148,0.695,9.98900,-1.15000
1.490,2.144,0.692,9.98900,-1.15000
1.485,2.140,0.687,9.98900,-1.15000
1.485,2.140,0.686,9.98900,-1.15000
1.480,2.136,0.681,9.98900,-1.15000
1.474,2.130,0.674,9.98900,-1.15000
1.467,2.125,0.666,9.98900,-1.15000
1.461,2.120,0.660,9.98900,-1.15000
1.450,2.110,0.647,9.98900,-1.15000
1.437,2.099,0.633,9.98900,-1.15000
1.423,2.088,0.617,9.98900,-1.15000
1.408,2.075,0.601,9.98900,-1.15000
1.388,2.058,0.579,9.98900,-1.15000
1.367,2.040,0.556,9.98900,-1.15000
1.335,2.012,0.521,9.98900,-1.15000
1.272,1.957,0.452,9.98900,-1.15000
1.189,1.885,0.363,9.98900,-1.15000
1.105,1.811,0.272,9.98900,-1.15000
1.016,1.733,0.176,9.98900,-1.15000
0.929,1.656,0.083,9.98900,-1.15000
0.848,1.584,-0.004,9.98900,-1.15000
0.788,1.530,-0.068,9.98900,-1.15000
0.787,1.529,-0.069,9.98900,-1.15000
0.772,1.516,-0.084,9.98900,-1.15000
0.663,1.417,-0.200,9.98900,-1.15000
0.568,1.332,-0.302,9.98900,-1.15000
0.432,1.210,-0.446,9.98900,-1.15000
0.434,1.212,-0.443,9.98900,-1.15000
0.497,1.268,-0.377,9.98900,-1.15000
0.403,1.184,-0.477,9.98900,-1.15000
0.328,1.117,-0.556,9.98900,-1.15000
0.254,1.051,-0.635,9.98900,-1.15000
0.166,0.973,-0.729,9.98900,-1.15000
0.077,0.894,-0.824,9.98900,-1.15000
-0.014,0.814,-0.920,9.98900,-1.15000
-0.104,0.735,-1.016,9.98900,-1.15000
-0.194,0.657,-1.113,9.98900,-1.15000
-0.282,0.583,-1.207,9.98900,-1.15000
-0.367,0.512,-1.300,9.98900,-1.15000
-0.407,0.483,-1.346,9.98900,-1.15000
-0.480,0.431,-1.429,9.98900,-1.15000
-0.553,0.379,-1.512,9.98900,-1.15000
-0.634,0.311,-1.600,9.98900,-1.15000
-0.716,0.243,-1.689,9.98900,-1.15000
-0.794,0.179,-1.774,9.98900,-1.15000
-0.872,0.117,-1.859,9.98900,-1.15000
-0.950,0.056,-1.946,9.98900,-1.15000
-1.020,0.002,-2.023,9.98900,-1.15000
-1.077,-0.043,-2.085,9.98900,-1.15000
-1.134,-0.091,-2.146,9.98900,-1.15000
-1.208,-0.161,-2.222,9.98900,-1.15000
-1.286,-0.244,-2.297,9.98900,-1.15000
-1.380,-0.367,-2.377,9.98900,-1.15000
-1.426,-0.431,-2.416,9.98900,-1.15000
30.984,31.876,30.043,9.98900,-1.15000
