Gmag,G_BPmag,G_RPmag,logAge,MH
14.545,16.865,13.189,9.98900,-1.50000
13.697,15.422,12.453,9.98900,-1.50000
13.660,15.365,12.421,9.98900,-1.50000
13.021,14.496,11.843,9.98900,-1.50000
12.825,14.245,11.665,9.98900,-1.50000
12.505,13.857,11.367,9.98900,-1.50000
12.318,13.634,11.194,9.98900,-1.50000
11.934,13.191,10.831,9.98900,-1.50000
11.346,12.534,10.270,9.98900,-1.50000
10.805,11.940,9.749,9.98900,-1.50000
10.347,11.441,9.308,9.98900,-1.50000
10.082,11.153,9.054,9.98900,-1.50000
10.057,11.126,9.030,9.98900,-1.50000
10.014,11.077,8.989,9.98900,-1.50000
9.681,10.705,8.675,9.98900,-1.50000
9.215,10.168,8.242,9.98900,-1.50000
8.687,9.551,7.761,9.98900,-1.50000
8.137,8.926,7.253,9.98900,-1.50000
7.619,8.343,6.776,9.98900,-1.50000
7.538,8.251,6.701,9.98900,-1.50000
7.405,8.100,6.579,9.98900,-1.50000
7.251,7.928,6.439,9.98900,-1.50000
7.112,7.772,6.312,9.98900,-1.50000
7.108,7.767,6.307,9.98900,-1.50000
7.058,7.711,6.262,9.98900,-1.50000
6.902,7.537,6.119,9.98900,-1.50000
6.756,7.375,5.984,9.98900,-1.50000
6.617,7.221,5.855,9.98900,-1.50000
6.607,7.211,5.846,9.98900,-1.50000
6.513,7.108,5.759,9.98900,-1.50000
6.380,6.963,5.635,9.98900,-1.50000
6.248,6.820,5.511,9.98900,-1.50000
6.126,6.689,5.396,9.98900,-1.50000
6.065,6.623,5.338,9.98900,-1.50000
5.991,6.545,5.269,9.98900,-1.50000
5.861,6.406,5.146,9.98900,-1.50000
5.733,6.271,5.024,9.98900,-1.50000
5.612,6.143,4.908,9.98900,-1.50000
5.489,6.014,4.790,9.98900,-1.50000
5.384,5.904,4.689,9.98900,-1.50000
5.357,5.876,4.663,9.98900,-1.50000
5.235,5.749,4.545,9.98900,-1.50000
5.114,5.625,4.428,9.98900,-1.50000
4.970,5.478,4.286,9.98900,-1.50000
4.948,5.456,4.265,9.98900,-1.50000
4.901,5.409,4.218,9.98900,-1.50000
4.759,5.268,4.074,9.98900,-1.50000
4.620,5.134,3.930,9.98900,-1.50000
4.593,5.110,3.902,9.98900,-1.50000
4.566,5.085,3.873,9.98900,-1.50000
4.469,4.998,3.768,9.98900,-1.50000
4.386,4.926,3.675,9.98900,-1.50000
4.313,4.866,3.590,9.98900,-1.50000
4.249,4.818,3.514,9.98900,-1.50000
4.194,4.779,3.446,9.98900,-1.50000
4.145,4.746,3.385,9.98900,-1.50000
4.091,4.709,3.320,9.98900,-1.50000
4.019,4.652,3.236,9.98900,-1.50000
3.962,4.603,3.173,9.98900,-1.50000
3.909,4.556,3.115,9.98900,-1.50000
3.850,4.503,3.053,9.98900,-1.50000
3.799,4.455,2.999,9.98900,-1.50000
3.689,4.350,2.885,9.98900,-1.50000
3.589,4.254,2.783,9.98900,-1.50000
3.483,4.152,2.675,9.98900,-1.50000
3.364,4.037,2.553,9.98900,-1.50000
3.258,3.933,2.444,9.98900,-1.50000
3.139,3.818,2.324,9.98900,-1.50000
3.023,3.705,2.206,9.98900,-1.50000
2.910,3.595,2.091,9.98900,-1.50000
2.796,3.483,1.975,9.98900,-1.50000
2.682,3.372,1.859,9.98900,-1.50000
2.565,3.259,1.740,9.98900,-1.50000
2.455,3.151,1.627,9.98900,-1.50000
2.341,3.042,1.512,9.98900,-1.50000
2.226,2.930,1.394,9.98900,-1.50000
2.115,2.822,1.280,9.98900,-1.50000
2.001,2.712,1.164,9.98900,-1.50000
1.888,2.603,1.048,9.98900,-1.50000
1.777,2.497,0.935,9.98900,-1.50000
1.666,2.389,0.821,9.98900,-1.50000
1.555,2.283,0.707,9.98900,-1.50000
1.444,2.177,0.593,9.98900,-1.50000
1.332,2.070,0.478,9.98900,-1.50000
1.222,1.965,0.365,9.98900,-1.50000
1.111,1.859,0.250,9.98900,-1.50000
1.006,1.759,0.142,9.98900,-1.50000
0.903,1.662,0.036,9.98900,-1.50000
0.803,1.567,-0.067,9.98900,-1.50000
0.710,1.478,-0.163,9.98900,-1.50000
0.738,1.504,-0.134,9.98900,-1.50000
0.769,1.533,-0.102,9.98900,-1.50000
0.672,1.441,-0.202,9.98900,-1.50000
0.570,1.346,-0.307,9.98900,-1.50000
0.469,1.251,-0.412,9.98900,-1.50000
0.370,1.158,-0.515,9.98900,-1.50000
0.271,1.066,-0.618,9.98900,-1.50000
0.170,0.972,-0.723,9.98900,-1.50000
0.073,0.884,-0.824,9.98900,-1.50000
-0.026,0.792,-0.928,9.98900,-1.50000
-0.141,0.689,-1.049,9.98900,-1.50000
-0.239,0.600,-1.151,9.98900,-1.50000
-0.352,0.500,-1.271,9.98900,-1.50000
-0.446,0.416,-1.371,9.98900,-1.50000
-0.557,0.320,-1.489,9.98900,-1.50000
-0.668,0.224,-1.607,9.98900,-1.50000
-0.777,0.130,-1.724,9.98900,-1.50000
-0.877,0.044,-1.832,9.98900,-1.50000
-0.982,-0.047,-1.944,9.98900,-1.50000
-1.083,-0.133,-2.051,9.98900,-1.50000
-1.181,-0.217,-2.156,9.98900,-1.50000
-1.281,-0.301,-2.265,9.98900,-1.50000
-1.373,-0.375,-2.365,9.98900,-1.50000
-1.466,-0.451,-2.465,9.98900,-1.50000
-1.561,-0.528,-2.569,9.98900,-1.50000
-1.648,-0.596,-2.663,9.98900,-1.50000
-1.739,-0.669,-2.763,9.98900,-1.50000
-1.829,-0.740,-2.861,9.98900,-1.50000
-1.917,-0.809,-2.957,9.98900,-1.50000
-2.002,-0.873,-3.051,9.98900,-1.50000
-2.030,-0.893,-3.081,9.98900,-1.50000
1.542,2.169,0.763,9.98900,-1.50000
1.495,2.126,0.713,9.98900,-1.50000
1.489,2.120,0.708,9.98900,-1.50000
1.485,2.116,0.704,9.98900,-1.50000
1.483,2.113,0.702,9.98900,-1.50000
1.482,2.111,0.702,9.98900,-1.50000
1.482,2.109,0.703,9.98900,-1.50000
1.483,2.108,0.706,9.98900,-1.50000
1.485,2.108,0.709,9.98900,-1.50000
1.486,2.107,0.712,9.98900,-1.50000
1.488,2.107,0.714,9.98900,-1.50000
1.489,2.106,0.717,9.98900,-1.50000
1.490,2.105,0.720,9.98900,-1.50000
1.491,2.104,0.722,9.98900,-1.50000
1.491,2.103,0.723,9.98900,-1.50000
1.491,2.103,0.723,9.98900,-1.50000
1.491,2.102,0.723,9.98900,-1.50000
1.490,2.100,0.723,9.98900,-1.50000
1.488,2.098,0.722,9.98900,-1.50000
1.486,2.096,0.720,9.98900,-1.50000
1.483,2.094,0.717,9.98900,-1.50000
1.479,2.091,0.712,9.98900,-1.50000
1.474,2.087,0.705,9.98900,-1.50000
1.472,2.085,0.703,9.98900,-1.50000
1.467,2.081,0.696,9.98900,-1.50000
1.460,2.077,0.689,9.98900,-1.50000
1.454,2.072,0.681,9.98900,-1.50000
1.446,2.066,0.671,9.98900,-1.50000
1.437,2.059,0.661,9.98900,-1.50000
1.429,2.053,0.651,9.98900,-1.50000
1.416,2.044,0.637,9.98900,-1.50000
1.398,2.031,0.615,9.98900,-1.50000
1.379,2.016,0.593,9.98900,-1.50000
1.363,2.003,0.575,9.98900,-1.50000
1.337,1.982,0.546,9.98900,-1.50000
1.298,1.949,0.502,9.98900,-1.50000
1.231,1.892,0.428,9.98900,-1.50000
1.154,1.826,0.343,9.98900,-1.50000
1.069,1.752,0.251,9.98900,-1.50000
0.982,1.675,0.157,9.98900,-1.50000
0.894,1.596,0.063,9.98900,-1.50000
0.815,1.525,-0.022,9.98900,-1.50000
0.808,1.519,-0.029,9.98900,-1.50000
0.751,1.467,-0.090,9.98900,-1.50000
0.640,1.365,-0.206,9.98900,-1.50000
0.543,1.277,-0.308,9.98900,-1.50000
0.454,1.195,-0.402,9.98900,-1.50000
0.398,1.143,-0.461,9.98900,-1.50000
0.425,1.167,-0.433,9.98900,-1.50000
0.500,1.237,-0.353,9.98900,-1.50000
0.467,1.207,-0.389,9.98900,-1.50000
0.366,1.115,-0.495,9.98900,-1.50000
0.287,1.044,-0.578,9.98900,-1.50000
0.194,0.958,-0.676,9.98900,-1.50000
0.096,0.869,-0.779,9.98900,-1.50000
-0.002,0.779,-0.883,9.98900,-1.50000
-0.100,0.690,-0.985,9.98900,-1.50000
-0.200,0.600,-1.091,9.98900,-1.50000
-0.300,0.509,-1.197,9.98900,-1.50000
-0.400,0.422,-1.303,9.98900,-1.50000
-0.498,0.336,-1.408,9.98900,-1.50000
-0.596,0.251,-1.513,9.98900,-1.50000
-0.693,0.168,-1.617,9.98900,-1.50000
-0.789,0.087,-1.720,9.98900,-1.50000
-0.883,0.008,-1.823,9.98900,-1.50000
-0.979,-0.071,-1.926,9.98900,-1.50000
-1.073,-0.149,-2.028,9.98900,-1.50000
-1.164,-0.226,-2.127,9.98900,-1.50000
-1.258,-0.303,-2.229,9.98900,-1.50000
-1.349,-0.377,-2.328,9.98900,-1.50000
-1.435,-0.446,-2.422,9.98900,-1.50000
-1.524,-0.517,-2.520,9.98900,-1.50000
-1.636,-0.604,-2.642,9.98900,-1.50000
-1.797,-0.727,-2.820,9.98900,-1.50000
-1.811,-0.738,-2.836,9.98900,-1.50000
-1.881,-0.791,-2.914,9.98900,-1.50000
-1.975,-0.860,-3.018,9.98900,-1.50000
-2.043,-0.907,-3.094,9.98900,-1.50000
-2.058,-0.917,-3.111,9.98900,-1.50000
-2.056,-0.916,-3.108,9.98900,-1.50000
-2.268,-1.078,-3.340,9.98900,-1.50000
-1.970,-0.859,-3.011,9.98900,-1.50000
-1.689,-0.648,-2.699,9.98900,-1.50000
-1.271,-0.322,-2.238,9.98900,-1.50000
-1.282,-0.331,-2.252,9.98900,-1.50000
-1.484,-0.489,-2.474,9.98900,-1.50000
-1.795,-0.724,-2.818,9.98900,-1.50000
-2.052,-0.907,-3.107,9.98900,-1.50000
-2.214,-1.010,-3.292,9.98900,-1.50000
-2.300,-1.062,-3.391,9.98900,-1.50000
-2.343,-1.084,-3.441,9.98900,-1.50000
-2.368,-1.095,-3.472,9.98900,-1.50000
31.422,31.676,30.998,9.98900,-1.50000
