Gmag,G_BPmag,G_RPmag,logAge,MH
14.579,16.948,13.214,10.01072,-1.45000
14.118,16.123,12.814,10.01072,-1.45000
13.706,15.455,12.456,10.01072,-1.45000
13.211,14.764,12.010,10.01072,-1.45000
12.867,14.314,11.699,10.01072,-1.45000
12.357,13.695,11.225,10.01072,-1.45000
11.971,13.246,10.861,10.01072,-1.45000
11.380,12.585,10.297,10.01072,-1.45000
10.838,11.989,9.776,10.01072,-1.45000
10.424,11.538,9.378,10.01072,-1.45000
10.421,11.534,9.375,10.01072,-1.45000
10.091,11.173,9.057,10.01072,-1.45000
9.752,10.795,8.737,10.01072,-1.45000
9.709,10.747,8.696,10.01072,-1.45000
9.238,10.204,8.259,10.01072,-1.45000
9.163,10.115,8.191,10.01072,-1.45000
8.701,9.574,7.770,10.01072,-1.45000
8.432,9.264,7.523,10.01072,-1.45000
8.139,8.931,7.253,10.01072,-1.45000
7.613,8.339,6.769,10.01072,-1.45000
7.487,8.196,6.654,10.01072,-1.45000
7.329,8.018,6.509,10.01072,-1.45000
7.185,7.856,6.377,10.01072,-1.45000
7.093,7.753,6.292,10.01072,-1.45000
6.969,7.614,6.179,10.01072,-1.45000
6.823,7.451,6.044,10.01072,-1.45000
6.683,7.297,5.915,10.01072,-1.45000
6.582,7.186,5.821,10.01072,-1.45000
6.557,7.158,5.798,10.01072,-1.45000
6.455,7.047,5.703,10.01072,-1.45000
6.356,6.939,5.610,10.01072,-1.45000
6.218,6.790,5.481,10.01072,-1.45000
6.084,6.647,5.355,10.01072,-1.45000
6.018,6.576,5.292,10.01072,-1.45000
5.882,6.432,5.163,10.01072,-1.45000
5.735,6.277,5.023,10.01072,-1.45000
5.594,6.128,4.887,10.01072,-1.45000
5.453,5.981,4.752,10.01072,-1.45000
5.313,5.836,4.616,10.01072,-1.45000
5.278,5.800,4.582,10.01072,-1.45000
5.163,5.681,4.470,10.01072,-1.45000
5.019,5.535,4.329,10.01072,-1.45000
5.015,5.530,4.325,10.01072,-1.45000
4.968,5.483,4.278,10.01072,-1.45000
4.826,5.343,4.134,10.01072,-1.45000
4.686,5.209,3.990,10.01072,-1.45000
4.660,5.184,3.962,10.01072,-1.45000
4.608,5.136,3.906,10.01072,-1.45000
4.494,5.035,3.782,10.01072,-1.45000
4.399,4.955,3.674,10.01072,-1.45000
4.319,4.893,3.580,10.01072,-1.45000
4.241,4.838,3.485,10.01072,-1.45000
4.180,4.795,3.410,10.01072,-1.45000
4.103,4.736,3.321,10.01072,-1.45000
4.019,4.664,3.227,10.01072,-1.45000
3.916,4.570,3.117,10.01072,-1.45000
3.895,4.550,3.095,10.01072,-1.45000
3.780,4.441,2.976,10.01072,-1.45000
3.675,4.341,2.868,10.01072,-1.45000
3.548,4.219,2.739,10.01072,-1.45000
3.422,4.096,2.610,10.01072,-1.45000
3.284,3.962,2.470,10.01072,-1.45000
3.151,3.833,2.334,10.01072,-1.45000
3.029,3.714,2.210,10.01072,-1.45000
2.926,3.613,2.105,10.01072,-1.45000
2.801,3.492,1.978,10.01072,-1.45000
2.671,3.365,1.845,10.01072,-1.45000
2.541,3.239,1.713,10.01072,-1.45000
2.418,3.119,1.587,10.01072,-1.45000
2.296,3.001,1.463,10.01072,-1.45000
2.176,2.885,1.341,10.01072,-1.45000
2.054,2.768,1.216,10.01072,-1.45000
1.937,2.654,1.096,10.01072,-1.45000
1.817,2.539,0.974,10.01072,-1.45000
1.701,2.427,0.854,10.01072,-1.45000
1.588,2.319,0.738,10.01072,-1.45000
1.475,2.211,0.622,10.01072,-1.45000
1.366,2.107,0.510,10.01072,-1.45000
1.256,2.002,0.396,10.01072,-1.45000
1.149,1.900,0.286,10.01072,-1.45000
1.043,1.800,0.178,10.01072,-1.45000
0.939,1.701,0.070,10.01072,-1.45000
0.846,1.613,-0.027,10.01072,-1.45000
0.780,1.550,-0.094,10.01072,-1.45000
0.821,1.588,-0.051,10.01072,-1.45000
0.836,1.603,-0.035,10.01072,-1.45000
0.737,1.509,-0.138,10.01072,-1.45000
0.639,1.416,-0.240,10.01072,-1.45000
0.537,1.321,-0.345,10.01072,-1.45000
0.436,1.227,-0.450,10.01072,-1.45000
0.338,1.136,-0.552,10.01072,-1.45000
0.241,1.046,-0.653,10.01072,-1.45000
0.145,0.958,-0.753,10.01072,-1.45000
0.050,0.871,-0.853,10.01072,-1.45000
-0.040,0.789,-0.948,10.01072,-1.45000
-0.131,0.707,-1.043,10.01072,-1.45000
-0.240,0.609,-1.158,10.01072,-1.45000
-0.345,0.516,-1.269,10.01072,-1.45000
-0.450,0.424,-1.381,10.01072,-1.45000
-0.550,0.338,-1.487,10.01072,-1.45000
-0.647,0.254,-1.591,10.01072,-1.45000
-0.745,0.169,-1.696,10.01072,-1.45000
-0.835,0.091,-1.792,10.01072,-1.45000
-0.926,0.012,-1.889,10.01072,-1.45000
-1.016,-0.065,-1.986,10.01072,-1.45000
-1.099,-0.136,-2.074,10.01072,-1.45000
-1.184,-0.207,-2.166,10.01072,-1.45000
-1.268,-0.276,-2.256,10.01072,-1.45000
-1.343,-0.337,-2.338,10.01072,-1.45000
-1.419,-0.399,-2.421,10.01072,-1.45000
-1.497,-0.462,-2.506,10.01072,-1.45000
-1.568,-0.518,-2.583,10.01072,-1.45000
-1.641,-0.576,-2.663,10.01072,-1.45000
-1.713,-0.632,-2.741,10.01072,-1.45000
-1.782,-0.687,-2.816,10.01072,-1.45000
-1.850,-0.740,-2.891,10.01072,-1.45000
-1.915,-0.790,-2.962,10.01072,-1.45000
-1.975,-0.834,-3.029,10.01072,-1.45000
-2.019,-0.865,-3.078,10.01072,-1.45000
1.560,2.188,0.780,10.01072,-1.45000
1.515,2.147,0.732,10.01072,-1.45000
1.508,2.140,0.725,10.01072,-1.45000
1.504,2.136,0.721,10.01072,-1.45000
1.502,2.133,0.720,10.01072,-1.45000
1.501,2.131,0.720,10.01072,-1.45000
1.501,2.130,0.721,10.01072,-1.45000
1.503,2.129,0.724,10.01072,-1.45000
1.505,2.129,0.727,10.01072,-1.45000
1.506,2.129,0.731,10.01072,-1.45000
1.508,2.128,0.734,10.01072,-1.45000
1.510,2.128,0.737,10.01072,-1.45000
1.511,2.127,0.740,10.01072,-1.45000
1.512,2.127,0.742,10.01072,-1.45000
1.513,2.126,0.744,10.01072,-1.45000
1.513,2.126,0.744,10.01072,-1.45000
1.513,2.125,0.744,10.01072,-1.45000
1.512,2.124,0.745,10.01072,-1.45000
1.511,2.123,0.744,10.01072,-1.45000
1.510,2.120,0.742,10.01072,-1.45000
1.507,2.118,0.739,10.01072,-1.45000
1.503,2.115,0.735,10.01072,-1.45000
1.498,2.111,0.729,10.01072,-1.45000
1.493,2.108,0.724,10.01072,-1.45000
1.492,2.107,0.722,10.01072,-1.45000
1.486,2.102,0.714,10.01072,-1.45000
1.478,2.097,0.706,10.01072,-1.45000
1.471,2.092,0.697,10.01072,-1.45000
1.463,2.085,0.686,10.01072,-1.45000
1.454,2.079,0.676,10.01072,-1.45000
1.444,2.072,0.665,10.01072,-1.45000
1.434,2.064,0.653,10.01072,-1.45000
1.421,2.053,0.637,10.01072,-1.45000
1.400,2.037,0.614,10.01072,-1.45000
1.376,2.018,0.586,10.01072,-1.45000
1.346,1.994,0.553,10.01072,-1.45000
1.298,1.953,0.499,10.01072,-1.45000
1.215,1.882,0.407,10.01072,-1.45000
1.127,1.805,0.311,10.01072,-1.45000
1.040,1.730,0.218,10.01072,-1.45000
0.956,1.655,0.127,10.01072,-1.45000
0.884,1.591,0.050,10.01072,-1.45000
0.820,1.533,-0.018,10.01072,-1.45000
0.812,1.526,-0.026,10.01072,-1.45000
0.738,1.458,-0.105,10.01072,-1.45000
0.644,1.373,-0.205,10.01072,-1.45000
0.551,1.288,-0.303,10.01072,-1.45000
0.465,1.210,-0.393,10.01072,-1.45000
0.407,1.156,-0.455,10.01072,-1.45000
0.470,1.214,-0.388,10.01072,-1.45000
0.551,1.288,-0.302,10.01072,-1.45000
0.528,1.267,-0.327,10.01072,-1.45000
0.437,1.185,-0.423,10.01072,-1.45000
0.311,1.070,-0.556,10.01072,-1.45000
0.206,0.975,-0.666,10.01072,-1.45000
0.106,0.884,-0.772,10.01072,-1.45000
0.008,0.795,-0.875,10.01072,-1.45000
-0.089,0.706,-0.978,10.01072,-1.45000
-0.188,0.618,-1.082,10.01072,-1.45000
-0.285,0.531,-1.186,10.01072,-1.45000
-0.381,0.449,-1.288,10.01072,-1.45000
-0.473,0.379,-1.392,10.01072,-1.45000
-0.559,0.321,-1.493,10.01072,-1.45000
-0.652,0.244,-1.594,10.01072,-1.45000
-0.742,0.169,-1.691,10.01072,-1.45000
-0.830,0.095,-1.787,10.01072,-1.45000
-0.920,0.021,-1.884,10.01072,-1.45000
-1.006,-0.050,-1.977,10.01072,-1.45000
-1.098,-0.129,-2.076,10.01072,-1.45000
-1.203,-0.231,-2.181,10.01072,-1.45000
-1.299,-0.349,-2.266,10.01072,-1.45000
-1.351,-0.442,-2.298,10.01072,-1.45000
31.053,32.069,30.051,10.01072,-1.45000
