Gmag,G_BPmag,G_RPmag,logAge,MH
14.786,17.453,13.374,10.14613,-1.20000
14.164,16.318,12.829,10.14613,-1.20000
13.956,15.961,12.648,10.14613,-1.20000
13.284,14.958,12.050,10.14613,-1.20000
13.086,14.685,11.872,10.14613,-1.20000
12.558,14.016,11.386,10.14613,-1.20000
12.162,13.544,11.014,10.14613,-1.20000
11.552,12.844,10.436,10.14613,-1.20000
11.013,12.245,9.920,10.14613,-1.20000
11.005,12.236,9.912,10.14613,-1.20000
10.592,11.781,9.515,10.14613,-1.20000
10.251,11.407,9.187,10.14613,-1.20000
9.843,10.950,8.800,10.14613,-1.20000
9.707,10.794,8.673,10.14613,-1.20000
9.348,10.380,8.338,10.14613,-1.20000
8.761,9.676,7.807,10.14613,-1.20000
8.121,8.929,7.227,10.14613,-1.20000
7.538,8.266,6.693,10.14613,-1.20000
7.467,8.185,6.628,10.14613,-1.20000
7.337,8.038,6.509,10.14613,-1.20000
7.216,7.903,6.397,10.14613,-1.20000
7.098,7.772,6.287,10.14613,-1.20000
6.964,7.622,6.165,10.14613,-1.20000
6.952,7.608,6.154,10.14613,-1.20000
6.839,7.483,6.049,10.14613,-1.20000
6.716,7.347,5.935,10.14613,-1.20000
6.598,7.219,5.826,10.14613,-1.20000
6.486,7.097,5.720,10.14613,-1.20000
6.372,6.974,5.613,10.14613,-1.20000
6.326,6.924,5.569,10.14613,-1.20000
6.222,6.813,5.471,10.14613,-1.20000
6.098,6.682,5.353,10.14613,-1.20000
5.975,6.552,5.236,10.14613,-1.20000
5.852,6.423,5.117,10.14613,-1.20000
5.730,6.296,4.999,10.14613,-1.20000
5.611,6.172,4.882,10.14613,-1.20000
5.491,6.050,4.765,10.14613,-1.20000
5.461,6.020,4.736,10.14613,-1.20000
5.457,6.015,4.732,10.14613,-1.20000
5.416,5.973,4.691,10.14613,-1.20000
5.377,5.934,4.652,10.14613,-1.20000
5.219,5.778,4.493,10.14613,-1.20000
5.087,5.650,4.358,10.14613,-1.20000
5.064,5.627,4.334,10.14613,-1.20000
5.013,5.580,4.281,10.14613,-1.20000
4.904,5.480,4.164,10.14613,-1.20000
4.810,5.398,4.061,10.14613,-1.20000
4.727,5.329,3.968,10.14613,-1.20000
4.653,5.270,3.882,10.14613,-1.20000
4.571,5.206,3.788,10.14613,-1.20000
4.484,5.133,3.691,10.14613,-1.20000
4.395,5.053,3.595,10.14613,-1.20000
4.304,4.969,3.499,10.14613,-1.20000
4.288,4.954,3.482,10.14613,-1.20000
4.268,4.935,3.461,10.14613,-1.20000
4.158,4.830,3.347,10.14613,-1.20000
4.055,4.732,3.242,10.14613,-1.20000
3.932,4.612,3.117,10.14613,-1.20000
3.810,4.493,2.992,10.14613,-1.20000
3.675,4.362,2.855,10.14613,-1.20000
3.546,4.236,2.724,10.14613,-1.20000
3.426,4.119,2.602,10.14613,-1.20000
3.325,4.020,2.499,10.14613,-1.20000
3.203,3.900,2.375,10.14613,-1.20000
3.075,3.776,2.245,10.14613,-1.20000
2.947,3.652,2.115,10.14613,-1.20000
2.825,3.533,1.990,10.14613,-1.20000
2.704,3.417,1.867,10.14613,-1.20000
2.586,3.302,1.746,10.14613,-1.20000
2.464,3.185,1.622,10.14613,-1.20000
2.347,3.071,1.501,10.14613,-1.20000
2.226,2.956,1.378,10.14613,-1.20000
2.110,2.844,1.259,10.14613,-1.20000
1.997,2.735,1.143,10.14613,-1.20000
1.882,2.625,1.025,10.14613,-1.20000
1.771,2.520,0.911,10.14613,-1.20000
1.658,2.413,0.794,10.14613,-1.20000
1.549,2.309,0.681,10.14613,-1.20000
1.439,2.205,0.568,10.14613,-1.20000
1.329,2.101,0.454,10.14613,-1.20000
1.223,2.001,0.345,10.14613,-1.20000
1.167,1.947,0.287,10.14613,-1.20000
1.206,1.983,0.328,10.14613,-1.20000
1.209,1.985,0.331,10.14613,-1.20000
1.168,1.947,0.289,10.14613,-1.20000
1.066,1.851,0.183,10.14613,-1.20000
0.967,1.758,0.080,10.14613,-1.20000
0.864,1.662,-0.027,10.14613,-1.20000
0.762,1.568,-0.132,10.14613,-1.20000
0.661,1.475,-0.238,10.14613,-1.20000
0.566,1.388,-0.338,10.14613,-1.20000
0.466,1.297,-0.442,10.14613,-1.20000
0.350,1.191,-0.564,10.14613,-1.20000
0.254,1.105,-0.664,10.14613,-1.20000
0.142,1.004,-0.783,10.14613,-1.20000
0.050,0.923,-0.880,10.14613,-1.20000
-0.060,0.825,-0.997,10.14613,-1.20000
-0.165,0.733,-1.108,10.14613,-1.20000
-0.270,0.641,-1.220,10.14613,-1.20000
-0.370,0.555,-1.326,10.14613,-1.20000
-0.471,0.467,-1.434,10.14613,-1.20000
-0.570,0.382,-1.540,10.14613,-1.20000
-0.665,0.299,-1.642,10.14613,-1.20000
-0.760,0.219,-1.743,10.14613,-1.20000
-0.858,0.136,-1.848,10.14613,-1.20000
-0.945,0.064,-1.943,10.14613,-1.20000
-1.036,-0.009,-2.041,10.14613,-1.20000
-1.126,-0.081,-2.139,10.14613,-1.20000
-1.210,-0.148,-2.231,10.14613,-1.20000
-1.296,-0.217,-2.324,10.14613,-1.20000
-1.382,-0.285,-2.419,10.14613,-1.20000
-1.464,-0.349,-2.509,10.14613,-1.20000
-1.549,-0.414,-2.602,10.14613,-1.20000
-1.632,-0.477,-2.692,10.14613,-1.20000
-1.713,-0.535,-2.782,10.14613,-1.20000
-1.792,-0.591,-2.870,10.14613,-1.20000
-1.869,-0.645,-2.956,10.14613,-1.20000
-1.952,-0.702,-3.048,10.14613,-1.20000
1.674,2.295,0.901,10.14613,-1.20000
1.635,2.258,0.859,10.14613,-1.20000
1.630,2.253,0.854,10.14613,-1.20000
1.628,2.251,0.853,10.14613,-1.20000
1.628,2.249,0.854,10.14613,-1.20000
1.629,2.248,0.856,10.14613,-1.20000
1.632,2.248,0.861,10.14613,-1.20000
1.635,2.249,0.866,10.14613,-1.20000
1.639,2.250,0.873,10.14613,-1.20000
1.643,2.251,0.879,10.14613,-1.20000
1.647,2.252,0.884,10.14613,-1.20000
1.650,2.253,0.889,10.14613,-1.20000
1.653,2.253,0.894,10.14613,-1.20000
1.655,2.253,0.898,10.14613,-1.20000
1.656,2.253,0.900,10.14613,-1.20000
1.656,2.253,0.901,10.14613,-1.20000
1.656,2.253,0.901,10.14613,-1.20000
1.656,2.252,0.901,10.14613,-1.20000
1.655,2.251,0.901,10.14613,-1.20000
1.654,2.249,0.899,10.14613,-1.20000
1.651,2.247,0.895,10.14613,-1.20000
1.646,2.245,0.890,10.14613,-1.20000
1.641,2.241,0.882,10.14613,-1.20000
1.634,2.237,0.874,10.14613,-1.20000
1.633,2.236,0.872,10.14613,-1.20000
1.631,2.235,0.870,10.14613,-1.20000
1.623,2.230,0.859,10.14613,-1.20000
1.614,2.224,0.848,10.14613,-1.20000
1.604,2.218,0.836,10.14613,-1.20000
1.594,2.210,0.823,10.14613,-1.20000
1.581,2.201,0.808,10.14613,-1.20000
1.565,2.190,0.788,10.14613,-1.20000
1.550,2.178,0.770,10.14613,-1.20000
1.535,2.167,0.753,10.14613,-1.20000
1.510,2.147,0.724,10.14613,-1.20000
1.477,2.120,0.687,10.14613,-1.20000
1.435,2.084,0.640,10.14613,-1.20000
1.353,2.015,0.550,10.14613,-1.20000
1.274,1.947,0.463,10.14613,-1.20000
1.192,1.876,0.373,10.14613,-1.20000
1.111,1.806,0.285,10.14613,-1.20000
1.022,1.728,0.188,10.14613,-1.20000
0.938,1.654,0.098,10.14613,-1.20000
0.875,1.599,0.030,10.14613,-1.20000
0.848,1.575,0.001,10.14613,-1.20000
0.748,1.486,-0.105,10.14613,-1.20000
0.656,1.403,-0.203,10.14613,-1.20000
0.574,1.331,-0.290,10.14613,-1.20000
0.511,1.275,-0.358,10.14613,-1.20000
0.473,1.240,-0.398,10.14613,-1.20000
0.557,1.315,-0.309,10.14613,-1.20000
0.621,1.372,-0.240,10.14613,-1.20000
0.587,1.342,-0.278,10.14613,-1.20000
0.494,1.260,-0.377,10.14613,-1.20000
0.389,1.166,-0.488,10.14613,-1.20000
0.282,1.071,-0.602,10.14613,-1.20000
0.179,0.979,-0.713,10.14613,-1.20000
0.076,0.889,-0.822,10.14613,-1.20000
-0.025,0.800,-0.930,10.14613,-1.20000
-0.125,0.714,-1.038,10.14613,-1.20000
-0.224,0.630,-1.144,10.14613,-1.20000
-0.322,0.547,-1.249,10.14613,-1.20000
-0.415,0.476,-1.354,10.14613,-1.20000
-0.492,0.432,-1.448,10.14613,-1.20000
-0.586,0.351,-1.548,10.14613,-1.20000
-0.681,0.266,-1.648,10.14613,-1.20000
-0.789,0.159,-1.756,10.14613,-1.20000
-0.900,0.023,-1.854,10.14613,-1.20000
-0.956,-0.076,-1.889,10.14613,-1.20000
31.407,33.138,30.163,10.14613,-1.20000
