Gmag,G_BPmag,G_RPmag,logAge,MH
14.613,17.032,13.240,10.09691,-1.40000
14.498,16.824,13.139,10.09691,-1.40000
13.751,15.543,12.490,10.09691,-1.40000
12.906,14.379,11.730,10.09691,-1.40000
12.392,13.751,11.252,10.09691,-1.40000
12.001,13.295,10.884,10.09691,-1.40000
11.403,12.623,10.314,10.09691,-1.40000
10.863,12.028,9.795,10.09691,-1.40000
10.452,11.579,9.400,10.09691,-1.40000
10.119,11.215,9.080,10.09691,-1.40000
9.726,10.776,8.708,10.09691,-1.40000
9.245,10.221,8.261,10.09691,-1.40000
8.688,9.564,7.756,10.09691,-1.40000
8.095,8.885,7.210,10.09691,-1.40000
7.540,8.259,6.699,10.09691,-1.40000
7.494,8.207,6.657,10.09691,-1.40000
7.364,8.061,6.538,10.09691,-1.40000
7.240,7.921,6.424,10.09691,-1.40000
7.124,7.792,6.317,10.09691,-1.40000
7.017,7.672,6.219,10.09691,-1.40000
6.982,7.633,6.187,10.09691,-1.40000
6.943,7.589,6.151,10.09691,-1.40000
6.809,7.441,6.027,10.09691,-1.40000
6.684,7.303,5.911,10.09691,-1.40000
6.561,7.169,5.797,10.09691,-1.40000
6.444,7.042,5.688,10.09691,-1.40000
6.404,6.999,5.650,10.09691,-1.40000
6.328,6.916,5.578,10.09691,-1.40000
6.193,6.772,5.451,10.09691,-1.40000
6.068,6.639,5.333,10.09691,-1.40000
5.944,6.507,5.214,10.09691,-1.40000
5.819,6.376,5.094,10.09691,-1.40000
5.693,6.244,4.973,10.09691,-1.40000
5.666,6.216,4.947,10.09691,-1.40000
5.549,6.094,4.834,10.09691,-1.40000
5.410,5.951,4.698,10.09691,-1.40000
5.278,5.816,4.568,10.09691,-1.40000
5.236,5.773,4.526,10.09691,-1.40000
5.198,5.736,4.489,10.09691,-1.40000
5.044,5.584,4.334,10.09691,-1.40000
4.910,5.454,4.196,10.09691,-1.40000
4.885,5.431,4.170,10.09691,-1.40000
4.834,5.383,4.115,10.09691,-1.40000
4.720,5.280,3.992,10.09691,-1.40000
4.621,5.195,3.882,10.09691,-1.40000
4.536,5.125,3.785,10.09691,-1.40000
4.460,5.067,3.697,10.09691,-1.40000
4.381,5.006,3.604,10.09691,-1.40000
4.298,4.937,3.510,10.09691,-1.40000
4.211,4.861,3.417,10.09691,-1.40000
4.122,4.778,3.322,10.09691,-1.40000
4.106,4.764,3.305,10.09691,-1.40000
4.085,4.744,3.284,10.09691,-1.40000
3.972,4.637,3.167,10.09691,-1.40000
3.868,4.537,3.060,10.09691,-1.40000
3.743,4.416,2.932,10.09691,-1.40000
3.618,4.294,2.804,10.09691,-1.40000
3.482,4.161,2.666,10.09691,-1.40000
3.350,4.033,2.532,10.09691,-1.40000
3.229,3.915,2.409,10.09691,-1.40000
3.126,3.815,2.305,10.09691,-1.40000
3.003,3.694,2.179,10.09691,-1.40000
2.873,3.568,2.047,10.09691,-1.40000
2.871,3.566,2.045,10.09691,-1.40000
2.743,3.442,1.915,10.09691,-1.40000
2.620,3.321,1.789,10.09691,-1.40000
2.497,3.203,1.664,10.09691,-1.40000
2.377,3.087,1.541,10.09691,-1.40000
2.254,2.968,1.415,10.09691,-1.40000
2.134,2.852,1.293,10.09691,-1.40000
2.012,2.734,1.168,10.09691,-1.40000
1.894,2.620,1.047,10.09691,-1.40000
1.778,2.509,0.928,10.09691,-1.40000
1.661,2.397,0.808,10.09691,-1.40000
1.548,2.290,0.692,10.09691,-1.40000
1.433,2.180,0.573,10.09691,-1.40000
1.321,2.073,0.458,10.09691,-1.40000
1.209,1.967,0.343,10.09691,-1.40000
1.097,1.860,0.227,10.09691,-1.40000
0.993,1.762,0.120,10.09691,-1.40000
0.925,1.697,0.050,10.09691,-1.40000
0.955,1.725,0.082,10.09691,-1.40000
0.966,1.735,0.093,10.09691,-1.40000
0.869,1.643,-0.008,10.09691,-1.40000
0.772,1.552,-0.108,10.09691,-1.40000
0.671,1.458,-0.213,10.09691,-1.40000
0.569,1.362,-0.318,10.09691,-1.40000
0.471,1.271,-0.421,10.09691,-1.40000
0.372,1.180,-0.523,10.09691,-1.40000
0.276,1.092,-0.624,10.09691,-1.40000
0.180,1.004,-0.725,10.09691,-1.40000
0.088,0.920,-0.821,10.09691,-1.40000
-0.004,0.837,-0.918,10.09691,-1.40000
-0.116,0.737,-1.036,10.09691,-1.40000
-0.223,0.642,-1.149,10.09691,-1.40000
-0.331,0.547,-1.264,10.09691,-1.40000
-0.434,0.458,-1.374,10.09691,-1.40000
-0.533,0.373,-1.480,10.09691,-1.40000
-0.635,0.284,-1.588,10.09691,-1.40000
-0.729,0.202,-1.689,10.09691,-1.40000
-0.823,0.121,-1.789,10.09691,-1.40000
-0.919,0.038,-1.891,10.09691,-1.40000
-1.006,-0.036,-1.985,10.09691,-1.40000
-1.095,-0.110,-2.081,10.09691,-1.40000
-1.183,-0.182,-2.177,10.09691,-1.40000
-1.264,-0.248,-2.264,10.09691,-1.40000
-1.345,-0.313,-2.353,10.09691,-1.40000
-1.429,-0.380,-2.444,10.09691,-1.40000
-1.506,-0.441,-2.527,10.09691,-1.40000
-1.586,-0.505,-2.614,10.09691,-1.40000
-1.663,-0.566,-2.699,10.09691,-1.40000
-1.738,-0.624,-2.781,10.09691,-1.40000
-1.813,-0.682,-2.863,10.09691,-1.40000
-1.885,-0.734,-2.943,10.09691,-1.40000
-1.953,-0.783,-3.018,10.09691,-1.40000
-2.002,-0.817,-3.073,10.09691,-1.40000
1.641,2.241,0.882,10.09691,-1.40000
1.600,2.204,0.837,10.09691,-1.40000
1.593,2.197,0.831,10.09691,-1.40000
1.591,2.194,0.830,10.09691,-1.40000
1.590,2.192,0.830,10.09691,-1.40000
1.591,2.190,0.833,10.09691,-1.40000
1.592,2.189,0.837,10.09691,-1.40000
1.595,2.187,0.842,10.09691,-1.40000
1.598,2.187,0.848,10.09691,-1.40000
1.601,2.185,0.854,10.09691,-1.40000
1.604,2.184,0.860,10.09691,-1.40000
1.606,2.183,0.865,10.09691,-1.40000
1.608,2.182,0.869,10.09691,-1.40000
1.610,2.181,0.873,10.09691,-1.40000
1.611,2.180,0.876,10.09691,-1.40000
1.611,2.180,0.876,10.09691,-1.40000
1.611,2.180,0.876,10.09691,-1.40000
1.610,2.178,0.876,10.09691,-1.40000
1.609,2.177,0.875,10.09691,-1.40000
1.607,2.176,0.872,10.09691,-1.40000
1.603,2.175,0.867,10.09691,-1.40000
1.599,2.173,0.860,10.09691,-1.40000
1.593,2.171,0.851,10.09691,-1.40000
1.586,2.168,0.841,10.09691,-1.40000
1.585,2.168,0.839,10.09691,-1.40000
1.583,2.167,0.837,10.09691,-1.40000
1.575,2.164,0.825,10.09691,-1.40000
1.566,2.159,0.812,10.09691,-1.40000
1.554,2.153,0.797,10.09691,-1.40000
1.542,2.146,0.780,10.09691,-1.40000
1.529,2.138,0.764,10.09691,-1.40000
1.515,2.128,0.746,10.09691,-1.40000
1.502,2.119,0.730,10.09691,-1.40000
1.490,2.110,0.716,10.09691,-1.40000
1.468,2.094,0.691,10.09691,-1.40000
1.440,2.072,0.658,10.09691,-1.40000
1.406,2.044,0.619,10.09691,-1.40000
1.329,1.980,0.533,10.09691,-1.40000
1.251,1.914,0.446,10.09691,-1.40000
1.166,1.841,0.353,10.09691,-1.40000
1.085,1.771,0.265,10.09691,-1.40000
0.996,1.693,0.168,10.09691,-1.40000
0.913,1.619,0.079,10.09691,-1.40000
0.850,1.563,0.012,10.09691,-1.40000
0.822,1.537,-0.018,10.09691,-1.40000
0.723,1.448,-0.123,10.09691,-1.40000
0.640,1.374,-0.210,10.09691,-1.40000
0.581,1.320,-0.273,10.09691,-1.40000
0.556,1.297,-0.300,10.09691,-1.40000
0.569,1.308,-0.286,10.09691,-1.40000
0.591,1.328,-0.263,10.09691,-1.40000
0.604,1.340,-0.249,10.09691,-1.40000
0.561,1.301,-0.295,10.09691,-1.40000
0.491,1.239,-0.369,10.09691,-1.40000
0.376,1.135,-0.490,10.09691,-1.40000
0.263,1.032,-0.611,10.09691,-1.40000
0.153,0.933,-0.726,10.09691,-1.40000
0.047,0.838,-0.838,10.09691,-1.40000
-0.061,0.741,-0.953,10.09691,-1.40000
-0.169,0.644,-1.068,10.09691,-1.40000
-0.278,0.550,-1.184,10.09691,-1.40000
-0.387,0.456,-1.301,10.09691,-1.40000
-0.488,0.386,-1.419,10.09691,-1.40000
-0.591,0.311,-1.536,10.09691,-1.40000
-0.693,0.225,-1.646,10.09691,-1.40000
-0.797,0.135,-1.756,10.09691,-1.40000
-0.914,0.023,-1.875,10.09691,-1.40000
-1.027,-0.110,-1.979,10.09691,-1.40000
-1.072,-0.180,-2.011,10.09691,-1.40000
31.276,32.729,30.107,10.09691,-1.40000
