Gmag,G_BPmag,G_RPmag,logAge,MH
14.838,17.581,13.417,10.12222,-1.15000
14.458,16.869,13.080,10.12222,-1.15000
14.015,16.084,12.694,10.12222,-1.15000
13.140,14.780,11.914,10.12222,-1.15000
12.607,14.095,11.424,10.12222,-1.15000
12.209,13.616,11.052,10.12222,-1.15000
11.598,12.911,10.474,10.12222,-1.15000
11.047,12.297,9.947,10.12222,-1.15000
10.631,11.837,9.547,10.12222,-1.15000
10.288,11.459,9.218,10.12222,-1.15000
9.879,11.001,8.829,10.12222,-1.15000
9.386,10.435,8.369,10.12222,-1.15000
8.805,9.737,7.842,10.12222,-1.15000
8.168,8.987,7.267,10.12222,-1.15000
7.592,8.330,6.741,10.12222,-1.15000
7.468,8.188,6.627,10.12222,-1.15000
7.327,8.029,6.498,10.12222,-1.15000
7.196,7.883,6.378,10.12222,-1.15000
7.066,7.737,6.258,10.12222,-1.15000
7.020,7.686,6.216,10.12222,-1.15000
6.914,7.568,6.118,10.12222,-1.15000
6.779,7.418,5.993,10.12222,-1.15000
6.655,7.282,5.878,10.12222,-1.15000
6.530,7.146,5.761,10.12222,-1.15000
6.432,7.039,5.669,10.12222,-1.15000
6.407,7.012,5.646,10.12222,-1.15000
6.267,6.861,5.513,10.12222,-1.15000
6.126,6.711,5.380,10.12222,-1.15000
5.988,6.565,5.248,10.12222,-1.15000
5.859,6.429,5.124,10.12222,-1.15000
5.727,6.292,4.997,10.12222,-1.15000
5.682,6.245,4.953,10.12222,-1.15000
5.579,6.139,4.853,10.12222,-1.15000
5.414,5.969,4.691,10.12222,-1.15000
5.374,5.929,4.651,10.12222,-1.15000
5.305,5.860,4.582,10.12222,-1.15000
5.157,5.714,4.433,10.12222,-1.15000
5.026,5.588,4.299,10.12222,-1.15000
4.974,5.539,4.243,10.12222,-1.15000
4.862,5.438,4.123,10.12222,-1.15000
4.770,5.358,4.022,10.12222,-1.15000
4.679,5.283,3.918,10.12222,-1.15000
4.610,5.231,3.837,10.12222,-1.15000
4.535,5.172,3.749,10.12222,-1.15000
4.443,5.095,3.648,10.12222,-1.15000
4.349,5.011,3.546,10.12222,-1.15000
4.276,4.944,3.469,10.12222,-1.15000
4.256,4.926,3.449,10.12222,-1.15000
4.147,4.821,3.335,10.12222,-1.15000
4.045,4.723,3.231,10.12222,-1.15000
3.922,4.604,3.105,10.12222,-1.15000
3.799,4.485,2.980,10.12222,-1.15000
3.665,4.354,2.844,10.12222,-1.15000
3.535,4.227,2.712,10.12222,-1.15000
3.416,4.111,2.590,10.12222,-1.15000
3.314,4.012,2.487,10.12222,-1.15000
3.192,3.893,2.363,10.12222,-1.15000
3.065,3.769,2.234,10.12222,-1.15000
2.938,3.646,2.104,10.12222,-1.15000
2.816,3.528,1.980,10.12222,-1.15000
2.696,3.412,1.857,10.12222,-1.15000
2.579,3.298,1.737,10.12222,-1.15000
2.458,3.182,1.614,10.12222,-1.15000
2.342,3.070,1.495,10.12222,-1.15000
2.224,2.956,1.373,10.12222,-1.15000
2.109,2.846,1.256,10.12222,-1.15000
1.998,2.740,1.142,10.12222,-1.15000
1.885,2.632,1.026,10.12222,-1.15000
1.776,2.529,0.914,10.12222,-1.15000
1.666,2.424,0.800,10.12222,-1.15000
1.559,2.322,0.690,10.12222,-1.15000
1.453,2.222,0.579,10.12222,-1.15000
1.347,2.122,0.470,10.12222,-1.15000
1.244,2.025,0.364,10.12222,-1.15000
1.192,1.976,0.311,10.12222,-1.15000
1.228,2.008,0.348,10.12222,-1.15000
1.241,2.020,0.362,10.12222,-1.15000
1.150,1.935,0.268,10.12222,-1.15000
1.047,1.838,0.161,10.12222,-1.15000
0.944,1.741,0.054,10.12222,-1.15000
0.841,1.646,-0.053,10.12222,-1.15000
0.742,1.555,-0.157,10.12222,-1.15000
0.645,1.465,-0.258,10.12222,-1.15000
0.547,1.376,-0.361,10.12222,-1.15000
0.448,1.286,-0.464,10.12222,-1.15000
0.354,1.202,-0.562,10.12222,-1.15000
0.261,1.118,-0.660,10.12222,-1.15000
0.171,1.037,-0.756,10.12222,-1.15000
0.081,0.956,-0.851,10.12222,-1.15000
-0.008,0.878,-0.944,10.12222,-1.15000
-0.093,0.802,-1.035,10.12222,-1.15000
-0.196,0.712,-1.145,10.12222,-1.15000
-0.277,0.642,-1.231,10.12222,-1.15000
-0.370,0.561,-1.330,10.12222,-1.15000
-0.470,0.475,-1.436,10.12222,-1.15000
-0.551,0.405,-1.523,10.12222,-1.15000
-0.644,0.325,-1.622,10.12222,-1.15000
-0.738,0.245,-1.724,10.12222,-1.15000
-0.834,0.164,-1.826,10.12222,-1.15000
-0.920,0.093,-1.920,10.12222,-1.15000
-1.008,0.022,-2.015,10.12222,-1.15000
-1.095,-0.048,-2.110,10.12222,-1.15000
-1.179,-0.114,-2.202,10.12222,-1.15000
-1.262,-0.180,-2.292,10.12222,-1.15000
-1.343,-0.243,-2.381,10.12222,-1.15000
-1.426,-0.309,-2.472,10.12222,-1.15000
-1.502,-0.367,-2.555,10.12222,-1.15000
-1.579,-0.425,-2.639,10.12222,-1.15000
-1.655,-0.481,-2.723,10.12222,-1.15000
-1.727,-0.531,-2.804,10.12222,-1.15000
-1.796,-0.578,-2.881,10.12222,-1.15000
-1.864,-0.625,-2.956,10.12222,-1.15000
-1.926,-0.667,-3.027,10.12222,-1.15000
-1.940,-0.676,-3.042,10.12222,-1.15000
1.650,2.290,0.863,10.12222,-1.15000
1.612,2.255,0.823,10.12222,-1.15000
1.604,2.247,0.815,10.12222,-1.15000
1.601,2.244,0.812,10.12222,-1.15000
1.600,2.241,0.811,10.12222,-1.15000
1.601,2.241,0.813,10.12222,-1.15000
1.603,2.241,0.817,10.12222,-1.15000
1.606,2.242,0.821,10.12222,-1.15000
1.610,2.244,0.827,10.12222,-1.15000
1.613,2.245,0.832,10.12222,-1.15000
1.617,2.246,0.837,10.12222,-1.15000
1.620,2.247,0.841,10.12222,-1.15000
1.623,2.248,0.846,10.12222,-1.15000
1.625,2.248,0.849,10.12222,-1.15000
1.626,2.249,0.851,10.12222,-1.15000
1.627,2.249,0.852,10.12222,-1.15000
1.627,2.249,0.852,10.12222,-1.15000
1.627,2.248,0.853,10.12222,-1.15000
1.626,2.247,0.853,10.12222,-1.15000
1.625,2.246,0.851,10.12222,-1.15000
1.623,2.243,0.849,10.12222,-1.15000
1.619,2.241,0.845,10.12222,-1.15000
1.614,2.237,0.838,10.12222,-1.15000
1.608,2.232,0.831,10.12222,-1.15000
1.606,2.231,0.830,10.12222,-1.15000
1.603,2.229,0.826,10.12222,-1.15000
1.595,2.223,0.816,10.12222,-1.15000
1.587,2.217,0.806,10.12222,-1.15000
1.577,2.210,0.795,10.12222,-1.15000
1.567,2.202,0.783,10.12222,-1.15000
1.556,2.193,0.770,10.12222,-1.15000
1.544,2.184,0.756,10.12222,-1.15000
1.533,2.175,0.743,10.12222,-1.15000
1.529,2.172,0.739,10.12222,-1.15000
1.507,2.154,0.715,10.12222,-1.15000
1.478,2.130,0.682,10.12222,-1.15000
1.438,2.096,0.637,10.12222,-1.15000
1.373,2.041,0.566,10.12222,-1.15000
1.287,1.967,0.472,10.12222,-1.15000
1.197,1.889,0.374,10.12222,-1.15000
1.113,1.815,0.283,10.12222,-1.15000
1.027,1.741,0.190,10.12222,-1.15000
0.949,1.672,0.106,10.12222,-1.15000
0.880,1.610,0.031,10.12222,-1.15000
0.854,1.588,0.004,10.12222,-1.15000
0.759,1.503,-0.098,10.12222,-1.15000
0.667,1.421,-0.196,10.12222,-1.15000
0.588,1.350,-0.280,10.12222,-1.15000
0.562,1.327,-0.307,10.12222,-1.15000
0.539,1.307,-0.332,10.12222,-1.15000
0.619,1.377,-0.247,10.12222,-1.15000
0.636,1.393,-0.229,10.12222,-1.15000
0.624,1.383,-0.241,10.12222,-1.15000
0.544,1.311,-0.327,10.12222,-1.15000
0.433,1.213,-0.446,10.12222,-1.15000
0.313,1.106,-0.574,10.12222,-1.15000
0.210,1.015,-0.684,10.12222,-1.15000
0.111,0.928,-0.790,10.12222,-1.15000
0.015,0.845,-0.892,10.12222,-1.15000
-0.077,0.764,-0.991,10.12222,-1.15000
-0.167,0.687,-1.088,10.12222,-1.15000
-0.257,0.611,-1.184,10.12222,-1.15000
-0.345,0.537,-1.279,10.12222,-1.15000
-0.406,0.492,-1.349,10.12222,-1.15000
-0.470,0.459,-1.429,10.12222,-1.15000
-0.555,0.388,-1.520,10.12222,-1.15000
-0.640,0.315,-1.612,10.12222,-1.15000
-0.728,0.238,-1.705,10.12222,-1.15000
-0.820,0.152,-1.799,10.12222,-1.15000
-0.933,0.024,-1.905,10.12222,-1.15000
-1.018,-0.094,-1.973,10.12222,-1.15000
31.331,32.867,30.137,10.12222,-1.15000
