Gmag,G_BPmag,G_RPmag,logAge,MH
14.895,17.715,13.462,10.08814,-1.10000
14.512,16.995,13.123,10.08814,-1.10000
14.078,16.224,12.743,10.08814,-1.10000
13.196,14.881,11.958,10.08814,-1.10000
12.657,14.179,11.464,10.08814,-1.10000
12.258,13.693,11.091,10.08814,-1.10000
11.646,12.982,10.513,10.08814,-1.10000
11.092,12.360,9.984,10.08814,-1.10000
10.671,11.894,9.580,10.08814,-1.10000
10.326,11.514,9.249,10.08814,-1.10000
9.915,11.053,8.859,10.08814,-1.10000
9.427,10.492,8.402,10.08814,-1.10000
8.854,9.806,7.883,10.08814,-1.10000
8.224,9.057,7.315,10.08814,-1.10000
7.657,8.406,6.798,10.08814,-1.10000
7.646,8.393,6.788,10.08814,-1.10000
7.478,8.202,6.635,10.08814,-1.10000
7.325,8.029,6.495,10.08814,-1.10000
7.177,7.863,6.360,10.08814,-1.10000
7.100,7.777,6.289,10.08814,-1.10000
7.093,7.769,6.282,10.08814,-1.10000
6.947,7.606,6.148,10.08814,-1.10000
6.812,7.456,6.023,10.08814,-1.10000
6.678,7.308,5.899,10.08814,-1.10000
6.557,7.175,5.786,10.08814,-1.10000
6.548,7.166,5.778,10.08814,-1.10000
6.516,7.130,5.748,10.08814,-1.10000
6.415,7.020,5.653,10.08814,-1.10000
6.315,6.912,5.559,10.08814,-1.10000
6.176,6.764,5.429,10.08814,-1.10000
6.039,6.617,5.298,10.08814,-1.10000
5.907,6.477,5.172,10.08814,-1.10000
5.833,6.401,5.101,10.08814,-1.10000
5.669,6.230,4.943,10.08814,-1.10000
5.504,6.059,4.782,10.08814,-1.10000
5.345,5.896,4.625,10.08814,-1.10000
5.307,5.858,4.588,10.08814,-1.10000
5.239,5.790,4.520,10.08814,-1.10000
5.094,5.647,4.373,10.08814,-1.10000
4.965,5.523,4.241,10.08814,-1.10000
4.944,5.503,4.218,10.08814,-1.10000
4.869,5.433,4.139,10.08814,-1.10000
4.752,5.330,4.012,10.08814,-1.10000
4.661,5.254,3.909,10.08814,-1.10000
4.590,5.201,3.825,10.08814,-1.10000
4.523,5.153,3.744,10.08814,-1.10000
4.449,5.095,3.658,10.08814,-1.10000
4.366,5.024,3.565,10.08814,-1.10000
4.280,4.946,3.474,10.08814,-1.10000
4.233,4.904,3.425,10.08814,-1.10000
4.213,4.885,3.404,10.08814,-1.10000
4.104,4.781,3.291,10.08814,-1.10000
4.002,4.683,3.186,10.08814,-1.10000
3.879,4.564,3.061,10.08814,-1.10000
3.757,4.445,2.936,10.08814,-1.10000
3.623,4.315,2.799,10.08814,-1.10000
3.493,4.188,2.667,10.08814,-1.10000
3.373,4.071,2.546,10.08814,-1.10000
3.272,3.972,2.443,10.08814,-1.10000
3.151,3.854,2.320,10.08814,-1.10000
3.024,3.731,2.191,10.08814,-1.10000
2.898,3.609,2.062,10.08814,-1.10000
2.777,3.492,1.939,10.08814,-1.10000
2.658,3.377,1.817,10.08814,-1.10000
2.542,3.265,1.698,10.08814,-1.10000
2.423,3.151,1.577,10.08814,-1.10000
2.309,3.041,1.459,10.08814,-1.10000
2.193,2.929,1.340,10.08814,-1.10000
2.081,2.822,1.225,10.08814,-1.10000
1.972,2.718,1.113,10.08814,-1.10000
1.862,2.613,1.000,10.08814,-1.10000
1.757,2.513,0.892,10.08814,-1.10000
1.650,2.412,0.781,10.08814,-1.10000
1.547,2.314,0.675,10.08814,-1.10000
1.445,2.218,0.569,10.08814,-1.10000
1.346,2.125,0.467,10.08814,-1.10000
1.254,2.039,0.372,10.08814,-1.10000
1.201,1.988,0.317,10.08814,-1.10000
1.251,2.034,0.370,10.08814,-1.10000
1.260,2.042,0.380,10.08814,-1.10000
1.174,1.961,0.290,10.08814,-1.10000
1.075,1.869,0.188,10.08814,-1.10000
0.975,1.775,0.084,10.08814,-1.10000
0.876,1.682,-0.020,10.08814,-1.10000
0.774,1.589,-0.126,10.08814,-1.10000
0.676,1.499,-0.228,10.08814,-1.10000
0.578,1.409,-0.330,10.08814,-1.10000
0.482,1.322,-0.431,10.08814,-1.10000
0.387,1.236,-0.531,10.08814,-1.10000
0.294,1.152,-0.629,10.08814,-1.10000
0.200,1.068,-0.727,10.08814,-1.10000
0.110,0.987,-0.823,10.08814,-1.10000
0.021,0.908,-0.917,10.08814,-1.10000
-0.065,0.832,-1.008,10.08814,-1.10000
-0.170,0.740,-1.120,10.08814,-1.10000
-0.254,0.667,-1.209,10.08814,-1.10000
-0.353,0.581,-1.314,10.08814,-1.10000
-0.453,0.495,-1.421,10.08814,-1.10000
-0.534,0.425,-1.507,10.08814,-1.10000
-0.627,0.346,-1.607,10.08814,-1.10000
-0.722,0.265,-1.709,10.08814,-1.10000
-0.817,0.184,-1.812,10.08814,-1.10000
-0.903,0.113,-1.905,10.08814,-1.10000
-0.991,0.042,-2.000,10.08814,-1.10000
-1.080,-0.029,-2.097,10.08814,-1.10000
-1.164,-0.095,-2.189,10.08814,-1.10000
-1.247,-0.161,-2.279,10.08814,-1.10000
-1.329,-0.225,-2.369,10.08814,-1.10000
-1.412,-0.289,-2.460,10.08814,-1.10000
-1.488,-0.347,-2.543,10.08814,-1.10000
-1.566,-0.407,-2.629,10.08814,-1.10000
-1.643,-0.462,-2.714,10.08814,-1.10000
-1.715,-0.513,-2.795,10.08814,-1.10000
-1.786,-0.561,-2.873,10.08814,-1.10000
-1.853,-0.606,-2.949,10.08814,-1.10000
-1.916,-0.648,-3.020,10.08814,-1.10000
-1.930,-0.656,-3.035,10.08814,-1.10000
1.622,2.279,0.823,10.08814,-1.10000
1.584,2.243,0.783,10.08814,-1.10000
1.575,2.235,0.774,10.08814,-1.10000
1.572,2.231,0.771,10.08814,-1.10000
1.570,2.229,0.770,10.08814,-1.10000
1.571,2.228,0.771,10.08814,-1.10000
1.573,2.228,0.774,10.08814,-1.10000
1.576,2.230,0.779,10.08814,-1.10000
1.579,2.231,0.783,10.08814,-1.10000
1.583,2.232,0.788,10.08814,-1.10000
1.585,2.234,0.792,10.08814,-1.10000
1.588,2.235,0.796,10.08814,-1.10000
1.590,2.235,0.799,10.08814,-1.10000
1.592,2.236,0.802,10.08814,-1.10000
1.593,2.236,0.804,10.08814,-1.10000
1.594,2.236,0.804,10.08814,-1.10000
1.594,2.236,0.805,10.08814,-1.10000
1.594,2.235,0.805,10.08814,-1.10000
1.594,2.235,0.805,10.08814,-1.10000
1.592,2.233,0.804,10.08814,-1.10000
1.590,2.231,0.802,10.08814,-1.10000
1.588,2.229,0.800,10.08814,-1.10000
1.584,2.226,0.795,10.08814,-1.10000
1.579,2.222,0.789,10.08814,-1.10000
1.578,2.220,0.788,10.08814,-1.10000
1.575,2.218,0.785,10.08814,-1.10000
1.568,2.213,0.777,10.08814,-1.10000
1.561,2.207,0.769,10.08814,-1.10000
1.553,2.201,0.760,10.08814,-1.10000
1.543,2.193,0.749,10.08814,-1.10000
1.532,2.184,0.736,10.08814,-1.10000
1.519,2.174,0.722,10.08814,-1.10000
1.507,2.163,0.708,10.08814,-1.10000
1.492,2.151,0.691,10.08814,-1.10000
1.472,2.134,0.669,10.08814,-1.10000
1.458,2.123,0.653,10.08814,-1.10000
1.420,2.090,0.612,10.08814,-1.10000
1.357,2.036,0.543,10.08814,-1.10000
1.272,1.962,0.450,10.08814,-1.10000
1.182,1.884,0.352,10.08814,-1.10000
1.100,1.812,0.263,10.08814,-1.10000
1.013,1.736,0.170,10.08814,-1.10000
0.935,1.667,0.086,10.08814,-1.10000
0.862,1.603,0.007,10.08814,-1.10000
0.836,1.579,-0.021,10.08814,-1.10000
0.741,1.494,-0.122,10.08814,-1.10000
0.647,1.411,-0.222,10.08814,-1.10000
0.566,1.339,-0.308,10.08814,-1.10000
0.510,1.289,-0.368,10.08814,-1.10000
0.476,1.258,-0.404,10.08814,-1.10000
0.537,1.312,-0.340,10.08814,-1.10000
0.578,1.349,-0.296,10.08814,-1.10000
0.572,1.344,-0.302,10.08814,-1.10000
0.503,1.282,-0.376,10.08814,-1.10000
0.396,1.188,-0.490,10.08814,-1.10000
0.281,1.086,-0.613,10.08814,-1.10000
0.176,0.994,-0.724,10.08814,-1.10000
0.075,0.905,-0.832,10.08814,-1.10000
-0.025,0.818,-0.939,10.08814,-1.10000
-0.121,0.736,-1.042,10.08814,-1.10000
-0.216,0.655,-1.144,10.08814,-1.10000
-0.311,0.574,-1.246,10.08814,-1.10000
-0.397,0.508,-1.343,10.08814,-1.10000
-0.450,0.480,-1.408,10.08814,-1.10000
-0.533,0.415,-1.502,10.08814,-1.10000
-0.621,0.341,-1.597,10.08814,-1.10000
-0.708,0.269,-1.691,10.08814,-1.10000
-0.799,0.193,-1.788,10.08814,-1.10000
-0.900,0.099,-1.893,10.08814,-1.10000
-1.038,-0.060,-2.019,10.08814,-1.10000
-1.149,-0.220,-2.106,10.08814,-1.10000
31.202,32.489,30.088,10.08814,-1.10000
