Gmag,G_BPmag,G_RPmag,logAge,MH
14.658,17.138,13.275,10.05115,-1.35000
14.219,16.344,12.891,10.05115,-1.35000
13.803,15.649,12.530,10.05115,-1.35000
13.471,15.163,12.234,10.05115,-1.35000
12.953,14.457,11.767,10.05115,-1.35000
12.437,13.821,11.289,10.05115,-1.35000
12.048,13.364,10.923,10.05115,-1.35000
11.450,12.688,10.354,10.05115,-1.35000
10.907,12.089,9.832,10.05115,-1.35000
10.493,11.636,9.434,10.05115,-1.35000
10.157,11.269,9.112,10.05115,-1.35000
9.822,10.894,8.793,10.05115,-1.35000
9.765,10.830,8.739,10.05115,-1.35000
9.315,10.312,8.321,10.05115,-1.35000
9.287,10.279,8.295,10.05115,-1.35000
8.732,9.623,7.792,10.05115,-1.35000
8.144,8.945,7.254,10.05115,-1.35000
7.603,8.332,6.757,10.05115,-1.35000
7.491,8.205,6.654,10.05115,-1.35000
7.337,8.031,6.514,10.05115,-1.35000
7.207,7.885,6.393,10.05115,-1.35000
7.082,7.745,6.279,10.05115,-1.35000
7.066,7.727,6.264,10.05115,-1.35000
6.947,7.595,6.155,10.05115,-1.35000
6.806,7.437,6.025,10.05115,-1.35000
6.674,7.292,5.903,10.05115,-1.35000
6.551,7.157,5.788,10.05115,-1.35000
6.531,7.135,5.770,10.05115,-1.35000
6.474,7.073,5.717,10.05115,-1.35000
6.336,6.924,5.588,10.05115,-1.35000
6.204,6.781,5.463,10.05115,-1.35000
6.071,6.639,5.337,10.05115,-1.35000
5.948,6.509,5.221,10.05115,-1.35000
5.915,6.473,5.189,10.05115,-1.35000
5.858,6.413,5.134,10.05115,-1.35000
5.717,6.266,5.000,10.05115,-1.35000
5.578,6.120,4.865,10.05115,-1.35000
5.439,5.976,4.731,10.05115,-1.35000
5.306,5.840,4.601,10.05115,-1.35000
5.180,5.711,4.477,10.05115,-1.35000
5.140,5.671,4.438,10.05115,-1.35000
5.103,5.633,4.400,10.05115,-1.35000
5.031,5.562,4.328,10.05115,-1.35000
4.952,5.484,4.248,10.05115,-1.35000
4.816,5.353,4.108,10.05115,-1.35000
4.791,5.329,4.082,10.05115,-1.35000
4.739,5.281,4.027,10.05115,-1.35000
4.626,5.180,3.905,10.05115,-1.35000
4.532,5.099,3.799,10.05115,-1.35000
4.454,5.037,3.708,10.05115,-1.35000
4.377,4.980,3.616,10.05115,-1.35000
4.313,4.934,3.539,10.05115,-1.35000
4.234,4.871,3.447,10.05115,-1.35000
4.147,4.796,3.352,10.05115,-1.35000
4.042,4.701,3.241,10.05115,-1.35000
4.021,4.681,3.219,10.05115,-1.35000
3.908,4.573,3.102,10.05115,-1.35000
3.804,4.474,2.995,10.05115,-1.35000
3.679,4.353,2.867,10.05115,-1.35000
3.553,4.231,2.739,10.05115,-1.35000
3.417,4.098,2.600,10.05115,-1.35000
3.285,3.970,2.466,10.05115,-1.35000
3.164,3.851,2.343,10.05115,-1.35000
3.061,3.751,2.239,10.05115,-1.35000
2.938,3.631,2.113,10.05115,-1.35000
2.808,3.505,1.981,10.05115,-1.35000
2.679,3.379,1.849,10.05115,-1.35000
2.556,3.260,1.724,10.05115,-1.35000
2.435,3.143,1.600,10.05115,-1.35000
2.316,3.028,1.479,10.05115,-1.35000
2.195,2.911,1.354,10.05115,-1.35000
2.077,2.797,1.234,10.05115,-1.35000
1.957,2.682,1.112,10.05115,-1.35000
1.842,2.571,0.993,10.05115,-1.35000
1.729,2.463,0.877,10.05115,-1.35000
1.616,2.355,0.761,10.05115,-1.35000
1.506,2.251,0.648,10.05115,-1.35000
1.395,2.145,0.534,10.05115,-1.35000
1.289,2.044,0.424,10.05115,-1.35000
1.182,1.943,0.314,10.05115,-1.35000
1.077,1.843,0.206,10.05115,-1.35000
0.981,1.752,0.106,10.05115,-1.35000
0.917,1.691,0.040,10.05115,-1.35000
0.956,1.727,0.081,10.05115,-1.35000
0.971,1.741,0.097,10.05115,-1.35000
0.871,1.647,-0.006,10.05115,-1.35000
0.773,1.555,-0.107,10.05115,-1.35000
0.672,1.461,-0.212,10.05115,-1.35000
0.570,1.365,-0.319,10.05115,-1.35000
0.471,1.274,-0.421,10.05115,-1.35000
0.374,1.184,-0.523,10.05115,-1.35000
0.277,1.096,-0.624,10.05115,-1.35000
0.181,1.008,-0.725,10.05115,-1.35000
0.089,0.924,-0.822,10.05115,-1.35000
-0.003,0.841,-0.919,10.05115,-1.35000
-0.114,0.742,-1.036,10.05115,-1.35000
-0.222,0.647,-1.150,10.05115,-1.35000
-0.330,0.552,-1.264,10.05115,-1.35000
-0.432,0.464,-1.373,10.05115,-1.35000
-0.530,0.378,-1.478,10.05115,-1.35000
-0.632,0.289,-1.586,10.05115,-1.35000
-0.725,0.209,-1.686,10.05115,-1.35000
-0.819,0.128,-1.787,10.05115,-1.35000
-0.915,0.046,-1.889,10.05115,-1.35000
-1.001,-0.028,-1.982,10.05115,-1.35000
-1.090,-0.102,-2.077,10.05115,-1.35000
-1.179,-0.175,-2.173,10.05115,-1.35000
-1.259,-0.239,-2.260,10.05115,-1.35000
-1.340,-0.304,-2.349,10.05115,-1.35000
-1.424,-0.371,-2.440,10.05115,-1.35000
-1.500,-0.432,-2.523,10.05115,-1.35000
-1.580,-0.495,-2.610,10.05115,-1.35000
-1.657,-0.556,-2.695,10.05115,-1.35000
-1.732,-0.614,-2.776,10.05115,-1.35000
-1.807,-0.671,-2.858,10.05115,-1.35000
-1.878,-0.723,-2.938,10.05115,-1.35000
-1.946,-0.770,-3.013,10.05115,-1.35000
-1.995,-0.805,-3.067,10.05115,-1.35000
1.593,2.224,0.811,10.05115,-1.35000
1.548,2.183,0.764,10.05115,-1.35000
1.543,2.177,0.758,10.05115,-1.35000
1.539,2.173,0.755,10.05115,-1.35000
1.537,2.171,0.754,10.05115,-1.35000
1.537,2.169,0.755,10.05115,-1.35000
1.538,2.169,0.757,10.05115,-1.35000
1.540,2.169,0.760,10.05115,-1.35000
1.543,2.169,0.765,10.05115,-1.35000
1.545,2.169,0.769,10.05115,-1.35000
1.548,2.169,0.773,10.05115,-1.35000
1.550,2.169,0.776,10.05115,-1.35000
1.552,2.169,0.780,10.05115,-1.35000
1.553,2.169,0.782,10.05115,-1.35000
1.554,2.169,0.784,10.05115,-1.35000
1.554,2.169,0.785,10.05115,-1.35000
1.554,2.168,0.785,10.05115,-1.35000
1.554,2.167,0.785,10.05115,-1.35000
1.553,2.166,0.785,10.05115,-1.35000
1.551,2.164,0.783,10.05115,-1.35000
1.549,2.162,0.780,10.05115,-1.35000
1.546,2.160,0.776,10.05115,-1.35000
1.541,2.156,0.771,10.05115,-1.35000
1.536,2.152,0.764,10.05115,-1.35000
1.534,2.152,0.763,10.05115,-1.35000
1.533,2.151,0.762,10.05115,-1.35000
1.526,2.146,0.753,10.05115,-1.35000
1.519,2.141,0.744,10.05115,-1.35000
1.510,2.134,0.734,10.05115,-1.35000
1.500,2.127,0.722,10.05115,-1.35000
1.488,2.118,0.708,10.05115,-1.35000
1.475,2.108,0.692,10.05115,-1.35000
1.461,2.097,0.676,10.05115,-1.35000
1.447,2.086,0.660,10.05115,-1.35000
1.425,2.068,0.634,10.05115,-1.35000
1.396,2.044,0.602,10.05115,-1.35000
1.357,2.011,0.559,10.05115,-1.35000
1.278,1.944,0.471,10.05115,-1.35000
1.267,1.935,0.460,10.05115,-1.35000
1.189,1.867,0.374,10.05115,-1.35000
1.102,1.791,0.280,10.05115,-1.35000
1.014,1.714,0.185,10.05115,-1.35000
0.928,1.637,0.092,10.05115,-1.35000
0.847,1.566,0.006,10.05115,-1.35000
0.829,1.549,-0.013,10.05115,-1.35000
0.827,1.548,-0.015,10.05115,-1.35000
0.731,1.460,-0.118,10.05115,-1.35000
0.636,1.375,-0.217,10.05115,-1.35000
0.545,1.292,-0.315,10.05115,-1.35000
0.464,1.219,-0.400,10.05115,-1.35000
0.399,1.160,-0.469,10.05115,-1.35000
0.476,1.230,-0.387,10.05115,-1.35000
0.559,1.304,-0.300,10.05115,-1.35000
0.546,1.293,-0.313,10.05115,-1.35000
0.455,1.211,-0.410,10.05115,-1.35000
0.347,1.114,-0.524,10.05115,-1.35000
0.242,1.019,-0.635,10.05115,-1.35000
0.141,0.927,-0.742,10.05115,-1.35000
0.039,0.835,-0.850,10.05115,-1.35000
-0.064,0.743,-0.959,10.05115,-1.35000
-0.165,0.654,-1.067,10.05115,-1.35000
-0.265,0.566,-1.174,10.05115,-1.35000
-0.366,0.480,-1.281,10.05115,-1.35000
-0.459,0.411,-1.388,10.05115,-1.35000
-0.524,0.373,-1.467,10.05115,-1.35000
-0.617,0.296,-1.567,10.05115,-1.35000
-0.710,0.218,-1.667,10.05115,-1.35000
-0.801,0.141,-1.766,10.05115,-1.35000
-0.894,0.063,-1.866,10.05115,-1.35000
-0.995,-0.025,-1.973,10.05115,-1.35000
-1.118,-0.156,-2.092,10.05115,-1.35000
-1.220,-0.304,-2.170,10.05115,-1.35000
31.119,32.276,30.056,10.05115,-1.35000
