Gmag,G_BPmag,G_RPmag,logAge,MH
14.176,16.136,12.888,10.08991,-1.85000
13.750,15.422,12.524,10.08991,-1.85000
13.074,14.425,11.940,10.08991,-1.85000
12.238,13.388,11.178,10.08991,-1.85000
11.736,12.812,10.708,10.08991,-1.85000
11.350,12.381,10.342,10.08991,-1.85000
10.769,11.747,9.784,10.08991,-1.85000
10.239,11.173,9.276,10.08991,-1.85000
9.831,10.730,8.887,10.08991,-1.85000
9.496,10.364,8.567,10.08991,-1.85000
9.151,9.986,8.241,10.08991,-1.85000
8.721,9.503,7.840,10.08991,-1.85000
8.243,8.967,7.399,10.08991,-1.85000
7.949,8.642,7.125,10.08991,-1.85000
7.696,8.364,6.889,10.08991,-1.85000
7.155,7.759,6.391,10.08991,-1.85000
7.107,7.706,6.348,10.08991,-1.85000
6.985,7.570,6.236,10.08991,-1.85000
6.868,7.438,6.129,10.08991,-1.85000
6.759,7.317,6.030,10.08991,-1.85000
6.657,7.203,5.938,10.08991,-1.85000
6.596,7.136,5.883,10.08991,-1.85000
6.583,7.121,5.871,10.08991,-1.85000
6.447,6.972,5.746,10.08991,-1.85000
6.320,6.832,5.628,10.08991,-1.85000
6.194,6.695,5.511,10.08991,-1.85000
6.072,6.563,5.399,10.08991,-1.85000
5.999,6.484,5.330,10.08991,-1.85000
5.935,6.415,5.270,10.08991,-1.85000
5.817,6.290,5.160,10.08991,-1.85000
5.694,6.159,5.044,10.08991,-1.85000
5.582,6.040,4.937,10.08991,-1.85000
5.466,5.918,4.827,10.08991,-1.85000
5.341,5.788,4.708,10.08991,-1.85000
5.193,5.634,4.565,10.08991,-1.85000
5.116,5.554,4.491,10.08991,-1.85000
4.982,5.415,4.360,10.08991,-1.85000
4.848,5.278,4.230,10.08991,-1.85000
4.748,5.177,4.132,10.08991,-1.85000
4.713,5.142,4.097,10.08991,-1.85000
4.568,4.998,3.949,10.08991,-1.85000
4.440,4.876,3.817,10.08991,-1.85000
4.417,4.853,3.792,10.08991,-1.85000
4.389,4.828,3.763,10.08991,-1.85000
4.289,4.736,3.655,10.08991,-1.85000
4.197,4.655,3.553,10.08991,-1.85000
4.113,4.585,3.457,10.08991,-1.85000
4.038,4.524,3.367,10.08991,-1.85000
3.967,4.469,3.284,10.08991,-1.85000
3.897,4.414,3.201,10.08991,-1.85000
3.821,4.352,3.114,10.08991,-1.85000
3.724,4.268,3.007,10.08991,-1.85000
3.629,4.181,2.904,10.08991,-1.85000
3.556,4.113,2.827,10.08991,-1.85000
3.519,4.078,2.788,10.08991,-1.85000
3.414,3.977,2.680,10.08991,-1.85000
3.289,3.858,2.552,10.08991,-1.85000
3.177,3.749,2.437,10.08991,-1.85000
3.062,3.638,2.320,10.08991,-1.85000
2.938,3.516,2.193,10.08991,-1.85000
2.814,3.395,2.067,10.08991,-1.85000
2.693,3.277,1.944,10.08991,-1.85000
2.578,3.165,1.827,10.08991,-1.85000
2.457,3.046,1.703,10.08991,-1.85000
2.329,2.922,1.573,10.08991,-1.85000
2.212,2.808,1.454,10.08991,-1.85000
2.096,2.695,1.336,10.08991,-1.85000
1.977,2.579,1.214,10.08991,-1.85000
1.861,2.467,1.096,10.08991,-1.85000
1.741,2.350,0.973,10.08991,-1.85000
1.625,2.237,0.855,10.08991,-1.85000
1.513,2.128,0.740,10.08991,-1.85000
1.396,2.015,0.620,10.08991,-1.85000
1.279,1.903,0.501,10.08991,-1.85000
1.168,1.795,0.387,10.08991,-1.85000
1.057,1.689,0.273,10.08991,-1.85000
0.941,1.577,0.154,10.08991,-1.85000
0.831,1.472,0.041,10.08991,-1.85000
0.722,1.367,-0.072,10.08991,-1.85000
0.609,1.259,-0.187,10.08991,-1.85000
0.505,1.159,-0.295,10.08991,-1.85000
0.399,1.058,-0.404,10.08991,-1.85000
0.291,0.955,-0.516,10.08991,-1.85000
0.232,0.899,-0.576,10.08991,-1.85000
0.255,0.920,-0.552,10.08991,-1.85000
0.236,0.902,-0.572,10.08991,-1.85000
0.132,0.803,-0.680,10.08991,-1.85000
0.030,0.707,-0.785,10.08991,-1.85000
-0.073,0.609,-0.892,10.08991,-1.85000
-0.166,0.521,-0.988,10.08991,-1.85000
-0.261,0.431,-1.087,10.08991,-1.85000
-0.352,0.347,-1.182,10.08991,-1.85000
-0.444,0.262,-1.277,10.08991,-1.85000
-0.535,0.177,-1.373,10.08991,-1.85000
-0.643,0.078,-1.486,10.08991,-1.85000
-0.730,-0.000,-1.578,10.08991,-1.85000
-0.832,-0.092,-1.686,10.08991,-1.85000
-0.934,-0.182,-1.794,10.08991,-1.85000
-1.037,-0.274,-1.905,10.08991,-1.85000
-1.128,-0.353,-2.002,10.08991,-1.85000
-1.225,-0.437,-2.107,10.08991,-1.85000
-1.316,-0.514,-2.204,10.08991,-1.85000
-1.405,-0.589,-2.301,10.08991,-1.85000
-1.492,-0.662,-2.396,10.08991,-1.85000
-1.573,-0.729,-2.485,10.08991,-1.85000
-1.656,-0.798,-2.574,10.08991,-1.85000
-1.732,-0.862,-2.657,10.08991,-1.85000
-1.807,-0.924,-2.738,10.08991,-1.85000
-1.885,-0.988,-2.823,10.08991,-1.85000
-1.952,-1.044,-2.897,10.08991,-1.85000
-2.027,-1.106,-2.977,10.08991,-1.85000
-2.095,-1.162,-3.052,10.08991,-1.85000
-2.163,-1.216,-3.126,10.08991,-1.85000
-2.229,-1.270,-3.199,10.08991,-1.85000
-2.291,-1.319,-3.267,10.08991,-1.85000
-2.357,-1.371,-3.338,10.08991,-1.85000
1.459,1.756,0.983,10.08991,-1.85000
1.436,1.740,0.952,10.08991,-1.85000
1.392,1.708,0.895,10.08991,-1.85000
1.392,1.706,0.896,10.08991,-1.85000
1.392,1.705,0.899,10.08991,-1.85000
1.394,1.704,0.903,10.08991,-1.85000
1.395,1.704,0.907,10.08991,-1.85000
1.397,1.703,0.910,10.08991,-1.85000
1.398,1.703,0.914,10.08991,-1.85000
1.399,1.703,0.917,10.08991,-1.85000
1.400,1.702,0.918,10.08991,-1.85000
1.399,1.702,0.918,10.08991,-1.85000
1.398,1.701,0.916,10.08991,-1.85000
1.396,1.699,0.912,10.08991,-1.85000
1.392,1.698,0.906,10.08991,-1.85000
1.390,1.698,0.903,10.08991,-1.85000
1.389,1.697,0.901,10.08991,-1.85000
1.383,1.695,0.890,10.08991,-1.85000
1.376,1.693,0.877,10.08991,-1.85000
1.367,1.691,0.861,10.08991,-1.85000
1.358,1.689,0.844,10.08991,-1.85000
1.348,1.687,0.824,10.08991,-1.85000
1.337,1.686,0.802,10.08991,-1.85000
1.324,1.684,0.778,10.08991,-1.85000
1.323,1.684,0.776,10.08991,-1.85000
1.321,1.684,0.771,10.08991,-1.85000
1.307,1.682,0.744,10.08991,-1.85000
1.294,1.681,0.718,10.08991,-1.85000
1.278,1.680,0.689,10.08991,-1.85000
1.263,1.679,0.659,10.08991,-1.85000
1.249,1.678,0.633,10.08991,-1.85000
1.234,1.677,0.605,10.08991,-1.85000
1.220,1.674,0.579,10.08991,-1.85000
1.205,1.671,0.553,10.08991,-1.85000
1.188,1.665,0.527,10.08991,-1.85000
1.167,1.655,0.495,10.08991,-1.85000
1.181,1.666,0.513,10.08991,-1.85000
1.149,1.647,0.468,10.08991,-1.85000
1.106,1.619,0.414,10.08991,-1.85000
1.037,1.566,0.330,10.08991,-1.85000
0.954,1.500,0.234,10.08991,-1.85000
0.866,1.428,0.133,10.08991,-1.85000
0.773,1.349,0.030,10.08991,-1.85000
0.682,1.270,-0.070,10.08991,-1.85000
0.621,1.216,-0.136,10.08991,-1.85000
0.525,1.129,-0.238,10.08991,-1.85000
0.434,1.045,-0.336,10.08991,-1.85000
0.350,0.968,-0.424,10.08991,-1.85000
0.285,0.908,-0.492,10.08991,-1.85000
0.214,0.841,-0.567,10.08991,-1.85000
0.263,0.886,-0.516,10.08991,-1.85000
0.335,0.953,-0.440,10.08991,-1.85000
0.276,0.900,-0.502,10.08991,-1.85000
0.196,0.826,-0.587,10.08991,-1.85000
0.094,0.732,-0.695,10.08991,-1.85000
-0.029,0.619,-0.824,10.08991,-1.85000
-0.140,0.515,-0.941,10.08991,-1.85000
-0.244,0.419,-1.050,10.08991,-1.85000
-0.347,0.323,-1.158,10.08991,-1.85000
-0.449,0.229,-1.264,10.08991,-1.85000
-0.548,0.137,-1.368,10.08991,-1.85000
-0.647,0.046,-1.472,10.08991,-1.85000
-0.747,-0.045,-1.577,10.08991,-1.85000
-0.847,-0.136,-1.684,10.08991,-1.85000
-0.947,-0.225,-1.791,10.08991,-1.85000
-1.046,-0.311,-1.897,10.08991,-1.85000
-1.144,-0.396,-2.001,10.08991,-1.85000
-1.241,-0.480,-2.107,10.08991,-1.85000
-1.341,-0.565,-2.215,10.08991,-1.85000
-1.437,-0.645,-2.320,10.08991,-1.85000
-1.533,-0.724,-2.426,10.08991,-1.85000
-1.626,-0.798,-2.529,10.08991,-1.85000
-1.717,-0.868,-2.631,10.08991,-1.85000
-1.813,-0.946,-2.736,10.08991,-1.85000
-1.912,-1.026,-2.845,10.08991,-1.85000
-1.942,-1.051,-2.878,10.08991,-1.85000
-2.021,-1.114,-2.965,10.08991,-1.85000
-2.102,-1.179,-3.054,10.08991,-1.85000
-2.190,-1.249,-3.151,10.08991,-1.85000
-2.240,-1.267,-3.215,10.08991,-1.85000
-1.769,-0.894,-2.696,10.08991,-1.85000
-1.421,-0.619,-2.310,10.08991,-1.85000
-0.938,-0.216,-1.782,10.08991,-1.85000
-0.953,-0.228,-1.798,10.08991,-1.85000
-1.174,-0.414,-2.039,10.08991,-1.85000
-1.598,-0.751,-2.511,10.08991,-1.85000
-1.957,-1.037,-2.908,10.08991,-1.85000
-2.191,-1.217,-3.167,10.08991,-1.85000
-2.318,-1.310,-3.310,10.08991,-1.85000
-2.382,-1.352,-3.384,10.08991,-1.85000
-2.421,-1.375,-3.429,10.08991,-1.85000
31.067,31.241,30.745,10.08991,-1.85000
