Gmag,G_BPmag,G_RPmag,logAge,MH
14.207,16.240,12.905,10.11394,-1.75000
13.597,15.214,12.384,10.11394,-1.75000
13.162,14.573,12.007,10.11394,-1.75000
12.322,13.515,11.245,10.11394,-1.75000
11.815,12.926,10.771,10.11394,-1.75000
11.427,12.490,10.403,10.11394,-1.75000
10.842,11.849,9.844,10.11394,-1.75000
10.310,11.271,9.334,10.11394,-1.75000
9.902,10.828,8.944,10.11394,-1.75000
9.568,10.462,8.625,10.11394,-1.75000
9.208,10.065,8.286,10.11394,-1.75000
8.760,9.559,7.870,10.11394,-1.75000
8.259,8.990,7.410,10.11394,-1.75000
7.694,8.364,6.885,10.11394,-1.75000
7.139,7.745,6.375,10.11394,-1.75000
7.069,7.667,6.312,10.11394,-1.75000
6.950,7.533,6.202,10.11394,-1.75000
6.839,7.410,6.102,10.11394,-1.75000
6.736,7.295,6.008,10.11394,-1.75000
6.636,7.183,5.916,10.11394,-1.75000
6.567,7.106,5.853,10.11394,-1.75000
6.524,7.059,5.814,10.11394,-1.75000
6.396,6.919,5.696,10.11394,-1.75000
6.270,6.782,5.580,10.11394,-1.75000
6.149,6.650,5.467,10.11394,-1.75000
6.031,6.523,5.357,10.11394,-1.75000
5.940,6.425,5.272,10.11394,-1.75000
5.893,6.374,5.228,10.11394,-1.75000
5.771,6.244,5.113,10.11394,-1.75000
5.659,6.126,5.007,10.11394,-1.75000
5.544,6.004,4.897,10.11394,-1.75000
5.420,5.875,4.779,10.11394,-1.75000
5.265,5.713,4.629,10.11394,-1.75000
5.104,5.547,4.473,10.11394,-1.75000
5.042,5.484,4.412,10.11394,-1.75000
4.936,5.375,4.309,10.11394,-1.75000
4.837,5.275,4.212,10.11394,-1.75000
4.802,5.240,4.177,10.11394,-1.75000
4.655,5.094,4.028,10.11394,-1.75000
4.526,4.970,3.894,10.11394,-1.75000
4.501,4.947,3.869,10.11394,-1.75000
4.474,4.921,3.840,10.11394,-1.75000
4.373,4.829,3.731,10.11394,-1.75000
4.283,4.749,3.631,10.11394,-1.75000
4.200,4.679,3.537,10.11394,-1.75000
4.125,4.618,3.450,10.11394,-1.75000
4.055,4.562,3.368,10.11394,-1.75000
3.985,4.506,3.286,10.11394,-1.75000
3.909,4.443,3.199,10.11394,-1.75000
3.812,4.358,3.092,10.11394,-1.75000
3.717,4.271,2.991,10.11394,-1.75000
3.644,4.203,2.914,10.11394,-1.75000
3.607,4.168,2.875,10.11394,-1.75000
3.503,4.068,2.768,10.11394,-1.75000
3.380,3.950,2.641,10.11394,-1.75000
3.268,3.842,2.527,10.11394,-1.75000
3.155,3.731,2.411,10.11394,-1.75000
3.031,3.611,2.285,10.11394,-1.75000
2.908,3.490,2.159,10.11394,-1.75000
2.787,3.373,2.037,10.11394,-1.75000
2.674,3.262,1.921,10.11394,-1.75000
2.553,3.144,1.798,10.11394,-1.75000
2.426,3.020,1.669,10.11394,-1.75000
2.310,2.907,1.550,10.11394,-1.75000
2.194,2.794,1.433,10.11394,-1.75000
2.075,2.678,1.311,10.11394,-1.75000
1.960,2.566,1.194,10.11394,-1.75000
1.840,2.450,1.072,10.11394,-1.75000
1.725,2.338,0.954,10.11394,-1.75000
1.613,2.230,0.840,10.11394,-1.75000
1.496,2.117,0.720,10.11394,-1.75000
1.380,2.005,0.601,10.11394,-1.75000
1.269,1.898,0.487,10.11394,-1.75000
1.159,1.792,0.374,10.11394,-1.75000
1.043,1.680,0.255,10.11394,-1.75000
0.933,1.575,0.142,10.11394,-1.75000
0.823,1.470,0.029,10.11394,-1.75000
0.711,1.362,-0.086,10.11394,-1.75000
0.607,1.263,-0.194,10.11394,-1.75000
0.502,1.163,-0.302,10.11394,-1.75000
0.400,1.065,-0.408,10.11394,-1.75000
0.339,1.007,-0.471,10.11394,-1.75000
0.362,1.028,-0.446,10.11394,-1.75000
0.343,1.010,-0.466,10.11394,-1.75000
0.239,0.912,-0.573,10.11394,-1.75000
0.137,0.816,-0.679,10.11394,-1.75000
0.033,0.717,-0.787,10.11394,-1.75000
-0.061,0.629,-0.884,10.11394,-1.75000
-0.158,0.538,-0.985,10.11394,-1.75000
-0.251,0.451,-1.082,10.11394,-1.75000
-0.344,0.365,-1.180,10.11394,-1.75000
-0.438,0.279,-1.278,10.11394,-1.75000
-0.548,0.179,-1.393,10.11394,-1.75000
-0.637,0.098,-1.487,10.11394,-1.75000
-0.741,0.005,-1.599,10.11394,-1.75000
-0.846,-0.088,-1.710,10.11394,-1.75000
-0.952,-0.181,-1.824,10.11394,-1.75000
-1.046,-0.262,-1.925,10.11394,-1.75000
-1.147,-0.349,-2.033,10.11394,-1.75000
-1.241,-0.429,-2.135,10.11394,-1.75000
-1.333,-0.505,-2.235,10.11394,-1.75000
-1.423,-0.583,-2.333,10.11394,-1.75000
-1.508,-0.655,-2.424,10.11394,-1.75000
-1.595,-0.728,-2.518,10.11394,-1.75000
-1.676,-0.795,-2.606,10.11394,-1.75000
-1.755,-0.860,-2.692,10.11394,-1.75000
-1.837,-0.928,-2.781,10.11394,-1.75000
-1.909,-0.988,-2.861,10.11394,-1.75000
-1.989,-1.053,-2.947,10.11394,-1.75000
-2.062,-1.111,-3.027,10.11394,-1.75000
-2.134,-1.168,-3.106,10.11394,-1.75000
-2.206,-1.226,-3.186,10.11394,-1.75000
-2.275,-1.280,-3.261,10.11394,-1.75000
-2.347,-1.336,-3.340,10.11394,-1.75000
1.451,1.764,0.956,10.11394,-1.75000
1.410,1.734,0.903,10.11394,-1.75000
1.391,1.721,0.879,10.11394,-1.75000
1.391,1.719,0.880,10.11394,-1.75000
1.392,1.717,0.883,10.11394,-1.75000
1.393,1.716,0.887,10.11394,-1.75000
1.395,1.716,0.891,10.11394,-1.75000
1.397,1.715,0.897,10.11394,-1.75000
1.399,1.715,0.902,10.11394,-1.75000
1.402,1.715,0.907,10.11394,-1.75000
1.403,1.714,0.911,10.11394,-1.75000
1.404,1.714,0.913,10.11394,-1.75000
1.403,1.713,0.914,10.11394,-1.75000
1.402,1.711,0.912,10.11394,-1.75000
1.399,1.710,0.907,10.11394,-1.75000
1.398,1.710,0.905,10.11394,-1.75000
1.395,1.709,0.900,10.11394,-1.75000
1.389,1.707,0.890,10.11394,-1.75000
1.382,1.705,0.877,10.11394,-1.75000
1.374,1.703,0.861,10.11394,-1.75000
1.366,1.701,0.847,10.11394,-1.75000
1.357,1.700,0.830,10.11394,-1.75000
1.346,1.698,0.809,10.11394,-1.75000
1.334,1.696,0.785,10.11394,-1.75000
1.333,1.696,0.783,10.11394,-1.75000
1.331,1.696,0.779,10.11394,-1.75000
1.317,1.694,0.753,10.11394,-1.75000
1.304,1.692,0.728,10.11394,-1.75000
1.289,1.691,0.700,10.11394,-1.75000
1.275,1.689,0.672,10.11394,-1.75000
1.262,1.688,0.648,10.11394,-1.75000
1.247,1.686,0.620,10.11394,-1.75000
1.232,1.684,0.593,10.11394,-1.75000
1.218,1.681,0.569,10.11394,-1.75000
1.202,1.677,0.543,10.11394,-1.75000
1.182,1.668,0.513,10.11394,-1.75000
1.181,1.668,0.510,10.11394,-1.75000
1.155,1.654,0.474,10.11394,-1.75000
1.118,1.629,0.427,10.11394,-1.75000
1.047,1.576,0.341,10.11394,-1.75000
0.959,1.506,0.239,10.11394,-1.75000
0.865,1.428,0.131,10.11394,-1.75000
0.767,1.345,0.022,10.11394,-1.75000
0.673,1.263,-0.081,10.11394,-1.75000
0.614,1.211,-0.145,10.11394,-1.75000
0.515,1.121,-0.251,10.11394,-1.75000
0.421,1.036,-0.350,10.11394,-1.75000
0.342,0.963,-0.434,10.11394,-1.75000
0.272,0.898,-0.508,10.11394,-1.75000
0.201,0.833,-0.583,10.11394,-1.75000
0.247,0.874,-0.535,10.11394,-1.75000
0.308,0.931,-0.470,10.11394,-1.75000
0.265,0.893,-0.516,10.11394,-1.75000
0.193,0.827,-0.592,10.11394,-1.75000
0.096,0.737,-0.695,10.11394,-1.75000
-0.008,0.642,-0.804,10.11394,-1.75000
-0.110,0.548,-0.912,10.11394,-1.75000
-0.211,0.455,-1.018,10.11394,-1.75000
-0.311,0.362,-1.124,10.11394,-1.75000
-0.411,0.270,-1.229,10.11394,-1.75000
-0.510,0.179,-1.333,10.11394,-1.75000
-0.609,0.088,-1.437,10.11394,-1.75000
-0.710,-0.003,-1.545,10.11394,-1.75000
-0.811,-0.092,-1.652,10.11394,-1.75000
-0.911,-0.180,-1.759,10.11394,-1.75000
-1.011,-0.266,-1.867,10.11394,-1.75000
-1.110,-0.351,-1.974,10.11394,-1.75000
-1.208,-0.435,-2.081,10.11394,-1.75000
-1.306,-0.517,-2.188,10.11394,-1.75000
-1.401,-0.595,-2.292,10.11394,-1.75000
-1.496,-0.672,-2.397,10.11394,-1.75000
-1.588,-0.744,-2.499,10.11394,-1.75000
-1.681,-0.820,-2.601,10.11394,-1.75000
-1.779,-0.899,-2.709,10.11394,-1.75000
-1.875,-0.977,-2.814,10.11394,-1.75000
-1.895,-0.993,-2.837,10.11394,-1.75000
-1.960,-1.044,-2.907,10.11394,-1.75000
-2.033,-1.103,-2.988,10.11394,-1.75000
-2.109,-1.162,-3.072,10.11394,-1.75000
-2.122,-1.172,-3.087,10.11394,-1.75000
-2.305,-1.302,-3.295,10.11394,-1.75000
-1.886,-0.975,-2.832,10.11394,-1.75000
-1.552,-0.708,-2.463,10.11394,-1.75000
-1.092,-0.338,-1.954,10.11394,-1.75000
-1.106,-0.348,-1.969,10.11394,-1.75000
-1.329,-0.530,-2.216,10.11394,-1.75000
-1.718,-0.838,-2.649,10.11394,-1.75000
-2.046,-1.095,-3.012,10.11394,-1.75000
-2.258,-1.255,-3.248,10.11394,-1.75000
-2.371,-1.333,-3.376,10.11394,-1.75000
-2.428,-1.370,-3.442,10.11394,-1.75000
-2.462,-1.390,-3.482,10.11394,-1.75000
31.065,31.239,30.743,10.11394,-1.75000
