Gmag,G_BPmag,G_RPmag,logAge,MH
14.366,16.663,13.013,10.09691,-1.40000
14.249,16.454,12.911,10.09691,-1.40000
13.488,15.169,12.256,10.09691,-1.40000
12.633,14.000,11.491,10.09691,-1.40000
12.113,13.370,11.011,10.09691,-1.40000
11.720,12.913,10.642,10.09691,-1.40000
11.119,12.239,10.071,10.09691,-1.40000
10.575,11.641,9.551,10.09691,-1.40000
10.163,11.191,9.155,10.09691,-1.40000
9.828,10.826,8.834,10.09691,-1.40000
9.433,10.385,8.461,10.09691,-1.40000
8.947,9.825,8.013,10.09691,-1.40000
8.384,9.164,7.507,10.09691,-1.40000
7.785,8.481,6.959,10.09691,-1.40000
7.225,7.850,6.448,10.09691,-1.40000
7.178,7.797,6.405,10.09691,-1.40000
7.047,7.650,6.286,10.09691,-1.40000
6.921,7.509,6.171,10.09691,-1.40000
6.805,7.379,6.065,10.09691,-1.40000
6.697,7.259,5.967,10.09691,-1.40000
6.662,7.219,5.935,10.09691,-1.40000
6.622,7.175,5.898,10.09691,-1.40000
6.486,7.025,5.774,10.09691,-1.40000
6.360,6.887,5.658,10.09691,-1.40000
6.237,6.752,5.543,10.09691,-1.40000
6.119,6.624,5.434,10.09691,-1.40000
6.079,6.581,5.397,10.09691,-1.40000
6.002,6.498,5.324,10.09691,-1.40000
5.866,6.353,5.197,10.09691,-1.40000
5.741,6.220,5.079,10.09691,-1.40000
5.615,6.087,4.960,10.09691,-1.40000
5.490,5.955,4.840,10.09691,-1.40000
5.364,5.823,4.719,10.09691,-1.40000
5.336,5.795,4.692,10.09691,-1.40000
5.219,5.673,4.579,10.09691,-1.40000
5.079,5.530,4.443,10.09691,-1.40000
4.947,5.395,4.314,10.09691,-1.40000
4.905,5.352,4.272,10.09691,-1.40000
4.867,5.314,4.234,10.09691,-1.40000
4.714,5.162,4.079,10.09691,-1.40000
4.580,5.033,3.941,10.09691,-1.40000
4.555,5.010,3.915,10.09691,-1.40000
4.504,4.962,3.861,10.09691,-1.40000
4.391,4.859,3.738,10.09691,-1.40000
4.294,4.776,3.628,10.09691,-1.40000
4.210,4.707,3.531,10.09691,-1.40000
4.136,4.650,3.443,10.09691,-1.40000
4.058,4.590,3.351,10.09691,-1.40000
3.976,4.522,3.257,10.09691,-1.40000
3.890,4.447,3.164,10.09691,-1.40000
3.801,4.365,3.069,10.09691,-1.40000
3.786,4.350,3.053,10.09691,-1.40000
3.765,4.331,3.031,10.09691,-1.40000
3.652,4.223,2.914,10.09691,-1.40000
3.549,4.124,2.808,10.09691,-1.40000
3.424,4.003,2.680,10.09691,-1.40000
3.299,3.882,2.552,10.09691,-1.40000
3.163,3.749,2.414,10.09691,-1.40000
3.032,3.621,2.280,10.09691,-1.40000
2.911,3.503,2.157,10.09691,-1.40000
2.809,3.403,2.053,10.09691,-1.40000
2.685,3.283,1.927,10.09691,-1.40000
2.556,3.157,1.795,10.09691,-1.40000
2.554,3.154,1.793,10.09691,-1.40000
2.427,3.031,1.663,10.09691,-1.40000
2.303,2.910,1.537,10.09691,-1.40000
2.181,2.792,1.413,10.09691,-1.40000
2.061,2.676,1.290,10.09691,-1.40000
1.938,2.557,1.164,10.09691,-1.40000
1.819,2.442,1.041,10.09691,-1.40000
1.697,2.324,0.916,10.09691,-1.40000
1.579,2.211,0.796,10.09691,-1.40000
1.464,2.100,0.677,10.09691,-1.40000
1.347,1.989,0.557,10.09691,-1.40000
1.235,1.881,0.441,10.09691,-1.40000
1.120,1.772,0.323,10.09691,-1.40000
1.009,1.665,0.208,10.09691,-1.40000
0.897,1.560,0.093,10.09691,-1.40000
0.785,1.453,-0.023,10.09691,-1.40000
0.681,1.355,-0.131,10.09691,-1.40000
0.614,1.291,-0.201,10.09691,-1.40000
0.644,1.318,-0.169,10.09691,-1.40000
0.655,1.328,-0.158,10.09691,-1.40000
0.558,1.237,-0.258,10.09691,-1.40000
0.461,1.146,-0.358,10.09691,-1.40000
0.361,1.052,-0.463,10.09691,-1.40000
0.260,0.957,-0.568,10.09691,-1.40000
0.162,0.867,-0.671,10.09691,-1.40000
0.064,0.776,-0.773,10.09691,-1.40000
-0.032,0.689,-0.874,10.09691,-1.40000
-0.128,0.601,-0.974,10.09691,-1.40000
-0.219,0.519,-1.071,10.09691,-1.40000
-0.310,0.436,-1.168,10.09691,-1.40000
-0.421,0.337,-1.285,10.09691,-1.40000
-0.528,0.243,-1.399,10.09691,-1.40000
-0.635,0.149,-1.513,10.09691,-1.40000
-0.737,0.061,-1.623,10.09691,-1.40000
-0.835,-0.024,-1.728,10.09691,-1.40000
-0.936,-0.112,-1.837,10.09691,-1.40000
-1.030,-0.193,-1.937,10.09691,-1.40000
-1.123,-0.273,-2.038,10.09691,-1.40000
-1.217,-0.355,-2.139,10.09691,-1.40000
-1.304,-0.428,-2.233,10.09691,-1.40000
-1.392,-0.501,-2.328,10.09691,-1.40000
-1.479,-0.573,-2.424,10.09691,-1.40000
-1.559,-0.638,-2.511,10.09691,-1.40000
-1.640,-0.702,-2.600,10.09691,-1.40000
-1.722,-0.769,-2.690,10.09691,-1.40000
-1.798,-0.829,-2.774,10.09691,-1.40000
-1.877,-0.891,-2.861,10.09691,-1.40000
-1.954,-0.952,-2.945,10.09691,-1.40000
-2.028,-1.010,-3.027,10.09691,-1.40000
-2.102,-1.066,-3.108,10.09691,-1.40000
-2.173,-1.118,-3.188,10.09691,-1.40000
-2.240,-1.165,-3.263,10.09691,-1.40000
-2.289,-1.199,-3.318,10.09691,-1.40000
1.316,1.824,0.629,10.09691,-1.40000
1.275,1.787,0.584,10.09691,-1.40000
1.268,1.780,0.578,10.09691,-1.40000
1.266,1.777,0.576,10.09691,-1.40000
1.265,1.774,0.577,10.09691,-1.40000
1.265,1.772,0.579,10.09691,-1.40000
1.267,1.771,0.583,10.09691,-1.40000
1.269,1.770,0.588,10.09691,-1.40000
1.272,1.768,0.594,10.09691,-1.40000
1.274,1.767,0.600,10.09691,-1.40000
1.277,1.766,0.606,10.09691,-1.40000
1.279,1.764,0.611,10.09691,-1.40000
1.281,1.763,0.615,10.09691,-1.40000
1.282,1.762,0.619,10.09691,-1.40000
1.283,1.761,0.621,10.09691,-1.40000
1.283,1.760,0.622,10.09691,-1.40000
1.283,1.760,0.622,10.09691,-1.40000
1.282,1.759,0.622,10.09691,-1.40000
1.281,1.758,0.621,10.09691,-1.40000
1.279,1.757,0.618,10.09691,-1.40000
1.276,1.755,0.613,10.09691,-1.40000
1.271,1.754,0.606,10.09691,-1.40000
1.266,1.752,0.597,10.09691,-1.40000
1.259,1.750,0.587,10.09691,-1.40000
1.258,1.749,0.585,10.09691,-1.40000
1.257,1.749,0.583,10.09691,-1.40000
1.249,1.745,0.571,10.09691,-1.40000
1.240,1.741,0.558,10.09691,-1.40000
1.229,1.736,0.543,10.09691,-1.40000
1.217,1.729,0.527,10.09691,-1.40000
1.205,1.721,0.511,10.09691,-1.40000
1.191,1.712,0.493,10.09691,-1.40000
1.178,1.703,0.477,10.09691,-1.40000
1.166,1.694,0.462,10.09691,-1.40000
1.145,1.678,0.437,10.09691,-1.40000
1.118,1.656,0.405,10.09691,-1.40000
1.084,1.629,0.366,10.09691,-1.40000
1.008,1.566,0.280,10.09691,-1.40000
0.931,1.500,0.194,10.09691,-1.40000
0.847,1.428,0.101,10.09691,-1.40000
0.767,1.359,0.013,10.09691,-1.40000
0.680,1.282,-0.082,10.09691,-1.40000
0.597,1.209,-0.171,10.09691,-1.40000
0.536,1.154,-0.238,10.09691,-1.40000
0.535,1.153,-0.239,10.09691,-1.40000
0.508,1.129,-0.268,10.09691,-1.40000
0.411,1.041,-0.371,10.09691,-1.40000
0.332,0.970,-0.455,10.09691,-1.40000
0.271,0.915,-0.520,10.09691,-1.40000
0.243,0.889,-0.550,10.09691,-1.40000
0.255,0.900,-0.538,10.09691,-1.40000
0.277,0.920,-0.514,10.09691,-1.40000
0.290,0.932,-0.500,10.09691,-1.40000
0.247,0.893,-0.546,10.09691,-1.40000
0.178,0.831,-0.620,10.09691,-1.40000
0.064,0.728,-0.741,10.09691,-1.40000
-0.049,0.626,-0.861,10.09691,-1.40000
-0.157,0.528,-0.976,10.09691,-1.40000
-0.262,0.433,-1.088,10.09691,-1.40000
-0.370,0.337,-1.203,10.09691,-1.40000
-0.478,0.241,-1.318,10.09691,-1.40000
-0.585,0.148,-1.433,10.09691,-1.40000
-0.693,0.055,-1.551,10.09691,-1.40000
-0.792,-0.013,-1.668,10.09691,-1.40000
-0.894,-0.086,-1.785,10.09691,-1.40000
-0.995,-0.171,-1.895,10.09691,-1.40000
-1.098,-0.260,-2.005,10.09691,-1.40000
-1.214,-0.371,-2.124,10.09691,-1.40000
-1.329,-0.507,-2.228,10.09691,-1.40000
-1.375,-0.577,-2.260,10.09691,-1.40000
31.002,32.350,29.868,10.09691,-1.40000
