Gmag,G_BPmag,G_RPmag,logAge,MH
14.225,16.297,12.916,10.11394,-1.70000
13.649,15.312,12.425,10.11394,-1.70000
13.207,14.650,12.043,10.11394,-1.70000
12.366,13.581,11.280,10.11394,-1.70000
11.857,12.988,10.805,10.11394,-1.70000
11.468,12.549,10.437,10.11394,-1.70000
10.881,11.903,9.876,10.11394,-1.70000
10.347,11.322,9.364,10.11394,-1.70000
9.939,10.878,8.974,10.11394,-1.70000
9.605,10.513,8.655,10.11394,-1.70000
9.239,10.109,8.310,10.11394,-1.70000
8.784,9.592,7.889,10.11394,-1.70000
8.272,9.008,7.421,10.11394,-1.70000
7.702,8.375,6.892,10.11394,-1.70000
7.147,7.754,6.381,10.11394,-1.70000
7.073,7.671,6.314,10.11394,-1.70000
6.953,7.537,6.205,10.11394,-1.70000
6.842,7.414,6.103,10.11394,-1.70000
6.739,7.299,6.009,10.11394,-1.70000
6.638,7.187,5.918,10.11394,-1.70000
6.575,7.116,5.860,10.11394,-1.70000
6.526,7.062,5.815,10.11394,-1.70000
6.398,6.922,5.698,10.11394,-1.70000
6.273,6.786,5.581,10.11394,-1.70000
6.152,6.654,5.469,10.11394,-1.70000
6.035,6.527,5.360,10.11394,-1.70000
5.951,6.438,5.282,10.11394,-1.70000
5.897,6.380,5.231,10.11394,-1.70000
5.776,6.250,5.116,10.11394,-1.70000
5.664,6.133,5.011,10.11394,-1.70000
5.550,6.012,4.902,10.11394,-1.70000
5.428,5.884,4.785,10.11394,-1.70000
5.274,5.724,4.637,10.11394,-1.70000
5.115,5.560,4.483,10.11394,-1.70000
5.066,5.509,4.435,10.11394,-1.70000
4.949,5.390,4.321,10.11394,-1.70000
4.853,5.292,4.226,10.11394,-1.70000
4.817,5.257,4.190,10.11394,-1.70000
4.669,5.110,4.040,10.11394,-1.70000
4.539,4.985,3.906,10.11394,-1.70000
4.515,4.962,3.881,10.11394,-1.70000
4.488,4.936,3.852,10.11394,-1.70000
4.387,4.844,3.744,10.11394,-1.70000
4.297,4.765,3.645,10.11394,-1.70000
4.215,4.695,3.551,10.11394,-1.70000
4.142,4.635,3.466,10.11394,-1.70000
4.073,4.581,3.385,10.11394,-1.70000
4.004,4.525,3.304,10.11394,-1.70000
3.928,4.463,3.218,10.11394,-1.70000
3.833,4.379,3.113,10.11394,-1.70000
3.739,4.294,3.012,10.11394,-1.70000
3.666,4.226,2.936,10.11394,-1.70000
3.629,4.191,2.897,10.11394,-1.70000
3.526,4.092,2.790,10.11394,-1.70000
3.404,3.974,2.665,10.11394,-1.70000
3.292,3.866,2.551,10.11394,-1.70000
3.179,3.756,2.435,10.11394,-1.70000
3.055,3.635,2.309,10.11394,-1.70000
2.932,3.515,2.183,10.11394,-1.70000
2.812,3.398,2.061,10.11394,-1.70000
2.699,3.287,1.946,10.11394,-1.70000
2.578,3.170,1.823,10.11394,-1.70000
2.451,3.046,1.694,10.11394,-1.70000
2.335,2.933,1.576,10.11394,-1.70000
2.220,2.821,1.458,10.11394,-1.70000
2.101,2.705,1.337,10.11394,-1.70000
1.987,2.594,1.220,10.11394,-1.70000
1.868,2.478,1.099,10.11394,-1.70000
1.753,2.367,0.981,10.11394,-1.70000
1.641,2.259,0.867,10.11394,-1.70000
1.525,2.146,0.749,10.11394,-1.70000
1.410,2.035,0.630,10.11394,-1.70000
1.299,1.929,0.517,10.11394,-1.70000
1.190,1.823,0.404,10.11394,-1.70000
1.075,1.713,0.286,10.11394,-1.70000
0.965,1.608,0.173,10.11394,-1.70000
0.856,1.504,0.062,10.11394,-1.70000
0.745,1.397,-0.053,10.11394,-1.70000
0.642,1.299,-0.159,10.11394,-1.70000
0.539,1.201,-0.265,10.11394,-1.70000
0.440,1.106,-0.368,10.11394,-1.70000
0.379,1.048,-0.431,10.11394,-1.70000
0.404,1.071,-0.405,10.11394,-1.70000
0.385,1.053,-0.424,10.11394,-1.70000
0.281,0.955,-0.532,10.11394,-1.70000
0.179,0.858,-0.638,10.11394,-1.70000
0.075,0.760,-0.746,10.11394,-1.70000
-0.019,0.671,-0.844,10.11394,-1.70000
-0.118,0.579,-0.945,10.11394,-1.70000
-0.212,0.492,-1.044,10.11394,-1.70000
-0.306,0.405,-1.142,10.11394,-1.70000
-0.399,0.320,-1.240,10.11394,-1.70000
-0.510,0.218,-1.357,10.11394,-1.70000
-0.600,0.137,-1.452,10.11394,-1.70000
-0.706,0.043,-1.565,10.11394,-1.70000
-0.811,-0.050,-1.677,10.11394,-1.70000
-0.919,-0.144,-1.792,10.11394,-1.70000
-1.014,-0.226,-1.894,10.11394,-1.70000
-1.116,-0.314,-2.005,10.11394,-1.70000
-1.211,-0.394,-2.108,10.11394,-1.70000
-1.304,-0.472,-2.208,10.11394,-1.70000
-1.396,-0.552,-2.307,10.11394,-1.70000
-1.482,-0.625,-2.400,10.11394,-1.70000
-1.570,-0.699,-2.496,10.11394,-1.70000
-1.652,-0.767,-2.585,10.11394,-1.70000
-1.733,-0.834,-2.673,10.11394,-1.70000
-1.817,-0.903,-2.765,10.11394,-1.70000
-1.892,-0.964,-2.846,10.11394,-1.70000
-1.972,-1.029,-2.934,10.11394,-1.70000
-2.047,-1.088,-3.016,10.11394,-1.70000
-2.121,-1.147,-3.098,10.11394,-1.70000
-2.196,-1.207,-3.180,10.11394,-1.70000
-2.266,-1.262,-3.257,10.11394,-1.70000
-2.340,-1.318,-3.339,10.11394,-1.70000
1.424,1.767,0.897,10.11394,-1.70000
1.382,1.735,0.844,10.11394,-1.70000
1.369,1.725,0.826,10.11394,-1.70000
1.368,1.723,0.827,10.11394,-1.70000
1.368,1.721,0.830,10.11394,-1.70000
1.370,1.720,0.834,10.11394,-1.70000
1.371,1.719,0.839,10.11394,-1.70000
1.374,1.718,0.844,10.11394,-1.70000
1.376,1.717,0.850,10.11394,-1.70000
1.378,1.716,0.857,10.11394,-1.70000
1.380,1.715,0.862,10.11394,-1.70000
1.381,1.714,0.866,10.11394,-1.70000
1.382,1.713,0.868,10.11394,-1.70000
1.382,1.712,0.868,10.11394,-1.70000
1.381,1.711,0.868,10.11394,-1.70000
1.379,1.710,0.865,10.11394,-1.70000
1.378,1.710,0.864,10.11394,-1.70000
1.378,1.710,0.862,10.11394,-1.70000
1.373,1.708,0.855,10.11394,-1.70000
1.368,1.707,0.845,10.11394,-1.70000
1.361,1.705,0.832,10.11394,-1.70000
1.353,1.704,0.817,10.11394,-1.70000
1.344,1.703,0.799,10.11394,-1.70000
1.334,1.701,0.779,10.11394,-1.70000
1.322,1.700,0.757,10.11394,-1.70000
1.321,1.700,0.755,10.11394,-1.70000
1.319,1.700,0.751,10.11394,-1.70000
1.307,1.699,0.728,10.11394,-1.70000
1.295,1.697,0.704,10.11394,-1.70000
1.281,1.696,0.678,10.11394,-1.70000
1.268,1.695,0.653,10.11394,-1.70000
1.255,1.693,0.629,10.11394,-1.70000
1.240,1.691,0.604,10.11394,-1.70000
1.226,1.688,0.579,10.11394,-1.70000
1.212,1.684,0.555,10.11394,-1.70000
1.197,1.678,0.531,10.11394,-1.70000
1.177,1.669,0.503,10.11394,-1.70000
1.175,1.668,0.500,10.11394,-1.70000
1.150,1.653,0.465,10.11394,-1.70000
1.114,1.629,0.419,10.11394,-1.70000
1.041,1.574,0.333,10.11394,-1.70000
0.951,1.500,0.228,10.11394,-1.70000
0.854,1.420,0.118,10.11394,-1.70000
0.755,1.335,0.008,10.11394,-1.70000
0.660,1.253,-0.096,10.11394,-1.70000
0.601,1.200,-0.160,10.11394,-1.70000
0.501,1.110,-0.266,10.11394,-1.70000
0.409,1.026,-0.364,10.11394,-1.70000
0.336,0.959,-0.441,10.11394,-1.70000
0.273,0.901,-0.508,10.11394,-1.70000
0.215,0.847,-0.569,10.11394,-1.70000
0.252,0.881,-0.530,10.11394,-1.70000
0.303,0.928,-0.476,10.11394,-1.70000
0.263,0.893,-0.519,10.11394,-1.70000
0.200,0.834,-0.586,10.11394,-1.70000
0.102,0.745,-0.690,10.11394,-1.70000
-0.001,0.650,-0.799,10.11394,-1.70000
-0.103,0.556,-0.906,10.11394,-1.70000
-0.204,0.464,-1.013,10.11394,-1.70000
-0.305,0.371,-1.119,10.11394,-1.70000
-0.405,0.279,-1.224,10.11394,-1.70000
-0.503,0.189,-1.327,10.11394,-1.70000
-0.603,0.098,-1.433,10.11394,-1.70000
-0.704,0.007,-1.541,10.11394,-1.70000
-0.805,-0.082,-1.649,10.11394,-1.70000
-0.906,-0.169,-1.757,10.11394,-1.70000
-1.006,-0.256,-1.865,10.11394,-1.70000
-1.106,-0.341,-1.973,10.11394,-1.70000
-1.204,-0.424,-2.080,10.11394,-1.70000
-1.302,-0.505,-2.187,10.11394,-1.70000
-1.396,-0.582,-2.291,10.11394,-1.70000
-1.489,-0.656,-2.394,10.11394,-1.70000
-1.579,-0.729,-2.493,10.11394,-1.70000
-1.674,-0.806,-2.597,10.11394,-1.70000
-1.773,-0.886,-2.706,10.11394,-1.70000
-1.868,-0.963,-2.811,10.11394,-1.70000
-1.898,-0.986,-2.844,10.11394,-1.70000
-1.952,-1.030,-2.903,10.11394,-1.70000
-2.015,-1.080,-2.973,10.11394,-1.70000
-2.084,-1.133,-3.050,10.11394,-1.70000
-2.355,-1.332,-3.354,10.11394,-1.70000
-1.966,-1.034,-2.923,10.11394,-1.70000
-1.639,-0.774,-2.562,10.11394,-1.70000
-1.193,-0.418,-2.067,10.11394,-1.70000
-1.206,-0.428,-2.081,10.11394,-1.70000
-1.429,-0.605,-2.329,10.11394,-1.70000
-1.798,-0.897,-2.739,10.11394,-1.70000
-2.110,-1.138,-3.085,10.11394,-1.70000
-2.309,-1.285,-3.309,10.11394,-1.70000
-2.416,-1.358,-3.431,10.11394,-1.70000
-2.470,-1.392,-3.493,10.11394,-1.70000
-2.503,-1.411,-3.531,10.11394,-1.70000
31.064,31.238,30.742,10.11394,-1.70000
