# source_id,ra,dec,pmra,pmdec,x,y,vx,vy,plx,memberprob,pmcorr,pmrae,pmdece,plxe
6719599170657413888,272.26274,-46.409152,-0.9054,-2.6856,-0.0085,0.0142,-0.26808823529411774,0.1523588235294122,-0.1257,0.98868,0.1855,0.1294,0.0959,0.1196
6719599170657398400,272.247704,-46.419443,-0.587,-2.7044,-0.0188,0.0039,0.05031176470588228,0.13355882352941206,0.1264,0.97961,0.2159,0.0643,0.0473,0.0591
6719599174970284928,272.259036,-46.414949,-0.6173,-2.7833,-0.011,0.0084,0.020011764705882285,0.05465882352941209,-0.0131,0.99926,0.126,0.0537,0.038,0.0506
6719599106250691072,272.264301,-46.421812,-0.0312,-3.1708,-0.0074,0.0015,0.6061117647058822,-0.33284117647058764,-0.5591,0.95898,0.0279,0.5099,0.3512,0.5252
6719599106236839424,272.268862,-46.415084,-1.1226,-2.9583,-0.0042,0.0082,-0.4852882352941178,-0.12034117647058773,-0.0711,0.97606,0.1498,0.4257,0.3091,0.376
6719599106236832384,272.271131,-46.417447,-0.334,-2.9651,-0.0027,0.0059,0.3033117647058822,-0.12714117647058787,-0.3416,0.99436,0.1973,0.2619,0.1873,0.2402
6719599209316051712,272.273634,-46.41261,-0.6672,-2.9302,-0.0009,0.0107,-0.02988823529411777,-0.09224117647058794,-0.0324,0.99692,0.169,0.1539,0.1126,0.141
6719599209316040448,272.276278,-46.416789,-0.4186,-2.2496,0.0009,0.0065,0.21871176470588222,0.5883588235294122,-0.1012,0.98482,0.4456,0.3532,0.2518,0.2762
6719599106242287872,272.269501,-46.419238,-0.3562,-3.0449,-0.0038,0.0041,0.2811117647058822,-0.20694117647058796,0.2767,0.95474,0.2588,1.0651,0.6856,0.9167
6719599106242283392,272.270822,-46.419172,0.3643,-2.9146,-0.0029,0.0042,1.0016117647058822,-0.07664117647058788,-0.1421,0.968,0.0061,0.5734,0.4072,0.5161
6719599101937916544,272.267429,-46.423107,-0.7549,-2.777,-0.0052,0.0002,-0.11758823529411777,0.060958823529412065,0.0163,0.99995,0.1975,0.0721,0.0535,0.073
6719599106236829824,272.264959,-46.424281,-0.8387,-2.6908,-0.0069,-0.0009,-0.20138823529411776,0.14715882352941234,0.0045,0.98658,0.1445,0.5166,0.3738,0.4793
6719599101938996864,272.267703,-46.424819,-0.8899,-2.6385,-0.005,-0.0015,-0.2525882352941178,0.19945882352941213,-0.0046,0.99799,0.3846,0.2525,0.1758,0.2088
6719599106236821760,272.269259,-46.424606,-0.9949,-3.0401,-0.004,-0.0013,-0.35758823529411776,-0.2021411764705876,0.6858,0.9818,0.4076,0.4712,0.3444,0.4068
6719598900083827072,272.270283,-46.425319,-1.332,-3.0135,-0.0033,-0.002,-0.6946882352941178,-0.17554117647058787,-0.2794,0.95266,0.4649,1.4145,1.0781,1.1325
6719599209329905024,272.272347,-46.418928,-0.329,-2.804,-0.0018,0.0044,0.30831176470588223,0.033958823529412374,-0.4241,0.9981,0.2266,0.2099,0.1549,0.1856
6719599209321486592,272.272277,-46.421027,1.1442,-2.5896,-0.0019,0.0023,1.7815117647058822,0.2483588235294123,-1.4372,0.96617,0.4753,0.9553,0.6107,0.739
6719599209316039680,272.27279,-46.420328,-0.8384,-3.0869,-0.0015,0.003,-0.2010882352941178,-0.24894117647058778,0.2393,0.98962,0.3344,0.4312,0.3082,0.3528
6719599209316035584,272.273455,-46.42156,-1.4636,-3.4246,-0.0011,0.0018,-0.8262882352941178,-0.5866411764705877,-0.207,0.97675,0.4765,0.9285,0.5959,0.7433
6719599209316024576,272.274374,-46.420211,0.1839,-2.601,-0.0004,0.0031,0.8212117647058823,0.23695882352941222,-0.3526,0.98965,0.3572,0.4607,0.3286,0.3699
6719599205022594432,272.275368,-46.418526,-0.8337,-2.7602,0.0003,0.0048,-0.19638823529411775,0.07775882352941199,0.1118,0.99628,0.4555,0.2952,0.2101,0.2247
6719599209316036736,272.276468,-46.418586,-1.2743,-3.1932,0.001,0.0047,-0.6369882352941177,-0.35524117647058784,-0.2525,0.99037,0.4276,0.327,0.2378,0.2561
6719599209329902720,272.278044,-46.418329,-0.7365,-2.8697,0.0021,0.005,-0.0991882352941178,-0.03174117647058772,0.0079,0.99983,0.4879,0.0836,0.0606,0.0648
6719599209316025728,272.276685,-46.420993,-0.6562,-2.8556,0.0012,0.0023,-0.01888823529411776,-0.017641176470587716,-0.1735,0.99976,0.5033,0.1354,0.0996,0.1123
6719599209316026752,272.277547,-46.421273,-1.4595,-3.7029,0.0018,0.0021,-0.8221882352941178,-0.8649411764705879,-2.7653,0.97865,0.3813,0.6032,0.4443,0.5811
6719599003157597184,272.278551,-46.421135,-0.5597,-2.8324,0.0024,0.0022,0.07761176470588227,0.005558823529412393,0.1453,0.99912,0.3111,0.0813,0.0578,0.0736
6719599003157588224,272.27526,-46.424511,-1.5152,-2.7934,0.0002,-0.0012,-0.8778882352941179,0.044558823529412095,0.5995,0.97404,0.1199,0.3963,0.2912,0.3806
6719599003157586176,272.275573,-46.425164,-0.11,-3.2181,0.0004,-0.0018,0.5273117647058823,-0.380141176470588,0.2863,0.98163,0.0597,0.4705,0.34,0.4052
6719599003157597312,272.277647,-46.422436,-0.0148,-2.5515,0.0018,0.0009,0.6225117647058822,0.2864588235294123,1.0819,0.95021,0.2088,0.3102,0.2262,0.2748
6719599003157584896,272.278611,-46.422948,0.0576,-3.0346,0.0025,0.0004,0.6949117647058822,-0.19664117647058799,-0.4059,0.98774,0.1233,0.4587,0.3297,0.4262
6719599003163029888,272.277255,-46.424224,-0.5501,-3.063,0.0016,-0.0009,0.08721176470588221,-0.22504117647058797,2.0534,0.95934,0.2394,0.9756,0.6783,0.8071
6719598998858700032,272.276604,-46.425023,-0.6904,-2.7557,0.0011,-0.0017,-0.05308823529411777,0.08225882352941216,0.0174,0.99978,0.1918,0.1204,0.0893,0.11
6719599003157581824,272.278043,-46.425287,-0.2946,-2.605,0.0021,-0.002,0.34271176470588227,0.23295882352941222,-0.0291,0.99677,0.1549,0.3309,0.2391,0.291
6719599209329900032,272.288348,-46.414188,-0.6011,-2.5704,0.0092,0.0091,0.03621176470588228,0.2675588235294124,0.0255,0.989,0.3426,0.1228,0.0903,0.1013
6719599003157583616,272.279272,-46.422506,-1.0149,-2.3895,0.0029,0.0008,-0.37758823529411767,0.44845882352941224,0.3074,0.97412,0.2374,0.2235,0.1625,0.1944
6719599003157576960,272.284205,-46.422994,-0.0151,-3.1227,0.0063,0.0003,0.6222117647058822,-0.28474117647058783,-0.2299,0.96945,0.0768,0.4096,0.2922,0.3768
6719599003157575552,272.287683,-46.421377,0.0021,-2.7273,0.0087,0.002,0.6394117647058822,0.11065882352941214,0.2155,0.9513,0.0879,0.4329,0.3172,0.4006
6719599003157570816,272.290655,-46.42133,-0.0096,-2.7751,0.0108,0.002,0.6277117647058822,0.06285882352941208,-0.4962,0.96476,0.1673,0.3626,0.2584,0.3197
6719598998858703744,272.288514,-46.422019,-0.7755,-2.7913,0.0093,0.0013,-0.13818823529411772,0.046658823529412086,0.0773,0.99962,0.1861,0.057,0.0423,0.054
6719599106250688640,272.26662,-46.426364,-0.9375,-2.7918,-0.0058,-0.003,-0.30018823529411776,0.04615882352941236,-0.2745,0.98706,0.3577,0.4869,0.3423,0.4261
6719598900092257152,272.269214,-46.426184,-0.5263,-3.0305,-0.004,-0.0029,0.11101176470588225,-0.19254117647058777,-0.0188,0.98981,0.3626,0.1981,0.1391,0.1688
6719599003163030656,272.274237,-46.425688,-0.9782,-2.8906,-0.0005,-0.0024,-0.3408882352941177,-0.05264117647058786,0.7005,0.98292,0.2372,0.8002,0.5428,0.6921
6719599003163014784,272.277068,-46.425771,-1.6015,-2.4944,0.0014,-0.0024,-0.9641882352941177,0.343558823529412,-0.5689,0.95935,0.1914,1.0461,0.8344,1.1184
6719599003157575936,272.27431,-46.432269,-1.1775,-2.8662,-0.0005,-0.0089,-0.5401882352941177,-0.02824117647058788,-0.4454,0.97885,0.0236,0.4786,0.3387,0.4913
6719598900078365440,272.268333,-46.434227,-0.8635,-2.8581,-0.0046,-0.0109,-0.2261882352941178,-0.020141176470587663,-0.1279,0.96932,0.1924,0.3638,0.3007,0.3691
6719598930139202816,272.279691,-46.438227,-0.5517,-2.7062,0.0032,-0.0149,0.08561176470588228,0.13175882352941226,-0.1263,0.99625,0.2296,0.1161,0.0828,0.1158
6719599003171467520,272.284333,-46.425899,-0.9487,-2.5785,0.0064,-0.0026,-0.31138823529411774,0.2594588235294122,0.2158,0.98874,0.1739,0.2307,0.1688,0.2115
6719598930140298112,272.28616,-46.431969,-0.8676,-2.8596,0.0077,-0.0086,-0.2302882352941178,-0.02164117647058772,0.523,0.95226,0.1844,0.2763,0.1936,0.2555
6719598934438084096,272.288436,-46.430571,-0.6234,-2.5926,0.0093,-0.0072,0.01391176470588229,0.24535882352941218,-0.3316,0.99466,0.2027,0.236,0.1655,0.2168
6719598934451987328,272.290798,-46.436587,-0.7311,-2.6397,0.0109,-0.0133,-0.09378823529411773,0.19825882352941226,0.1152,0.98344,0.2261,0.1458,0.104,0.135
6719598900092253184,272.261556,-46.441932,-0.8559,-2.7433,-0.0093,-0.0186,-0.21858823529411775,0.09465882352941213,0.1106,0.96849,0.2318,0.0695,0.0506,0.0634
