Gmag,G_BPmag,G_RPmag,logAge,MH
15.083,17.956,13.642,10.07004,-1.15000
14.273,16.463,12.925,10.07004,-1.15000
13.646,15.502,12.364,10.07004,-1.15000
13.410,15.161,12.152,10.07004,-1.15000
12.883,14.479,11.665,10.07004,-1.15000
12.491,14.004,11.297,10.07004,-1.15000
11.887,13.304,10.724,10.07004,-1.15000
11.339,12.689,10.197,10.07004,-1.15000
10.922,12.229,9.796,10.07004,-1.15000
10.581,11.853,9.468,10.07004,-1.15000
10.426,11.679,9.320,10.07004,-1.15000
10.177,11.399,9.082,10.07004,-1.15000
9.694,10.843,8.628,10.07004,-1.15000
9.129,10.163,8.112,10.07004,-1.15000
8.515,9.435,7.554,10.07004,-1.15000
7.963,8.802,7.045,10.07004,-1.15000
7.855,8.678,6.946,10.07004,-1.15000
7.700,8.501,6.803,10.07004,-1.15000
7.557,8.340,6.671,10.07004,-1.15000
7.420,8.187,6.544,10.07004,-1.15000
7.356,8.115,6.485,10.07004,-1.15000
7.213,7.955,6.352,10.07004,-1.15000
7.079,7.807,6.228,10.07004,-1.15000
6.947,7.660,6.105,10.07004,-1.15000
6.884,7.592,6.046,10.07004,-1.15000
6.787,7.485,5.954,10.07004,-1.15000
6.687,7.377,5.860,10.07004,-1.15000
6.588,7.269,5.766,10.07004,-1.15000
6.450,7.122,5.635,10.07004,-1.15000
6.313,6.975,5.504,10.07004,-1.15000
6.269,6.929,5.462,10.07004,-1.15000
6.223,6.881,5.418,10.07004,-1.15000
6.106,6.758,5.305,10.07004,-1.15000
5.942,6.587,5.146,10.07004,-1.15000
5.776,6.415,4.984,10.07004,-1.15000
5.616,6.252,4.826,10.07004,-1.15000
5.578,6.213,4.789,10.07004,-1.15000
5.511,6.146,4.721,10.07004,-1.15000
5.388,6.025,4.597,10.07004,-1.15000
5.385,6.022,4.595,10.07004,-1.15000
5.261,5.902,4.468,10.07004,-1.15000
5.236,5.878,4.441,10.07004,-1.15000
5.137,5.787,4.337,10.07004,-1.15000
5.017,5.681,4.208,10.07004,-1.15000
4.924,5.604,4.103,10.07004,-1.15000
4.851,5.550,4.018,10.07004,-1.15000
4.783,5.501,3.936,10.07004,-1.15000
4.709,5.444,3.851,10.07004,-1.15000
4.625,5.372,3.759,10.07004,-1.15000
4.539,5.295,3.668,10.07004,-1.15000
4.492,5.252,3.619,10.07004,-1.15000
4.472,5.234,3.598,10.07004,-1.15000
4.362,5.129,3.485,10.07004,-1.15000
4.259,5.030,3.379,10.07004,-1.15000
4.136,4.911,3.253,10.07004,-1.15000
4.012,4.791,3.128,10.07004,-1.15000
3.877,4.660,2.991,10.07004,-1.15000
3.747,4.532,2.858,10.07004,-1.15000
3.627,4.415,2.736,10.07004,-1.15000
3.525,4.316,2.633,10.07004,-1.15000
3.403,4.198,2.509,10.07004,-1.15000
3.276,4.074,2.379,10.07004,-1.15000
3.149,3.951,2.250,10.07004,-1.15000
3.027,3.833,2.126,10.07004,-1.15000
2.908,3.718,2.004,10.07004,-1.15000
2.790,3.605,1.884,10.07004,-1.15000
2.671,3.489,1.762,10.07004,-1.15000
2.556,3.379,1.645,10.07004,-1.15000
2.439,3.267,1.525,10.07004,-1.15000
2.326,3.159,1.409,10.07004,-1.15000
2.217,3.054,1.297,10.07004,-1.15000
2.106,2.948,1.184,10.07004,-1.15000
2.000,2.848,1.074,10.07004,-1.15000
1.892,2.746,0.964,10.07004,-1.15000
1.788,2.647,0.857,10.07004,-1.15000
1.685,2.550,0.751,10.07004,-1.15000
1.585,2.455,0.647,10.07004,-1.15000
1.494,2.370,0.553,10.07004,-1.15000
1.438,2.316,0.496,10.07004,-1.15000
1.489,2.363,0.549,10.07004,-1.15000
1.498,2.372,0.559,10.07004,-1.15000
1.411,2.291,0.470,10.07004,-1.15000
1.313,2.198,0.367,10.07004,-1.15000
1.212,2.104,0.264,10.07004,-1.15000
1.112,2.010,0.160,10.07004,-1.15000
1.010,1.917,0.054,10.07004,-1.15000
0.912,1.827,-0.048,10.07004,-1.15000
0.814,1.737,-0.150,10.07004,-1.15000
0.717,1.648,-0.251,10.07004,-1.15000
0.621,1.562,-0.351,10.07004,-1.15000
0.528,1.478,-0.448,10.07004,-1.15000
0.435,1.394,-0.546,10.07004,-1.15000
0.343,1.312,-0.642,10.07004,-1.15000
0.254,1.232,-0.737,10.07004,-1.15000
0.168,1.157,-0.827,10.07004,-1.15000
0.064,1.065,-0.937,10.07004,-1.15000
-0.020,0.992,-1.026,10.07004,-1.15000
-0.118,0.907,-1.130,10.07004,-1.15000
-0.217,0.822,-1.234,10.07004,-1.15000
-0.298,0.752,-1.320,10.07004,-1.15000
-0.390,0.673,-1.419,10.07004,-1.15000
-0.484,0.593,-1.518,10.07004,-1.15000
-0.578,0.514,-1.619,10.07004,-1.15000
-0.663,0.443,-1.711,10.07004,-1.15000
-0.750,0.373,-1.804,10.07004,-1.15000
-0.836,0.304,-1.897,10.07004,-1.15000
-0.919,0.238,-1.987,10.07004,-1.15000
-1.001,0.174,-2.075,10.07004,-1.15000
-1.080,0.111,-2.162,10.07004,-1.15000
-1.162,0.047,-2.250,10.07004,-1.15000
-1.236,-0.009,-2.330,10.07004,-1.15000
-1.311,-0.066,-2.412,10.07004,-1.15000
-1.386,-0.123,-2.494,10.07004,-1.15000
-1.456,-0.172,-2.571,10.07004,-1.15000
-1.523,-0.218,-2.646,10.07004,-1.15000
-1.588,-0.263,-2.717,10.07004,-1.15000
-1.650,-0.305,-2.786,10.07004,-1.15000
-1.663,-0.314,-2.800,10.07004,-1.15000
1.927,2.674,1.061,10.07004,-1.15000
1.884,2.634,1.016,10.07004,-1.15000
1.878,2.628,1.010,10.07004,-1.15000
1.874,2.624,1.007,10.07004,-1.15000
1.873,2.622,1.006,10.07004,-1.15000
1.873,2.621,1.007,10.07004,-1.15000
1.875,2.621,1.010,10.07004,-1.15000
1.878,2.622,1.014,10.07004,-1.15000
1.881,2.624,1.018,10.07004,-1.15000
1.884,2.625,1.023,10.07004,-1.15000
1.887,2.626,1.027,10.07004,-1.15000
1.890,2.627,1.030,10.07004,-1.15000
1.892,2.628,1.033,10.07004,-1.15000
1.893,2.628,1.036,10.07004,-1.15000
1.895,2.628,1.038,10.07004,-1.15000
1.895,2.628,1.038,10.07004,-1.15000
1.895,2.628,1.039,10.07004,-1.15000
1.895,2.627,1.039,10.07004,-1.15000
1.894,2.626,1.038,10.07004,-1.15000
1.892,2.624,1.037,10.07004,-1.15000
1.890,2.622,1.034,10.07004,-1.15000
1.886,2.619,1.030,10.07004,-1.15000
1.881,2.615,1.025,10.07004,-1.15000
1.879,2.613,1.022,10.07004,-1.15000
1.876,2.611,1.019,10.07004,-1.15000
1.870,2.606,1.012,10.07004,-1.15000
1.863,2.600,1.004,10.07004,-1.15000
1.855,2.594,0.996,10.07004,-1.15000
1.846,2.586,0.985,10.07004,-1.15000
1.835,2.578,0.973,10.07004,-1.15000
1.824,2.568,0.961,10.07004,-1.15000
1.815,2.560,0.950,10.07004,-1.15000
1.799,2.548,0.933,10.07004,-1.15000
1.778,2.530,0.909,10.07004,-1.15000
1.755,2.511,0.885,10.07004,-1.15000
1.717,2.478,0.843,10.07004,-1.15000
1.652,2.422,0.773,10.07004,-1.15000
1.566,2.348,0.680,10.07004,-1.15000
1.478,2.271,0.585,10.07004,-1.15000
1.397,2.199,0.498,10.07004,-1.15000
1.313,2.125,0.408,10.07004,-1.15000
1.236,2.058,0.326,10.07004,-1.15000
1.165,1.995,0.250,10.07004,-1.15000
1.143,1.975,0.227,10.07004,-1.15000
1.046,1.888,0.125,10.07004,-1.15000
0.959,1.811,0.033,10.07004,-1.15000
0.877,1.737,-0.054,10.07004,-1.15000
0.808,1.676,-0.127,10.07004,-1.15000
0.765,1.637,-0.173,10.07004,-1.15000
0.824,1.690,-0.110,10.07004,-1.15000
0.875,1.735,-0.056,10.07004,-1.15000
0.919,1.775,-0.009,10.07004,-1.15000
0.854,1.717,-0.079,10.07004,-1.15000
0.762,1.635,-0.176,10.07004,-1.15000
0.647,1.532,-0.298,10.07004,-1.15000
0.539,1.437,-0.411,10.07004,-1.15000
0.438,1.347,-0.519,10.07004,-1.15000
0.339,1.260,-0.624,10.07004,-1.15000
0.243,1.175,-0.726,10.07004,-1.15000
0.149,1.094,-0.826,10.07004,-1.15000
0.056,1.015,-0.924,10.07004,-1.15000
-0.035,0.937,-1.022,10.07004,-1.15000
-0.121,0.873,-1.117,10.07004,-1.15000
-0.171,0.848,-1.180,10.07004,-1.15000
-0.256,0.779,-1.271,10.07004,-1.15000
-0.342,0.707,-1.364,10.07004,-1.15000
-0.428,0.635,-1.456,10.07004,-1.15000
-0.513,0.565,-1.547,10.07004,-1.15000
-0.598,0.492,-1.638,10.07004,-1.15000
-0.698,0.394,-1.738,10.07004,-1.15000
-0.821,0.241,-1.847,10.07004,-1.15000
-0.914,0.085,-1.912,10.07004,-1.15000
31.427,32.715,30.309,10.07004,-1.15000
