Gmag,G_BPmag,G_RPmag,logAge,MH
15.245,18.340,13.775,10.07918,-1.00000
14.661,17.246,13.252,10.07918,-1.00000
14.454,16.875,13.068,10.07918,-1.00000
13.572,15.473,12.278,10.07918,-1.00000
13.024,14.725,11.777,10.07918,-1.00000
12.622,14.222,11.401,10.07918,-1.00000
12.011,13.499,10.824,10.07918,-1.00000
11.455,12.866,10.293,10.07918,-1.00000
11.031,12.391,9.885,10.07918,-1.00000
10.680,12.002,9.548,10.07918,-1.00000
10.655,11.974,9.524,10.07918,-1.00000
10.268,11.535,9.156,10.07918,-1.00000
9.783,10.977,8.699,10.07918,-1.00000
9.231,10.315,8.193,10.07918,-1.00000
9.223,10.305,8.186,10.07918,-1.00000
8.594,9.545,7.617,10.07918,-1.00000
8.030,8.889,7.101,10.07918,-1.00000
7.958,8.806,7.035,10.07918,-1.00000
7.771,8.591,6.863,10.07918,-1.00000
7.599,8.396,6.706,10.07918,-1.00000
7.482,8.263,6.597,10.07918,-1.00000
7.386,8.156,6.507,10.07918,-1.00000
7.242,7.996,6.374,10.07918,-1.00000
7.109,7.848,6.250,10.07918,-1.00000
6.977,7.701,6.127,10.07918,-1.00000
6.946,7.667,6.098,10.07918,-1.00000
6.918,7.636,6.073,10.07918,-1.00000
6.818,7.527,5.979,10.07918,-1.00000
6.719,7.419,5.886,10.07918,-1.00000
6.621,7.313,5.793,10.07918,-1.00000
6.486,7.167,5.665,10.07918,-1.00000
6.352,7.024,5.538,10.07918,-1.00000
6.349,7.020,5.534,10.07918,-1.00000
6.265,6.932,5.453,10.07918,-1.00000
6.152,6.813,5.344,10.07918,-1.00000
5.993,6.648,5.190,10.07918,-1.00000
5.834,6.484,5.035,10.07918,-1.00000
5.682,6.328,4.885,10.07918,-1.00000
5.646,6.292,4.850,10.07918,-1.00000
5.579,6.225,4.783,10.07918,-1.00000
5.532,6.178,4.735,10.07918,-1.00000
5.452,6.099,4.655,10.07918,-1.00000
5.327,5.978,4.527,10.07918,-1.00000
5.302,5.954,4.501,10.07918,-1.00000
5.206,5.865,4.400,10.07918,-1.00000
5.091,5.764,4.276,10.07918,-1.00000
5.004,5.693,4.178,10.07918,-1.00000
4.936,5.643,4.097,10.07918,-1.00000
4.871,5.599,4.020,10.07918,-1.00000
4.799,5.544,3.936,10.07918,-1.00000
4.714,5.472,3.843,10.07918,-1.00000
4.627,5.394,3.751,10.07918,-1.00000
4.579,5.349,3.700,10.07918,-1.00000
4.559,5.331,3.680,10.07918,-1.00000
4.450,5.227,3.567,10.07918,-1.00000
4.349,5.130,3.464,10.07918,-1.00000
4.228,5.012,3.340,10.07918,-1.00000
4.106,4.894,3.216,10.07918,-1.00000
3.973,4.764,3.081,10.07918,-1.00000
3.843,4.638,2.949,10.07918,-1.00000
3.724,4.522,2.828,10.07918,-1.00000
3.624,4.425,2.727,10.07918,-1.00000
3.504,4.308,2.605,10.07918,-1.00000
3.379,4.186,2.477,10.07918,-1.00000
3.254,4.065,2.350,10.07918,-1.00000
3.134,3.950,2.228,10.07918,-1.00000
3.016,3.836,2.108,10.07918,-1.00000
2.901,3.726,1.990,10.07918,-1.00000
2.785,3.614,1.871,10.07918,-1.00000
2.672,3.506,1.756,10.07918,-1.00000
2.558,3.396,1.639,10.07918,-1.00000
2.448,3.291,1.526,10.07918,-1.00000
2.342,3.190,1.417,10.07918,-1.00000
2.236,3.089,1.308,10.07918,-1.00000
2.133,2.991,1.202,10.07918,-1.00000
2.029,2.893,1.095,10.07918,-1.00000
1.929,2.799,0.992,10.07918,-1.00000
1.832,2.707,0.892,10.07918,-1.00000
1.738,2.619,0.796,10.07918,-1.00000
1.655,2.541,0.710,10.07918,-1.00000
1.603,2.491,0.656,10.07918,-1.00000
1.660,2.544,0.716,10.07918,-1.00000
1.671,2.554,0.727,10.07918,-1.00000
1.583,2.471,0.636,10.07918,-1.00000
1.483,2.378,0.533,10.07918,-1.00000
1.381,2.283,0.428,10.07918,-1.00000
1.282,2.191,0.325,10.07918,-1.00000
1.179,2.096,0.218,10.07918,-1.00000
1.080,2.005,0.115,10.07918,-1.00000
0.981,1.914,0.012,10.07918,-1.00000
0.885,1.826,-0.089,10.07918,-1.00000
0.788,1.739,-0.189,10.07918,-1.00000
0.695,1.654,-0.287,10.07918,-1.00000
0.600,1.569,-0.386,10.07918,-1.00000
0.509,1.487,-0.481,10.07918,-1.00000
0.419,1.406,-0.575,10.07918,-1.00000
0.331,1.327,-0.668,10.07918,-1.00000
0.224,1.234,-0.781,10.07918,-1.00000
0.138,1.159,-0.871,10.07918,-1.00000
0.037,1.072,-0.979,10.07918,-1.00000
-0.065,0.983,-1.087,10.07918,-1.00000
-0.148,0.912,-1.176,10.07918,-1.00000
-0.244,0.830,-1.278,10.07918,-1.00000
-0.342,0.747,-1.382,10.07918,-1.00000
-0.441,0.663,-1.488,10.07918,-1.00000
-0.531,0.589,-1.585,10.07918,-1.00000
-0.623,0.515,-1.684,10.07918,-1.00000
-0.716,0.441,-1.784,10.07918,-1.00000
-0.805,0.371,-1.880,10.07918,-1.00000
-0.892,0.302,-1.974,10.07918,-1.00000
-0.978,0.236,-2.068,10.07918,-1.00000
-1.067,0.167,-2.164,10.07918,-1.00000
-1.147,0.106,-2.252,10.07918,-1.00000
-1.230,0.045,-2.343,10.07918,-1.00000
-1.312,-0.014,-2.433,10.07918,-1.00000
-1.390,-0.068,-2.520,10.07918,-1.00000
-1.465,-0.117,-2.604,10.07918,-1.00000
-1.537,-0.163,-2.684,10.07918,-1.00000
-1.607,-0.208,-2.762,10.07918,-1.00000
-1.621,-0.215,-2.778,10.07918,-1.00000
1.939,2.705,1.062,10.07918,-1.00000
1.898,2.667,1.020,10.07918,-1.00000
1.891,2.660,1.013,10.07918,-1.00000
1.888,2.656,1.009,10.07918,-1.00000
1.887,2.654,1.009,10.07918,-1.00000
1.888,2.654,1.011,10.07918,-1.00000
1.890,2.655,1.014,10.07918,-1.00000
1.893,2.656,1.018,10.07918,-1.00000
1.897,2.658,1.023,10.07918,-1.00000
1.900,2.660,1.028,10.07918,-1.00000
1.904,2.662,1.032,10.07918,-1.00000
1.906,2.663,1.035,10.07918,-1.00000
1.909,2.664,1.039,10.07918,-1.00000
1.911,2.664,1.041,10.07918,-1.00000
1.912,2.665,1.043,10.07918,-1.00000
1.912,2.665,1.043,10.07918,-1.00000
1.913,2.664,1.044,10.07918,-1.00000
1.913,2.664,1.045,10.07918,-1.00000
1.912,2.663,1.044,10.07918,-1.00000
1.910,2.661,1.043,10.07918,-1.00000
1.908,2.659,1.040,10.07918,-1.00000
1.905,2.656,1.037,10.07918,-1.00000
1.900,2.652,1.032,10.07918,-1.00000
1.898,2.650,1.030,10.07918,-1.00000
1.895,2.648,1.027,10.07918,-1.00000
1.889,2.643,1.020,10.07918,-1.00000
1.882,2.637,1.012,10.07918,-1.00000
1.874,2.631,1.004,10.07918,-1.00000
1.865,2.623,0.994,10.07918,-1.00000
1.856,2.615,0.983,10.07918,-1.00000
1.844,2.605,0.970,10.07918,-1.00000
1.832,2.595,0.956,10.07918,-1.00000
1.815,2.581,0.939,10.07918,-1.00000
1.794,2.563,0.915,10.07918,-1.00000
1.778,2.550,0.898,10.07918,-1.00000
1.739,2.516,0.855,10.07918,-1.00000
1.677,2.463,0.788,10.07918,-1.00000
1.590,2.387,0.694,10.07918,-1.00000
1.501,2.310,0.599,10.07918,-1.00000
1.416,2.235,0.507,10.07918,-1.00000
1.328,2.159,0.414,10.07918,-1.00000
1.247,2.087,0.327,10.07918,-1.00000
1.171,2.020,0.246,10.07918,-1.00000
1.149,2.000,0.222,10.07918,-1.00000
1.051,1.914,0.119,10.07918,-1.00000
0.963,1.836,0.025,10.07918,-1.00000
0.881,1.763,-0.062,10.07918,-1.00000
0.813,1.703,-0.134,10.07918,-1.00000
0.768,1.663,-0.181,10.07918,-1.00000
0.837,1.724,-0.108,10.07918,-1.00000
0.895,1.775,-0.047,10.07918,-1.00000
0.953,1.826,0.014,10.07918,-1.00000
0.876,1.759,-0.067,10.07918,-1.00000
0.784,1.677,-0.165,10.07918,-1.00000
0.668,1.575,-0.288,10.07918,-1.00000
0.561,1.481,-0.401,10.07918,-1.00000
0.460,1.392,-0.508,10.07918,-1.00000
0.361,1.306,-0.613,10.07918,-1.00000
0.266,1.223,-0.714,10.07918,-1.00000
0.172,1.143,-0.814,10.07918,-1.00000
0.081,1.066,-0.911,10.07918,-1.00000
-0.008,0.991,-1.006,10.07918,-1.00000
-0.092,0.925,-1.099,10.07918,-1.00000
-0.137,0.910,-1.158,10.07918,-1.00000
-0.223,0.838,-1.250,10.07918,-1.00000
-0.308,0.768,-1.342,10.07918,-1.00000
-0.393,0.698,-1.434,10.07918,-1.00000
-0.477,0.631,-1.525,10.07918,-1.00000
-0.565,0.557,-1.618,10.07918,-1.00000
-0.664,0.464,-1.719,10.07918,-1.00000
-0.802,0.296,-1.844,10.07918,-1.00000
-0.931,0.090,-1.939,10.07918,-1.00000
31.443,32.758,30.315,10.07918,-1.00000
