Gmag,G_BPmag,G_RPmag,logAge,MH
15.243,18.337,13.774,10.10551,-1.00000
14.453,16.872,13.067,10.10551,-1.00000
13.711,15.682,12.402,10.10551,-1.00000
13.571,15.471,12.277,10.10551,-1.00000
13.022,14.723,11.775,10.10551,-1.00000
12.619,14.218,11.399,10.10551,-1.00000
12.006,13.494,10.819,10.10551,-1.00000
11.451,12.861,10.288,10.10551,-1.00000
11.027,12.388,9.882,10.10551,-1.00000
10.677,11.999,9.545,10.10551,-1.00000
10.263,11.530,9.152,10.10551,-1.00000
10.198,11.455,9.090,10.10551,-1.00000
9.776,10.969,8.693,10.10551,-1.00000
9.212,10.291,8.175,10.10551,-1.00000
8.575,9.523,7.600,10.10551,-1.00000
8.003,8.858,7.076,10.10551,-1.00000
7.917,8.759,6.997,10.10551,-1.00000
7.743,8.560,6.838,10.10551,-1.00000
7.577,8.371,6.684,10.10551,-1.00000
7.444,8.222,6.561,10.10551,-1.00000
7.321,8.086,6.447,10.10551,-1.00000
7.187,7.936,6.322,10.10551,-1.00000
7.054,7.788,6.198,10.10551,-1.00000
6.933,7.655,6.086,10.10551,-1.00000
6.889,7.606,6.044,10.10551,-1.00000
6.792,7.501,5.953,10.10551,-1.00000
6.693,7.393,5.860,10.10551,-1.00000
6.558,7.247,5.731,10.10551,-1.00000
6.422,7.102,5.603,10.10551,-1.00000
6.290,6.961,5.476,10.10551,-1.00000
6.242,6.910,5.429,10.10551,-1.00000
6.222,6.889,5.410,10.10551,-1.00000
6.061,6.722,5.255,10.10551,-1.00000
5.900,6.555,5.097,10.10551,-1.00000
5.746,6.397,4.945,10.10551,-1.00000
5.709,6.360,4.909,10.10551,-1.00000
5.641,6.292,4.841,10.10551,-1.00000
5.494,6.147,4.693,10.10551,-1.00000
5.364,6.021,4.559,10.10551,-1.00000
5.312,5.973,4.505,10.10551,-1.00000
5.243,5.910,4.432,10.10551,-1.00000
5.156,5.832,4.337,10.10551,-1.00000
5.067,5.759,4.239,10.10551,-1.00000
4.997,5.706,4.156,10.10551,-1.00000
4.930,5.659,4.077,10.10551,-1.00000
4.855,5.601,3.991,10.10551,-1.00000
4.769,5.527,3.897,10.10551,-1.00000
4.681,5.448,3.805,10.10551,-1.00000
4.634,5.404,3.754,10.10551,-1.00000
4.614,5.386,3.734,10.10551,-1.00000
4.504,5.281,3.621,10.10551,-1.00000
4.403,5.184,3.517,10.10551,-1.00000
4.281,5.067,3.393,10.10551,-1.00000
4.160,4.948,3.269,10.10551,-1.00000
4.026,4.818,3.134,10.10551,-1.00000
3.897,4.692,3.003,10.10551,-1.00000
3.778,4.576,2.882,10.10551,-1.00000
3.677,4.478,2.780,10.10551,-1.00000
3.557,4.361,2.658,10.10551,-1.00000
3.431,4.239,2.530,10.10551,-1.00000
3.306,4.118,2.402,10.10551,-1.00000
3.186,4.002,2.280,10.10551,-1.00000
3.068,3.887,2.159,10.10551,-1.00000
2.952,3.776,2.041,10.10551,-1.00000
2.835,3.663,1.921,10.10551,-1.00000
2.722,3.555,1.806,10.10551,-1.00000
2.607,3.444,1.687,10.10551,-1.00000
2.495,3.338,1.574,10.10551,-1.00000
2.388,3.236,1.464,10.10551,-1.00000
2.280,3.133,1.353,10.10551,-1.00000
2.176,3.034,1.246,10.10551,-1.00000
2.071,2.934,1.137,10.10551,-1.00000
1.969,2.838,1.033,10.10551,-1.00000
1.870,2.745,0.930,10.10551,-1.00000
1.774,2.654,0.831,10.10551,-1.00000
1.685,2.571,0.739,10.10551,-1.00000
1.634,2.523,0.687,10.10551,-1.00000
1.687,2.571,0.742,10.10551,-1.00000
1.696,2.580,0.752,10.10551,-1.00000
1.609,2.498,0.662,10.10551,-1.00000
1.510,2.405,0.559,10.10551,-1.00000
1.408,2.310,0.454,10.10551,-1.00000
1.308,2.217,0.351,10.10551,-1.00000
1.205,2.122,0.244,10.10551,-1.00000
1.106,2.031,0.141,10.10551,-1.00000
1.007,1.941,0.038,10.10551,-1.00000
0.910,1.852,-0.063,10.10551,-1.00000
0.814,1.765,-0.164,10.10551,-1.00000
0.720,1.680,-0.261,10.10551,-1.00000
0.626,1.594,-0.360,10.10551,-1.00000
0.534,1.512,-0.456,10.10551,-1.00000
0.444,1.431,-0.551,10.10551,-1.00000
0.356,1.352,-0.643,10.10551,-1.00000
0.249,1.259,-0.756,10.10551,-1.00000
0.162,1.184,-0.847,10.10551,-1.00000
0.061,1.095,-0.955,10.10551,-1.00000
-0.042,1.006,-1.065,10.10551,-1.00000
-0.126,0.935,-1.153,10.10551,-1.00000
-0.222,0.852,-1.256,10.10551,-1.00000
-0.321,0.768,-1.362,10.10551,-1.00000
-0.421,0.684,-1.468,10.10551,-1.00000
-0.512,0.609,-1.566,10.10551,-1.00000
-0.605,0.534,-1.666,10.10551,-1.00000
-0.698,0.460,-1.767,10.10551,-1.00000
-0.788,0.389,-1.864,10.10551,-1.00000
-0.876,0.319,-1.959,10.10551,-1.00000
-0.964,0.252,-2.054,10.10551,-1.00000
-1.053,0.182,-2.152,10.10551,-1.00000
-1.135,0.121,-2.241,10.10551,-1.00000
-1.219,0.058,-2.333,10.10551,-1.00000
-1.303,-0.001,-2.425,10.10551,-1.00000
-1.382,-0.055,-2.513,10.10551,-1.00000
-1.458,-0.105,-2.598,10.10551,-1.00000
-1.532,-0.153,-2.681,10.10551,-1.00000
-1.603,-0.197,-2.760,10.10551,-1.00000
-1.617,-0.205,-2.777,10.10551,-1.00000
1.959,2.719,1.086,10.10551,-1.00000
1.923,2.685,1.048,10.10551,-1.00000
1.913,2.676,1.039,10.10551,-1.00000
1.910,2.672,1.035,10.10551,-1.00000
1.909,2.670,1.035,10.10551,-1.00000
1.910,2.670,1.036,10.10551,-1.00000
1.912,2.671,1.040,10.10551,-1.00000
1.916,2.672,1.045,10.10551,-1.00000
1.920,2.674,1.050,10.10551,-1.00000
1.924,2.676,1.055,10.10551,-1.00000
1.927,2.678,1.059,10.10551,-1.00000
1.930,2.679,1.063,10.10551,-1.00000
1.933,2.681,1.067,10.10551,-1.00000
1.935,2.681,1.070,10.10551,-1.00000
1.936,2.682,1.072,10.10551,-1.00000
1.937,2.682,1.073,10.10551,-1.00000
1.937,2.682,1.073,10.10551,-1.00000
1.937,2.682,1.074,10.10551,-1.00000
1.937,2.681,1.074,10.10551,-1.00000
1.936,2.680,1.073,10.10551,-1.00000
1.934,2.678,1.071,10.10551,-1.00000
1.931,2.675,1.068,10.10551,-1.00000
1.928,2.672,1.064,10.10551,-1.00000
1.922,2.668,1.058,10.10551,-1.00000
1.921,2.667,1.057,10.10551,-1.00000
1.918,2.664,1.053,10.10551,-1.00000
1.911,2.659,1.046,10.10551,-1.00000
1.903,2.652,1.036,10.10551,-1.00000
1.894,2.645,1.026,10.10551,-1.00000
1.883,2.636,1.014,10.10551,-1.00000
1.872,2.627,1.002,10.10551,-1.00000
1.859,2.616,0.988,10.10551,-1.00000
1.845,2.605,0.973,10.10551,-1.00000
1.831,2.593,0.957,10.10551,-1.00000
1.814,2.579,0.939,10.10551,-1.00000
1.809,2.574,0.933,10.10551,-1.00000
1.767,2.539,0.887,10.10551,-1.00000
1.704,2.484,0.819,10.10551,-1.00000
1.616,2.408,0.723,10.10551,-1.00000
1.523,2.327,0.623,10.10551,-1.00000
1.436,2.252,0.530,10.10551,-1.00000
1.346,2.174,0.434,10.10551,-1.00000
1.262,2.100,0.344,10.10551,-1.00000
1.181,2.028,0.257,10.10551,-1.00000
1.154,2.004,0.228,10.10551,-1.00000
1.060,1.921,0.129,10.10551,-1.00000
0.967,1.839,0.030,10.10551,-1.00000
0.897,1.777,-0.045,10.10551,-1.00000
0.865,1.748,-0.079,10.10551,-1.00000
0.867,1.750,-0.076,10.10551,-1.00000
0.913,1.790,-0.028,10.10551,-1.00000
0.936,1.810,-0.004,10.10551,-1.00000
0.921,1.798,-0.019,10.10551,-1.00000
0.850,1.736,-0.094,10.10551,-1.00000
0.734,1.633,-0.217,10.10551,-1.00000
0.611,1.525,-0.348,10.10551,-1.00000
0.503,1.430,-0.463,10.10551,-1.00000
0.401,1.341,-0.571,10.10551,-1.00000
0.302,1.255,-0.676,10.10551,-1.00000
0.207,1.173,-0.778,10.10551,-1.00000
0.113,1.094,-0.877,10.10551,-1.00000
0.022,1.017,-0.975,10.10551,-1.00000
-0.063,0.951,-1.069,10.10551,-1.00000
-0.118,0.919,-1.134,10.10551,-1.00000
-0.198,0.860,-1.224,10.10551,-1.00000
-0.284,0.789,-1.317,10.10551,-1.00000
-0.371,0.717,-1.410,10.10551,-1.00000
-0.461,0.641,-1.506,10.10551,-1.00000
-0.561,0.549,-1.608,10.10551,-1.00000
-0.695,0.393,-1.734,10.10551,-1.00000
-0.814,0.220,-1.828,10.10551,-1.00000
31.541,33.036,30.354,10.10551,-1.00000
