Gmag,G_BPmag,G_RPmag,logAge,MH
15.138,18.091,13.686,10.02119,-1.10000
14.939,17.705,13.509,10.02119,-1.10000
14.334,16.603,12.974,10.02119,-1.10000
13.465,15.264,12.195,10.02119,-1.10000
13.080,14.753,11.841,10.02119,-1.10000
12.933,14.564,11.705,10.02119,-1.10000
12.892,14.514,11.667,10.02119,-1.10000
12.539,14.082,11.336,10.02119,-1.10000
11.936,13.376,10.765,10.02119,-1.10000
11.553,12.943,10.398,10.02119,-1.10000
11.386,12.756,10.237,10.02119,-1.10000
10.963,12.287,9.831,10.02119,-1.10000
10.619,11.908,9.500,10.02119,-1.10000
10.214,11.452,9.114,10.02119,-1.10000
9.952,11.150,8.867,10.02119,-1.10000
9.736,10.902,8.664,10.02119,-1.10000
9.181,10.235,8.155,10.02119,-1.10000
8.575,9.510,7.606,10.02119,-1.10000
8.033,8.885,7.108,10.02119,-1.10000
8.013,8.861,7.089,10.02119,-1.10000
7.821,8.641,6.914,10.02119,-1.10000
7.644,8.440,6.751,10.02119,-1.10000
7.507,8.285,6.625,10.02119,-1.10000
7.361,8.122,6.489,10.02119,-1.10000
7.208,7.950,6.347,10.02119,-1.10000
7.067,7.793,6.217,10.02119,-1.10000
7.002,7.721,6.156,10.02119,-1.10000
6.959,7.674,6.116,10.02119,-1.10000
6.853,7.557,6.017,10.02119,-1.10000
6.751,7.446,5.921,10.02119,-1.10000
6.653,7.338,5.829,10.02119,-1.10000
6.554,7.231,5.736,10.02119,-1.10000
6.464,7.135,5.651,10.02119,-1.10000
6.433,7.101,5.621,10.02119,-1.10000
6.316,6.977,5.509,10.02119,-1.10000
6.205,6.860,5.403,10.02119,-1.10000
6.096,6.745,5.297,10.02119,-1.10000
5.983,6.626,5.188,10.02119,-1.10000
5.824,6.460,5.034,10.02119,-1.10000
5.800,6.435,5.010,10.02119,-1.10000
5.760,6.394,4.971,10.02119,-1.10000
5.611,6.240,4.825,10.02119,-1.10000
5.484,6.111,4.700,10.02119,-1.10000
5.480,6.107,4.696,10.02119,-1.10000
5.418,6.046,4.635,10.02119,-1.10000
5.284,5.913,4.499,10.02119,-1.10000
5.155,5.789,4.367,10.02119,-1.10000
5.129,5.764,4.340,10.02119,-1.10000
5.030,5.674,4.235,10.02119,-1.10000
4.913,5.571,4.106,10.02119,-1.10000
4.823,5.500,4.005,10.02119,-1.10000
4.757,5.453,3.925,10.02119,-1.10000
4.695,5.413,3.849,10.02119,-1.10000
4.627,5.363,3.769,10.02119,-1.10000
4.545,5.295,3.679,10.02119,-1.10000
4.461,5.220,3.589,10.02119,-1.10000
4.452,5.212,3.580,10.02119,-1.10000
4.413,5.176,3.539,10.02119,-1.10000
4.377,5.142,3.501,10.02119,-1.10000
4.276,5.046,3.397,10.02119,-1.10000
4.169,4.943,3.288,10.02119,-1.10000
4.058,4.835,3.174,10.02119,-1.10000
3.932,4.714,3.046,10.02119,-1.10000
3.819,4.604,2.931,10.02119,-1.10000
3.695,4.483,2.805,10.02119,-1.10000
3.573,4.364,2.682,10.02119,-1.10000
3.446,4.240,2.552,10.02119,-1.10000
3.327,4.125,2.431,10.02119,-1.10000
3.208,4.009,2.310,10.02119,-1.10000
3.090,3.895,2.190,10.02119,-1.10000
2.968,3.778,2.066,10.02119,-1.10000
2.857,3.671,1.952,10.02119,-1.10000
2.741,3.558,1.833,10.02119,-1.10000
2.623,3.445,1.713,10.02119,-1.10000
2.508,3.334,1.595,10.02119,-1.10000
2.392,3.224,1.476,10.02119,-1.10000
2.285,3.121,1.366,10.02119,-1.10000
2.170,3.012,1.249,10.02119,-1.10000
2.060,2.907,1.135,10.02119,-1.10000
1.947,2.800,1.020,10.02119,-1.10000
1.836,2.695,0.905,10.02119,-1.10000
1.729,2.594,0.794,10.02119,-1.10000
1.618,2.490,0.680,10.02119,-1.10000
1.518,2.396,0.577,10.02119,-1.10000
1.430,2.312,0.486,10.02119,-1.10000
1.478,2.356,0.537,10.02119,-1.10000
1.505,2.381,0.565,10.02119,-1.10000
1.416,2.298,0.473,10.02119,-1.10000
1.317,2.205,0.371,10.02119,-1.10000
1.217,2.111,0.267,10.02119,-1.10000
1.117,2.018,0.163,10.02119,-1.10000
1.015,1.924,0.057,10.02119,-1.10000
0.916,1.834,-0.045,10.02119,-1.10000
0.818,1.744,-0.148,10.02119,-1.10000
0.721,1.655,-0.249,10.02119,-1.10000
0.625,1.569,-0.349,10.02119,-1.10000
0.533,1.485,-0.446,10.02119,-1.10000
0.439,1.401,-0.543,10.02119,-1.10000
0.349,1.320,-0.638,10.02119,-1.10000
0.259,1.240,-0.732,10.02119,-1.10000
0.173,1.165,-0.823,10.02119,-1.10000
0.069,1.073,-0.933,10.02119,-1.10000
-0.014,1.000,-1.021,10.02119,-1.10000
-0.112,0.916,-1.125,10.02119,-1.10000
-0.211,0.830,-1.230,10.02119,-1.10000
-0.291,0.761,-1.315,10.02119,-1.10000
-0.383,0.683,-1.413,10.02119,-1.10000
-0.477,0.603,-1.513,10.02119,-1.10000
-0.572,0.523,-1.614,10.02119,-1.10000
-0.656,0.454,-1.705,10.02119,-1.10000
-0.743,0.384,-1.798,10.02119,-1.10000
-0.829,0.314,-1.892,10.02119,-1.10000
-0.912,0.248,-1.981,10.02119,-1.10000
-0.993,0.184,-2.069,10.02119,-1.10000
-1.074,0.121,-2.156,10.02119,-1.10000
-1.154,0.058,-2.244,10.02119,-1.10000
-1.228,0.002,-2.324,10.02119,-1.10000
-1.304,-0.056,-2.407,10.02119,-1.10000
-1.379,-0.112,-2.488,10.02119,-1.10000
-1.449,-0.161,-2.566,10.02119,-1.10000
-1.517,-0.207,-2.641,10.02119,-1.10000
-1.581,-0.251,-2.712,10.02119,-1.10000
-1.643,-0.292,-2.781,10.02119,-1.10000
-1.655,-0.300,-2.795,10.02119,-1.10000
1.890,2.653,1.015,10.02119,-1.10000
1.849,2.614,0.973,10.02119,-1.10000
1.841,2.607,0.964,10.02119,-1.10000
1.837,2.602,0.960,10.02119,-1.10000
1.835,2.599,0.958,10.02119,-1.10000
1.835,2.598,0.959,10.02119,-1.10000
1.836,2.599,0.961,10.02119,-1.10000
1.839,2.599,0.965,10.02119,-1.10000
1.841,2.601,0.969,10.02119,-1.10000
1.844,2.601,0.972,10.02119,-1.10000
1.846,2.602,0.975,10.02119,-1.10000
1.848,2.603,0.978,10.02119,-1.10000
1.850,2.603,0.981,10.02119,-1.10000
1.851,2.604,0.983,10.02119,-1.10000
1.852,2.604,0.984,10.02119,-1.10000
1.853,2.603,0.985,10.02119,-1.10000
1.853,2.603,0.985,10.02119,-1.10000
1.852,2.602,0.985,10.02119,-1.10000
1.851,2.601,0.985,10.02119,-1.10000
1.850,2.599,0.983,10.02119,-1.10000
1.847,2.596,0.981,10.02119,-1.10000
1.844,2.593,0.977,10.02119,-1.10000
1.839,2.589,0.972,10.02119,-1.10000
1.838,2.588,0.971,10.02119,-1.10000
1.837,2.587,0.969,10.02119,-1.10000
1.831,2.582,0.963,10.02119,-1.10000
1.824,2.576,0.955,10.02119,-1.10000
1.815,2.569,0.946,10.02119,-1.10000
1.807,2.562,0.936,10.02119,-1.10000
1.795,2.552,0.924,10.02119,-1.10000
1.782,2.541,0.909,10.02119,-1.10000
1.768,2.529,0.894,10.02119,-1.10000
1.753,2.516,0.877,10.02119,-1.10000
1.737,2.502,0.860,10.02119,-1.10000
1.730,2.497,0.853,10.02119,-1.10000
1.690,2.463,0.809,10.02119,-1.10000
1.624,2.405,0.738,10.02119,-1.10000
1.538,2.330,0.645,10.02119,-1.10000
1.450,2.253,0.551,10.02119,-1.10000
1.366,2.179,0.461,10.02119,-1.10000
1.282,2.105,0.371,10.02119,-1.10000
1.196,2.029,0.280,10.02119,-1.10000
1.117,1.958,0.196,10.02119,-1.10000
1.109,1.952,0.188,10.02119,-1.10000
1.108,1.951,0.187,10.02119,-1.10000
1.036,1.886,0.110,10.02119,-1.10000
0.952,1.811,0.022,10.02119,-1.10000
0.878,1.745,-0.056,10.02119,-1.10000
0.844,1.714,-0.092,10.02119,-1.10000
0.863,1.731,-0.072,10.02119,-1.10000
0.876,1.743,-0.059,10.02119,-1.10000
0.785,1.661,-0.155,10.02119,-1.10000
0.698,1.584,-0.248,10.02119,-1.10000
0.610,1.506,-0.340,10.02119,-1.10000
0.498,1.407,-0.458,10.02119,-1.10000
0.397,1.317,-0.566,10.02119,-1.10000
0.299,1.231,-0.670,10.02119,-1.10000
0.202,1.147,-0.772,10.02119,-1.10000
0.108,1.066,-0.872,10.02119,-1.10000
0.016,0.987,-0.971,10.02119,-1.10000
-0.073,0.913,-1.066,10.02119,-1.10000
-0.148,0.865,-1.153,10.02119,-1.10000
-0.185,0.840,-1.197,10.02119,-1.10000
-0.267,0.775,-1.286,10.02119,-1.10000
-0.352,0.704,-1.377,10.02119,-1.10000
-0.434,0.636,-1.466,10.02119,-1.10000
-0.517,0.570,-1.555,10.02119,-1.10000
-0.597,0.507,-1.642,10.02119,-1.10000
-0.678,0.442,-1.731,10.02119,-1.10000
-0.759,0.375,-1.816,10.02119,-1.10000
-0.840,0.296,-1.898,10.02119,-1.10000
-0.940,0.181,-1.992,10.02119,-1.10000
-1.068,-0.002,-2.097,10.02119,-1.10000
31.324,32.394,30.293,10.02119,-1.10000
