Gmag,G_BPmag,G_RPmag,logAge,MH
14.246,16.233,12.952,10.14613,-1.85000
13.625,15.214,12.419,10.14613,-1.85000
13.154,14.535,12.009,10.14613,-1.85000
12.321,13.501,11.249,10.14613,-1.85000
11.817,12.922,10.775,10.14613,-1.85000
11.429,12.490,10.407,10.14613,-1.85000
10.849,11.857,9.850,10.14613,-1.85000
10.323,11.286,9.346,10.14613,-1.85000
9.919,10.847,8.959,10.14613,-1.85000
9.584,10.482,8.640,10.14613,-1.85000
9.233,10.097,8.307,10.14613,-1.85000
8.797,9.607,7.901,10.14613,-1.85000
8.311,9.061,7.451,10.14613,-1.85000
7.744,8.436,6.921,10.14613,-1.85000
7.178,7.804,6.400,10.14613,-1.85000
7.146,7.768,6.370,10.14613,-1.85000
7.034,7.643,6.268,10.14613,-1.85000
6.931,7.528,6.173,10.14613,-1.85000
6.829,7.415,6.081,10.14613,-1.85000
6.714,7.287,5.975,10.14613,-1.85000
6.600,7.161,5.871,10.14613,-1.85000
6.584,7.143,5.856,10.14613,-1.85000
6.460,7.008,5.741,10.14613,-1.85000
6.338,6.875,5.628,10.14613,-1.85000
6.219,6.747,5.517,10.14613,-1.85000
6.098,6.616,5.403,10.14613,-1.85000
5.987,6.496,5.299,10.14613,-1.85000
5.887,6.390,5.205,10.14613,-1.85000
5.837,6.337,5.158,10.14613,-1.85000
5.720,6.213,5.046,10.14613,-1.85000
5.593,6.080,4.924,10.14613,-1.85000
5.432,5.912,4.769,10.14613,-1.85000
5.265,5.740,4.607,10.14613,-1.85000
5.136,5.608,4.482,10.14613,-1.85000
5.015,5.484,4.362,10.14613,-1.85000
4.985,5.454,4.332,10.14613,-1.85000
4.942,5.412,4.289,10.14613,-1.85000
4.814,5.286,4.160,10.14613,-1.85000
4.700,5.176,4.042,10.14613,-1.85000
4.689,5.166,4.030,10.14613,-1.85000
4.677,5.154,4.018,10.14613,-1.85000
4.653,5.131,3.992,10.14613,-1.85000
4.625,5.104,3.963,10.14613,-1.85000
4.522,5.010,3.852,10.14613,-1.85000
4.429,4.928,3.750,10.14613,-1.85000
4.343,4.855,3.654,10.14613,-1.85000
4.264,4.789,3.563,10.14613,-1.85000
4.191,4.729,3.479,10.14613,-1.85000
4.116,4.667,3.393,10.14613,-1.85000
4.034,4.598,3.301,10.14613,-1.85000
3.930,4.505,3.188,10.14613,-1.85000
3.831,4.414,3.084,10.14613,-1.85000
3.756,4.343,3.005,10.14613,-1.85000
3.718,4.307,2.966,10.14613,-1.85000
3.613,4.207,2.858,10.14613,-1.85000
3.490,4.089,2.732,10.14613,-1.85000
3.379,3.980,2.617,10.14613,-1.85000
3.265,3.870,2.502,10.14613,-1.85000
3.141,3.749,2.376,10.14613,-1.85000
3.018,3.629,2.250,10.14613,-1.85000
2.898,3.511,2.128,10.14613,-1.85000
2.784,3.400,2.012,10.14613,-1.85000
2.663,3.282,1.889,10.14613,-1.85000
2.536,3.157,1.759,10.14613,-1.85000
2.419,3.043,1.640,10.14613,-1.85000
2.302,2.930,1.522,10.14613,-1.85000
2.182,2.813,1.399,10.14613,-1.85000
2.066,2.699,1.281,10.14613,-1.85000
1.944,2.581,1.157,10.14613,-1.85000
1.827,2.468,1.037,10.14613,-1.85000
1.713,2.357,0.921,10.14613,-1.85000
1.595,2.242,0.800,10.14613,-1.85000
1.476,2.128,0.679,10.14613,-1.85000
1.363,2.018,0.562,10.14613,-1.85000
1.249,1.909,0.446,10.14613,-1.85000
1.130,1.794,0.324,10.14613,-1.85000
1.016,1.685,0.207,10.14613,-1.85000
0.903,1.576,0.090,10.14613,-1.85000
0.786,1.464,-0.030,10.14613,-1.85000
0.676,1.358,-0.143,10.14613,-1.85000
0.564,1.252,-0.258,10.14613,-1.85000
0.454,1.147,-0.371,10.14613,-1.85000
0.390,1.086,-0.438,10.14613,-1.85000
0.404,1.099,-0.422,10.14613,-1.85000
0.388,1.083,-0.439,10.14613,-1.85000
0.283,0.984,-0.548,10.14613,-1.85000
0.181,0.887,-0.653,10.14613,-1.85000
0.077,0.788,-0.761,10.14613,-1.85000
-0.017,0.700,-0.858,10.14613,-1.85000
-0.113,0.609,-0.957,10.14613,-1.85000
-0.206,0.523,-1.053,10.14613,-1.85000
-0.298,0.437,-1.150,10.14613,-1.85000
-0.391,0.351,-1.247,10.14613,-1.85000
-0.500,0.251,-1.361,10.14613,-1.85000
-0.588,0.171,-1.454,10.14613,-1.85000
-0.692,0.078,-1.564,10.14613,-1.85000
-0.795,-0.014,-1.673,10.14613,-1.85000
-0.901,-0.107,-1.786,10.14613,-1.85000
-0.993,-0.188,-1.885,10.14613,-1.85000
-1.093,-0.275,-1.991,10.14613,-1.85000
-1.185,-0.353,-2.091,10.14613,-1.85000
-1.277,-0.432,-2.190,10.14613,-1.85000
-1.367,-0.506,-2.288,10.14613,-1.85000
-1.451,-0.576,-2.379,10.14613,-1.85000
-1.536,-0.648,-2.471,10.14613,-1.85000
-1.615,-0.714,-2.556,10.14613,-1.85000
-1.693,-0.779,-2.641,10.14613,-1.85000
-1.773,-0.846,-2.728,10.14613,-1.85000
-1.844,-0.904,-2.805,10.14613,-1.85000
-1.921,-0.968,-2.888,10.14613,-1.85000
-1.994,-1.027,-2.967,10.14613,-1.85000
-2.064,-1.085,-3.044,10.14613,-1.85000
-2.134,-1.141,-3.120,10.14613,-1.85000
-2.198,-1.192,-3.190,10.14613,-1.85000
-2.269,-1.249,-3.267,10.14613,-1.85000
1.764,2.004,1.361,10.14613,-1.85000
1.749,1.992,1.344,10.14613,-1.85000
1.686,1.938,1.269,10.14613,-1.85000
1.678,1.930,1.260,10.14613,-1.85000
1.677,1.929,1.259,10.14613,-1.85000
1.680,1.932,1.263,10.14613,-1.85000
1.683,1.934,1.268,10.14613,-1.85000
1.687,1.936,1.272,10.14613,-1.85000
1.689,1.938,1.275,10.14613,-1.85000
1.690,1.939,1.277,10.14613,-1.85000
1.691,1.939,1.278,10.14613,-1.85000
1.690,1.939,1.277,10.14613,-1.85000
1.688,1.937,1.274,10.14613,-1.85000
1.683,1.934,1.268,10.14613,-1.85000
1.677,1.929,1.259,10.14613,-1.85000
1.669,1.923,1.248,10.14613,-1.85000
1.659,1.916,1.234,10.14613,-1.85000
1.654,1.913,1.228,10.14613,-1.85000
1.646,1.907,1.217,10.14613,-1.85000
1.632,1.897,1.197,10.14613,-1.85000
1.616,1.887,1.174,10.14613,-1.85000
1.597,1.875,1.147,10.14613,-1.85000
1.577,1.863,1.117,10.14613,-1.85000
1.555,1.851,1.084,10.14613,-1.85000
1.534,1.842,1.049,10.14613,-1.85000
1.522,1.837,1.029,10.14613,-1.85000
1.502,1.829,0.995,10.14613,-1.85000
1.483,1.822,0.962,10.14613,-1.85000
1.464,1.817,0.928,10.14613,-1.85000
1.444,1.812,0.891,10.14613,-1.85000
1.424,1.808,0.856,10.14613,-1.85000
1.405,1.804,0.822,10.14613,-1.85000
1.387,1.800,0.788,10.14613,-1.85000
1.369,1.796,0.756,10.14613,-1.85000
1.349,1.792,0.720,10.14613,-1.85000
1.328,1.788,0.685,10.14613,-1.85000
1.313,1.787,0.658,10.14613,-1.85000
1.311,1.787,0.652,10.14613,-1.85000
1.279,1.775,0.603,10.14613,-1.85000
1.232,1.751,0.536,10.14613,-1.85000
1.168,1.709,0.454,10.14613,-1.85000
1.101,1.660,0.373,10.14613,-1.85000
1.025,1.601,0.283,10.14613,-1.85000
0.948,1.539,0.195,10.14613,-1.85000
0.869,1.472,0.106,10.14613,-1.85000
0.793,1.406,0.023,10.14613,-1.85000
0.765,1.382,-0.008,10.14613,-1.85000
0.689,1.314,-0.089,10.14613,-1.85000
0.594,1.227,-0.191,10.14613,-1.85000
0.498,1.139,-0.293,10.14613,-1.85000
0.409,1.058,-0.386,10.14613,-1.85000
0.308,0.964,-0.493,10.14613,-1.85000
0.342,0.995,-0.456,10.14613,-1.85000
0.431,1.077,-0.363,10.14613,-1.85000
0.396,1.047,-0.400,10.14613,-1.85000
0.302,0.960,-0.500,10.14613,-1.85000
0.183,0.851,-0.626,10.14613,-1.85000
0.078,0.754,-0.736,10.14613,-1.85000
-0.028,0.656,-0.847,10.14613,-1.85000
-0.129,0.562,-0.953,10.14613,-1.85000
-0.231,0.468,-1.060,10.14613,-1.85000
-0.331,0.375,-1.165,10.14613,-1.85000
-0.430,0.283,-1.269,10.14613,-1.85000
-0.529,0.193,-1.372,10.14613,-1.85000
-0.628,0.102,-1.476,10.14613,-1.85000
-0.727,0.013,-1.581,10.14613,-1.85000
-0.826,-0.075,-1.687,10.14613,-1.85000
-0.924,-0.161,-1.792,10.14613,-1.85000
-1.021,-0.246,-1.896,10.14613,-1.85000
-1.119,-0.330,-2.002,10.14613,-1.85000
-1.219,-0.415,-2.109,10.14613,-1.85000
-1.316,-0.495,-2.215,10.14613,-1.85000
-1.413,-0.576,-2.322,10.14613,-1.85000
-1.507,-0.649,-2.425,10.14613,-1.85000
-1.599,-0.720,-2.529,10.14613,-1.85000
-1.694,-0.797,-2.632,10.14613,-1.85000
-1.787,-0.873,-2.734,10.14613,-1.85000
-1.716,-0.816,-2.656,10.14613,-1.85000
-1.747,-0.841,-2.690,10.14613,-1.85000
-1.819,-0.899,-2.770,10.14613,-1.85000
-1.902,-0.966,-2.861,10.14613,-1.85000
-2.004,-1.046,-2.972,10.14613,-1.85000
-2.100,-1.122,-3.078,10.14613,-1.85000
-2.137,-1.131,-3.128,10.14613,-1.85000
-1.644,-0.741,-2.586,10.14613,-1.85000
-1.283,-0.454,-2.187,10.14613,-1.85000
-0.804,-0.052,-1.665,10.14613,-1.85000
-0.816,-0.062,-1.679,10.14613,-1.85000
-1.041,-0.252,-1.923,10.14613,-1.85000
-1.471,-0.596,-2.399,10.14613,-1.85000
-1.831,-0.884,-2.795,10.14613,-1.85000
-2.063,-1.064,-3.052,10.14613,-1.85000
-2.186,-1.154,-3.189,10.14613,-1.85000
-2.245,-1.194,-3.257,10.14613,-1.85000
-2.277,-1.212,-3.294,10.14613,-1.85000
31.178,31.377,30.824,10.14613,-1.85000
