Gmag,G_BPmag,G_RPmag,logAge,MH
14.310,16.426,12.993,10.05115,-1.70000
13.895,15.694,12.639,10.05115,-1.70000
13.295,14.772,12.119,10.05115,-1.70000
12.456,13.704,11.358,10.05115,-1.70000
11.952,13.114,10.886,10.05115,-1.70000
11.566,12.679,10.522,10.05115,-1.70000
10.981,12.035,9.962,10.05115,-1.70000
10.445,11.451,9.448,10.05115,-1.70000
10.035,11.005,9.054,10.05115,-1.70000
9.700,10.639,8.734,10.05115,-1.70000
9.342,10.243,8.396,10.05115,-1.70000
8.894,9.735,7.981,10.05115,-1.70000
8.395,9.164,7.523,10.05115,-1.70000
7.847,8.554,7.014,10.05115,-1.70000
7.316,7.961,6.526,10.05115,-1.70000
7.228,7.862,6.446,10.05115,-1.70000
7.086,7.702,6.316,10.05115,-1.70000
6.966,7.567,6.206,10.05115,-1.70000
6.850,7.437,6.100,10.05115,-1.70000
6.779,7.359,6.036,10.05115,-1.70000
6.715,7.286,5.977,10.05115,-1.70000
6.572,7.128,5.846,10.05115,-1.70000
6.437,6.981,5.722,10.05115,-1.70000
6.312,6.843,5.605,10.05115,-1.70000
6.230,6.754,5.529,10.05115,-1.70000
6.187,6.708,5.490,10.05115,-1.70000
6.061,6.573,5.373,10.05115,-1.70000
5.937,6.440,5.256,10.05115,-1.70000
5.822,6.317,5.148,10.05115,-1.70000
5.703,6.190,5.034,10.05115,-1.70000
5.594,6.075,4.931,10.05115,-1.70000
5.568,6.048,4.907,10.05115,-1.70000
5.532,6.010,4.872,10.05115,-1.70000
5.402,5.873,4.748,10.05115,-1.70000
5.273,5.739,4.624,10.05115,-1.70000
5.145,5.606,4.501,10.05115,-1.70000
5.020,5.476,4.379,10.05115,-1.70000
4.894,5.348,4.256,10.05115,-1.70000
4.803,5.256,4.167,10.05115,-1.70000
4.767,5.219,4.130,10.05115,-1.70000
4.618,5.072,3.979,10.05115,-1.70000
4.513,4.971,3.870,10.05115,-1.70000
4.486,4.946,3.843,10.05115,-1.70000
4.461,4.922,3.817,10.05115,-1.70000
4.434,4.897,3.788,10.05115,-1.70000
4.337,4.809,3.683,10.05115,-1.70000
4.251,4.733,3.587,10.05115,-1.70000
4.173,4.669,3.497,10.05115,-1.70000
4.104,4.615,3.416,10.05115,-1.70000
4.042,4.568,3.340,10.05115,-1.70000
3.983,4.524,3.269,10.05115,-1.70000
3.919,4.475,3.194,10.05115,-1.70000
3.837,4.406,3.100,10.05115,-1.70000
3.752,4.331,3.008,10.05115,-1.70000
3.652,4.239,2.902,10.05115,-1.70000
3.615,4.204,2.863,10.05115,-1.70000
3.511,4.105,2.755,10.05115,-1.70000
3.388,3.986,2.629,10.05115,-1.70000
3.275,3.878,2.513,10.05115,-1.70000
3.160,3.766,2.396,10.05115,-1.70000
3.035,3.644,2.268,10.05115,-1.70000
2.910,3.523,2.141,10.05115,-1.70000
2.789,3.405,2.018,10.05115,-1.70000
2.675,3.293,1.902,10.05115,-1.70000
2.554,3.175,1.778,10.05115,-1.70000
2.426,3.051,1.649,10.05115,-1.70000
2.310,2.938,1.530,10.05115,-1.70000
2.195,2.826,1.413,10.05115,-1.70000
2.077,2.711,1.292,10.05115,-1.70000
1.963,2.600,1.176,10.05115,-1.70000
1.845,2.486,1.056,10.05115,-1.70000
1.732,2.376,0.940,10.05115,-1.70000
1.622,2.269,0.827,10.05115,-1.70000
1.507,2.159,0.710,10.05115,-1.70000
1.394,2.050,0.594,10.05115,-1.70000
1.286,1.946,0.483,10.05115,-1.70000
1.179,1.843,0.374,10.05115,-1.70000
1.068,1.736,0.259,10.05115,-1.70000
0.962,1.635,0.150,10.05115,-1.70000
0.857,1.535,0.043,10.05115,-1.70000
0.751,1.433,-0.067,10.05115,-1.70000
0.653,1.339,-0.168,10.05115,-1.70000
0.556,1.247,-0.268,10.05115,-1.70000
0.464,1.160,-0.362,10.05115,-1.70000
0.404,1.103,-0.424,10.05115,-1.70000
0.436,1.133,-0.391,10.05115,-1.70000
0.441,1.137,-0.386,10.05115,-1.70000
0.376,1.076,-0.453,10.05115,-1.70000
0.273,0.978,-0.559,10.05115,-1.70000
0.172,0.883,-0.665,10.05115,-1.70000
0.073,0.789,-0.768,10.05115,-1.70000
-0.021,0.702,-0.864,10.05115,-1.70000
-0.119,0.610,-0.967,10.05115,-1.70000
-0.212,0.524,-1.064,10.05115,-1.70000
-0.308,0.435,-1.164,10.05115,-1.70000
-0.398,0.353,-1.259,10.05115,-1.70000
-0.511,0.250,-1.378,10.05115,-1.70000
-0.619,0.153,-1.493,10.05115,-1.70000
-0.710,0.073,-1.589,10.05115,-1.70000
-0.813,-0.018,-1.699,10.05115,-1.70000
-0.901,-0.094,-1.792,10.05115,-1.70000
-0.998,-0.178,-1.897,10.05115,-1.70000
-1.098,-0.264,-2.005,10.05115,-1.70000
-1.198,-0.347,-2.113,10.05115,-1.70000
-1.288,-0.424,-2.210,10.05115,-1.70000
-1.382,-0.505,-2.311,10.05115,-1.70000
-1.469,-0.578,-2.405,10.05115,-1.70000
-1.557,-0.651,-2.501,10.05115,-1.70000
-1.644,-0.723,-2.595,10.05115,-1.70000
-1.725,-0.790,-2.683,10.05115,-1.70000
-1.807,-0.858,-2.773,10.05115,-1.70000
-1.888,-0.923,-2.861,10.05115,-1.70000
-1.964,-0.984,-2.945,10.05115,-1.70000
-2.045,-1.048,-3.033,10.05115,-1.70000
-2.120,-1.107,-3.115,10.05115,-1.70000
-2.194,-1.165,-3.196,10.05115,-1.70000
-2.252,-1.210,-3.260,10.05115,-1.70000
1.434,1.887,0.797,10.05115,-1.70000
1.382,1.848,0.732,10.05115,-1.70000
1.377,1.843,0.728,10.05115,-1.70000
1.375,1.839,0.727,10.05115,-1.70000
1.374,1.837,0.728,10.05115,-1.70000
1.374,1.834,0.730,10.05115,-1.70000
1.375,1.833,0.733,10.05115,-1.70000
1.376,1.831,0.737,10.05115,-1.70000
1.378,1.830,0.741,10.05115,-1.70000
1.379,1.829,0.746,10.05115,-1.70000
1.381,1.828,0.749,10.05115,-1.70000
1.381,1.827,0.751,10.05115,-1.70000
1.382,1.826,0.753,10.05115,-1.70000
1.382,1.826,0.753,10.05115,-1.70000
1.381,1.825,0.752,10.05115,-1.70000
1.381,1.825,0.752,10.05115,-1.70000
1.379,1.824,0.750,10.05115,-1.70000
1.377,1.824,0.745,10.05115,-1.70000
1.373,1.823,0.739,10.05115,-1.70000
1.369,1.823,0.731,10.05115,-1.70000
1.364,1.822,0.721,10.05115,-1.70000
1.357,1.822,0.709,10.05115,-1.70000
1.350,1.821,0.696,10.05115,-1.70000
1.346,1.821,0.689,10.05115,-1.70000
1.344,1.821,0.686,10.05115,-1.70000
1.335,1.820,0.669,10.05115,-1.70000
1.326,1.819,0.652,10.05115,-1.70000
1.314,1.817,0.632,10.05115,-1.70000
1.302,1.815,0.612,10.05115,-1.70000
1.290,1.810,0.594,10.05115,-1.70000
1.277,1.804,0.574,10.05115,-1.70000
1.263,1.797,0.556,10.05115,-1.70000
1.249,1.787,0.536,10.05115,-1.70000
1.232,1.776,0.516,10.05115,-1.70000
1.213,1.763,0.492,10.05115,-1.70000
1.232,1.775,0.516,10.05115,-1.70000
1.197,1.751,0.473,10.05115,-1.70000
1.156,1.719,0.424,10.05115,-1.70000
1.079,1.657,0.336,10.05115,-1.70000
0.988,1.581,0.234,10.05115,-1.70000
0.895,1.501,0.130,10.05115,-1.70000
0.800,1.418,0.027,10.05115,-1.70000
0.709,1.338,-0.071,10.05115,-1.70000
0.654,1.288,-0.131,10.05115,-1.70000
0.558,1.201,-0.232,10.05115,-1.70000
0.474,1.123,-0.322,10.05115,-1.70000
0.405,1.060,-0.395,10.05115,-1.70000
0.368,1.026,-0.433,10.05115,-1.70000
0.356,1.015,-0.445,10.05115,-1.70000
0.371,1.028,-0.430,10.05115,-1.70000
0.405,1.059,-0.394,10.05115,-1.70000
0.362,1.020,-0.440,10.05115,-1.70000
0.303,0.966,-0.502,10.05115,-1.70000
0.199,0.871,-0.612,10.05115,-1.70000
0.069,0.752,-0.748,10.05115,-1.70000
-0.047,0.645,-0.871,10.05115,-1.70000
-0.154,0.546,-0.983,10.05115,-1.70000
-0.257,0.451,-1.092,10.05115,-1.70000
-0.359,0.357,-1.198,10.05115,-1.70000
-0.458,0.267,-1.302,10.05115,-1.70000
-0.560,0.174,-1.410,10.05115,-1.70000
-0.662,0.083,-1.519,10.05115,-1.70000
-0.764,-0.008,-1.628,10.05115,-1.70000
-0.867,-0.098,-1.739,10.05115,-1.70000
-0.968,-0.184,-1.847,10.05115,-1.70000
-1.068,-0.269,-1.955,10.05115,-1.70000
-1.167,-0.353,-2.063,10.05115,-1.70000
-1.267,-0.435,-2.172,10.05115,-1.70000
-1.360,-0.511,-2.274,10.05115,-1.70000
-1.449,-0.583,-2.372,10.05115,-1.70000
-1.537,-0.655,-2.468,10.05115,-1.70000
-1.630,-0.731,-2.570,10.05115,-1.70000
-1.730,-0.811,-2.680,10.05115,-1.70000
-1.845,-0.904,-2.807,10.05115,-1.70000
-1.902,-0.949,-2.869,10.05115,-1.70000
-1.950,-0.988,-2.922,10.05115,-1.70000
-2.003,-1.029,-2.980,10.05115,-1.70000
-2.082,-1.089,-3.068,10.05115,-1.70000
-2.328,-1.266,-3.344,10.05115,-1.70000
-1.952,-0.980,-2.929,10.05115,-1.70000
-1.637,-0.731,-2.581,10.05115,-1.70000
-1.185,-0.372,-2.081,10.05115,-1.70000
-1.199,-0.382,-2.096,10.05115,-1.70000
-1.414,-0.551,-2.336,10.05115,-1.70000
-1.779,-0.839,-2.739,10.05115,-1.70000
-2.088,-1.076,-3.083,10.05115,-1.70000
-2.286,-1.218,-3.306,10.05115,-1.70000
-2.393,-1.288,-3.428,10.05115,-1.70000
-2.447,-1.321,-3.490,10.05115,-1.70000
-2.481,-1.340,-3.531,10.05115,-1.70000
31.175,31.374,30.822,10.05115,-1.70000
