Gmag,G_BPmag,G_RPmag,logAge,MH
14.301,16.406,12.985,10.13033,-1.70000
14.286,16.378,12.972,10.13033,-1.70000
13.289,14.764,12.115,10.13033,-1.70000
12.451,13.696,11.353,10.13033,-1.70000
11.943,13.103,10.878,10.13033,-1.70000
11.553,12.665,10.509,10.13033,-1.70000
11.268,12.350,10.237,10.13033,-1.70000
10.967,12.020,9.948,10.13033,-1.70000
10.435,11.440,9.438,10.13033,-1.70000
10.028,10.998,9.048,10.13033,-1.70000
9.695,10.633,8.730,10.13033,-1.70000
9.328,10.227,8.384,10.13033,-1.70000
9.237,10.123,8.299,10.13033,-1.70000
8.871,9.709,7.960,10.13033,-1.70000
8.359,9.123,7.490,10.13033,-1.70000
7.784,8.485,6.955,10.13033,-1.70000
7.270,7.910,6.482,10.13033,-1.70000
7.223,7.857,6.439,10.13033,-1.70000
7.104,7.724,6.331,10.13033,-1.70000
6.992,7.599,6.228,10.13033,-1.70000
6.889,7.484,6.134,10.13033,-1.70000
6.788,7.372,6.041,10.13033,-1.70000
6.672,7.243,5.936,10.13033,-1.70000
6.641,7.209,5.907,10.13033,-1.70000
6.547,7.105,5.820,10.13033,-1.70000
6.421,6.968,5.704,10.13033,-1.70000
6.301,6.836,5.591,10.13033,-1.70000
6.183,6.709,5.482,10.13033,-1.70000
6.064,6.580,5.370,10.13033,-1.70000
5.991,6.503,5.302,10.13033,-1.70000
5.922,6.429,5.236,10.13033,-1.70000
5.810,6.311,5.131,10.13033,-1.70000
5.696,6.190,5.021,10.13033,-1.70000
5.573,6.061,4.904,10.13033,-1.70000
5.418,5.900,4.755,10.13033,-1.70000
5.259,5.735,4.600,10.13033,-1.70000
5.136,5.610,4.480,10.13033,-1.70000
5.022,5.494,4.367,10.13033,-1.70000
5.012,5.483,4.357,10.13033,-1.70000
4.994,5.466,4.340,10.13033,-1.70000
4.959,5.430,4.305,10.13033,-1.70000
4.811,5.284,4.155,10.13033,-1.70000
4.682,5.159,4.022,10.13033,-1.70000
4.657,5.136,3.997,10.13033,-1.70000
4.630,5.110,3.968,10.13033,-1.70000
4.528,5.017,3.859,10.13033,-1.70000
4.438,4.937,3.759,10.13033,-1.70000
4.355,4.866,3.666,10.13033,-1.70000
4.280,4.804,3.579,10.13033,-1.70000
4.209,4.748,3.498,10.13033,-1.70000
4.138,4.690,3.415,10.13033,-1.70000
4.060,4.625,3.327,10.13033,-1.70000
3.961,4.538,3.219,10.13033,-1.70000
3.865,4.450,3.117,10.13033,-1.70000
3.792,4.381,3.040,10.13033,-1.70000
3.754,4.346,3.001,10.13033,-1.70000
3.651,4.246,2.894,10.13033,-1.70000
3.529,4.129,2.769,10.13033,-1.70000
3.418,4.021,2.655,10.13033,-1.70000
3.305,3.911,2.540,10.13033,-1.70000
3.181,3.791,2.414,10.13033,-1.70000
3.058,3.671,2.289,10.13033,-1.70000
2.938,3.554,2.167,10.13033,-1.70000
2.825,3.443,2.052,10.13033,-1.70000
2.705,3.325,1.929,10.13033,-1.70000
2.578,3.202,1.800,10.13033,-1.70000
2.462,3.089,1.682,10.13033,-1.70000
2.346,2.976,1.565,10.13033,-1.70000
2.228,2.860,1.444,10.13033,-1.70000
2.113,2.749,1.326,10.13033,-1.70000
1.993,2.633,1.205,10.13033,-1.70000
1.878,2.521,1.087,10.13033,-1.70000
1.766,2.413,0.973,10.13033,-1.70000
1.650,2.300,0.854,10.13033,-1.70000
1.534,2.188,0.735,10.13033,-1.70000
1.423,2.081,0.621,10.13033,-1.70000
1.312,1.975,0.508,10.13033,-1.70000
1.196,1.863,0.389,10.13033,-1.70000
1.086,1.758,0.275,10.13033,-1.70000
0.976,1.653,0.162,10.13033,-1.70000
0.864,1.545,0.047,10.13033,-1.70000
0.759,1.445,-0.061,10.13033,-1.70000
0.655,1.346,-0.169,10.13033,-1.70000
0.555,1.251,-0.272,10.13033,-1.70000
0.492,1.191,-0.336,10.13033,-1.70000
0.515,1.211,-0.313,10.13033,-1.70000
0.497,1.194,-0.331,10.13033,-1.70000
0.392,1.095,-0.439,10.13033,-1.70000
0.290,0.999,-0.545,10.13033,-1.70000
0.186,0.900,-0.653,10.13033,-1.70000
0.092,0.812,-0.751,10.13033,-1.70000
-0.007,0.720,-0.853,10.13033,-1.70000
-0.101,0.632,-0.952,10.13033,-1.70000
-0.196,0.545,-1.050,10.13033,-1.70000
-0.290,0.458,-1.149,10.13033,-1.70000
-0.401,0.357,-1.266,10.13033,-1.70000
-0.491,0.275,-1.361,10.13033,-1.70000
-0.598,0.180,-1.474,10.13033,-1.70000
-0.704,0.087,-1.587,10.13033,-1.70000
-0.812,-0.008,-1.702,10.13033,-1.70000
-0.908,-0.091,-1.805,10.13033,-1.70000
-1.011,-0.180,-1.916,10.13033,-1.70000
-1.107,-0.260,-2.020,10.13033,-1.70000
-1.200,-0.340,-2.121,10.13033,-1.70000
-1.293,-0.420,-2.221,10.13033,-1.70000
-1.380,-0.494,-2.314,10.13033,-1.70000
-1.470,-0.569,-2.411,10.13033,-1.70000
-1.552,-0.638,-2.501,10.13033,-1.70000
-1.634,-0.705,-2.590,10.13033,-1.70000
-1.720,-0.776,-2.683,10.13033,-1.70000
-1.795,-0.837,-2.765,10.13033,-1.70000
-1.876,-0.903,-2.853,10.13033,-1.70000
-1.953,-0.964,-2.937,10.13033,-1.70000
-2.028,-1.024,-3.019,10.13033,-1.70000
-2.104,-1.085,-3.103,10.13033,-1.70000
-2.175,-1.141,-3.180,10.13033,-1.70000
-2.251,-1.199,-3.264,10.13033,-1.70000
1.568,1.902,1.052,10.13033,-1.70000
1.523,1.870,0.992,10.13033,-1.70000
1.509,1.858,0.976,10.13033,-1.70000
1.509,1.857,0.978,10.13033,-1.70000
1.510,1.856,0.982,10.13033,-1.70000
1.512,1.855,0.988,10.13033,-1.70000
1.515,1.855,0.993,10.13033,-1.70000
1.518,1.854,1.000,10.13033,-1.70000
1.521,1.854,1.006,10.13033,-1.70000
1.523,1.854,1.012,10.13033,-1.70000
1.526,1.854,1.017,10.13033,-1.70000
1.527,1.853,1.020,10.13033,-1.70000
1.527,1.853,1.021,10.13033,-1.70000
1.525,1.851,1.019,10.13033,-1.70000
1.522,1.850,1.014,10.13033,-1.70000
1.521,1.849,1.012,10.13033,-1.70000
1.518,1.848,1.007,10.13033,-1.70000
1.512,1.846,0.997,10.13033,-1.70000
1.504,1.843,0.984,10.13033,-1.70000
1.495,1.840,0.967,10.13033,-1.70000
1.484,1.838,0.947,10.13033,-1.70000
1.472,1.835,0.925,10.13033,-1.70000
1.459,1.833,0.900,10.13033,-1.70000
1.451,1.831,0.885,10.13033,-1.70000
1.437,1.829,0.859,10.13033,-1.70000
1.422,1.826,0.832,10.13033,-1.70000
1.408,1.824,0.806,10.13033,-1.70000
1.391,1.822,0.776,10.13033,-1.70000
1.376,1.820,0.748,10.13033,-1.70000
1.361,1.818,0.721,10.13033,-1.70000
1.345,1.815,0.693,10.13033,-1.70000
1.330,1.811,0.667,10.13033,-1.70000
1.313,1.805,0.640,10.13033,-1.70000
1.293,1.797,0.610,10.13033,-1.70000
1.284,1.794,0.597,10.13033,-1.70000
1.284,1.796,0.594,10.13033,-1.70000
1.251,1.777,0.550,10.13033,-1.70000
1.200,1.742,0.485,10.13033,-1.70000
1.132,1.691,0.403,10.13033,-1.70000
1.062,1.636,0.321,10.13033,-1.70000
0.977,1.567,0.225,10.13033,-1.70000
0.895,1.498,0.133,10.13033,-1.70000
0.815,1.428,0.045,10.13033,-1.70000
0.739,1.362,-0.038,10.13033,-1.70000
0.707,1.334,-0.073,10.13033,-1.70000
0.631,1.265,-0.154,10.13033,-1.70000
0.542,1.184,-0.249,10.13033,-1.70000
0.460,1.109,-0.336,10.13033,-1.70000
0.398,1.052,-0.401,10.13033,-1.70000
0.336,0.995,-0.466,10.13033,-1.70000
0.357,1.014,-0.444,10.13033,-1.70000
0.407,1.060,-0.391,10.13033,-1.70000
0.380,1.036,-0.420,10.13033,-1.70000
0.310,0.972,-0.494,10.13033,-1.70000
0.190,0.863,-0.621,10.13033,-1.70000
0.080,0.761,-0.738,10.13033,-1.70000
-0.031,0.660,-0.854,10.13033,-1.70000
-0.133,0.566,-0.962,10.13033,-1.70000
-0.235,0.472,-1.069,10.13033,-1.70000
-0.335,0.381,-1.174,10.13033,-1.70000
-0.434,0.290,-1.278,10.13033,-1.70000
-0.534,0.200,-1.384,10.13033,-1.70000
-0.635,0.110,-1.492,10.13033,-1.70000
-0.735,0.022,-1.599,10.13033,-1.70000
-0.835,-0.065,-1.706,10.13033,-1.70000
-0.934,-0.150,-1.813,10.13033,-1.70000
-1.032,-0.234,-1.919,10.13033,-1.70000
-1.129,-0.315,-2.024,10.13033,-1.70000
-1.226,-0.396,-2.130,10.13033,-1.70000
-1.319,-0.471,-2.233,10.13033,-1.70000
-1.411,-0.545,-2.335,10.13033,-1.70000
-1.500,-0.617,-2.432,10.13033,-1.70000
-1.596,-0.695,-2.537,10.13033,-1.70000
-1.685,-0.767,-2.635,10.13033,-1.70000
-1.787,-0.849,-2.747,10.13033,-1.70000
-1.775,-0.839,-2.734,10.13033,-1.70000
-1.790,-0.851,-2.750,10.13033,-1.70000
-1.825,-0.879,-2.789,10.13033,-1.70000
-1.864,-0.910,-2.832,10.13033,-1.70000
-1.943,-0.972,-2.919,10.13033,-1.70000
-2.022,-1.032,-3.006,10.13033,-1.70000
-2.060,-1.061,-3.048,10.13033,-1.70000
-2.271,-1.215,-3.284,10.13033,-1.70000
-1.877,-0.913,-2.850,10.13033,-1.70000
-1.547,-0.651,-2.486,10.13033,-1.70000
-1.101,-0.295,-1.993,10.13033,-1.70000
-1.114,-0.305,-2.007,10.13033,-1.70000
-1.338,-0.483,-2.256,10.13033,-1.70000
-1.708,-0.777,-2.665,10.13033,-1.70000
-2.020,-1.018,-3.010,10.13033,-1.70000
-2.219,-1.164,-3.233,10.13033,-1.70000
-2.326,-1.236,-3.354,10.13033,-1.70000
-2.378,-1.269,-3.414,10.13033,-1.70000
-2.410,-1.288,-3.451,10.13033,-1.70000
31.175,31.374,30.822,10.13033,-1.70000
