Gmag,G_BPmag,G_RPmag,logAge,MH
14.374,16.612,13.032,9.96614,-1.50000
14.020,15.977,12.728,9.96614,-1.50000
13.477,15.107,12.259,9.96614,-1.50000
12.635,13.983,11.500,9.96614,-1.50000
12.126,13.372,11.028,9.96614,-1.50000
11.741,12.928,10.666,9.96614,-1.50000
11.152,12.271,10.105,9.96614,-1.50000
10.608,11.676,9.583,9.96614,-1.50000
10.192,11.223,9.184,9.96614,-1.50000
10.014,11.029,9.013,9.96614,-1.50000
9.856,10.857,8.861,9.96614,-1.50000
9.585,10.553,8.605,9.96614,-1.50000
9.480,10.437,8.507,9.96614,-1.50000
9.013,9.900,8.075,9.96614,-1.50000
8.484,9.283,7.596,9.96614,-1.50000
7.935,8.660,7.092,9.96614,-1.50000
7.420,8.080,6.619,9.96614,-1.50000
7.388,8.044,6.590,9.96614,-1.50000
7.241,7.878,6.456,9.96614,-1.50000
7.108,7.729,6.335,9.96614,-1.50000
6.955,7.557,6.196,9.96614,-1.50000
6.912,7.508,6.156,9.96614,-1.50000
6.766,7.345,6.023,9.96614,-1.50000
6.609,7.171,5.880,9.96614,-1.50000
6.464,7.010,5.746,9.96614,-1.50000
6.419,6.961,5.706,9.96614,-1.50000
6.364,6.900,5.654,9.96614,-1.50000
6.222,6.746,5.523,9.96614,-1.50000
6.089,6.601,5.400,9.96614,-1.50000
5.956,6.458,5.276,9.96614,-1.50000
5.897,6.395,5.220,9.96614,-1.50000
5.834,6.328,5.161,9.96614,-1.50000
5.698,6.182,5.033,9.96614,-1.50000
5.568,6.044,4.910,9.96614,-1.50000
5.440,5.909,4.788,9.96614,-1.50000
5.319,5.782,4.673,9.96614,-1.50000
5.271,5.732,4.627,9.96614,-1.50000
5.188,5.645,4.548,9.96614,-1.50000
5.066,5.517,4.431,9.96614,-1.50000
4.946,5.392,4.315,9.96614,-1.50000
4.827,5.270,4.200,9.96614,-1.50000
4.685,5.125,4.061,9.96614,-1.50000
4.664,5.104,4.040,9.96614,-1.50000
4.617,5.057,3.993,9.96614,-1.50000
4.474,4.916,3.849,9.96614,-1.50000
4.335,4.782,3.705,9.96614,-1.50000
4.320,4.768,3.689,9.96614,-1.50000
4.310,4.758,3.677,9.96614,-1.50000
4.283,4.733,3.648,9.96614,-1.50000
4.187,4.647,3.544,9.96614,-1.50000
4.105,4.576,3.451,9.96614,-1.50000
4.033,4.519,3.368,9.96614,-1.50000
3.972,4.472,3.292,9.96614,-1.50000
3.931,4.443,3.241,9.96614,-1.50000
3.895,4.420,3.195,9.96614,-1.50000
3.853,4.393,3.140,9.96614,-1.50000
3.804,4.359,3.079,9.96614,-1.50000
3.736,4.307,3.000,9.96614,-1.50000
3.644,4.226,2.899,9.96614,-1.50000
3.586,4.174,2.836,9.96614,-1.50000
3.535,4.125,2.783,9.96614,-1.50000
3.425,4.021,2.669,9.96614,-1.50000
3.325,3.925,2.566,9.96614,-1.50000
3.220,3.824,2.458,9.96614,-1.50000
3.101,3.708,2.336,9.96614,-1.50000
2.994,3.604,2.227,9.96614,-1.50000
2.876,3.489,2.107,9.96614,-1.50000
2.760,3.376,1.989,9.96614,-1.50000
2.647,3.266,1.874,9.96614,-1.50000
2.533,3.155,1.757,9.96614,-1.50000
2.419,3.044,1.641,9.96614,-1.50000
2.303,2.931,1.522,9.96614,-1.50000
2.192,2.824,1.410,9.96614,-1.50000
2.079,2.714,1.294,9.96614,-1.50000
1.965,2.603,1.177,9.96614,-1.50000
1.854,2.496,1.063,9.96614,-1.50000
1.741,2.387,0.948,9.96614,-1.50000
1.629,2.278,0.833,9.96614,-1.50000
1.518,2.172,0.720,9.96614,-1.50000
1.408,2.066,0.606,9.96614,-1.50000
1.298,1.961,0.494,9.96614,-1.50000
1.188,1.856,0.380,9.96614,-1.50000
1.078,1.750,0.267,9.96614,-1.50000
0.970,1.647,0.155,9.96614,-1.50000
0.860,1.542,0.042,9.96614,-1.50000
0.757,1.445,-0.064,9.96614,-1.50000
0.656,1.349,-0.168,9.96614,-1.50000
0.560,1.258,-0.268,9.96614,-1.50000
0.467,1.169,-0.364,9.96614,-1.50000
0.497,1.197,-0.333,9.96614,-1.50000
0.530,1.228,-0.298,9.96614,-1.50000
0.433,1.136,-0.399,9.96614,-1.50000
0.331,1.041,-0.504,9.96614,-1.50000
0.230,0.946,-0.609,9.96614,-1.50000
0.131,0.853,-0.712,9.96614,-1.50000
0.033,0.762,-0.814,9.96614,-1.50000
-0.067,0.670,-0.919,9.96614,-1.50000
-0.163,0.582,-1.020,9.96614,-1.50000
-0.262,0.491,-1.123,9.96614,-1.50000
-0.375,0.388,-1.243,9.96614,-1.50000
-0.472,0.301,-1.346,9.96614,-1.50000
-0.584,0.202,-1.464,9.96614,-1.50000
-0.677,0.119,-1.564,9.96614,-1.50000
-0.787,0.024,-1.681,9.96614,-1.50000
-0.896,-0.070,-1.798,9.96614,-1.50000
-1.004,-0.162,-1.914,9.96614,-1.50000
-1.103,-0.248,-2.021,9.96614,-1.50000
-1.206,-0.337,-2.132,9.96614,-1.50000
-1.305,-0.422,-2.238,9.96614,-1.50000
-1.401,-0.504,-2.342,9.96614,-1.50000
-1.500,-0.586,-2.449,9.96614,-1.50000
-1.590,-0.659,-2.547,9.96614,-1.50000
-1.681,-0.733,-2.646,9.96614,-1.50000
-1.774,-0.808,-2.748,9.96614,-1.50000
-1.859,-0.875,-2.841,9.96614,-1.50000
-1.949,-0.947,-2.939,9.96614,-1.50000
-2.036,-1.016,-3.035,9.96614,-1.50000
-2.122,-1.083,-3.129,9.96614,-1.50000
-2.204,-1.145,-3.220,9.96614,-1.50000
-2.231,-1.165,-3.251,9.96614,-1.50000
1.299,1.865,0.565,9.96614,-1.50000
1.253,1.823,0.516,9.96614,-1.50000
1.247,1.817,0.510,9.96614,-1.50000
1.242,1.813,0.505,9.96614,-1.50000
1.239,1.809,0.503,9.96614,-1.50000
1.238,1.807,0.503,9.96614,-1.50000
1.238,1.805,0.503,9.96614,-1.50000
1.238,1.804,0.506,9.96614,-1.50000
1.240,1.803,0.508,9.96614,-1.50000
1.241,1.802,0.511,9.96614,-1.50000
1.242,1.801,0.513,9.96614,-1.50000
1.243,1.800,0.516,9.96614,-1.50000
1.243,1.799,0.518,9.96614,-1.50000
1.244,1.798,0.519,9.96614,-1.50000
1.244,1.797,0.520,9.96614,-1.50000
1.244,1.796,0.521,9.96614,-1.50000
1.243,1.795,0.521,9.96614,-1.50000
1.242,1.793,0.521,9.96614,-1.50000
1.241,1.791,0.520,9.96614,-1.50000
1.238,1.789,0.517,9.96614,-1.50000
1.235,1.786,0.514,9.96614,-1.50000
1.232,1.783,0.509,9.96614,-1.50000
1.226,1.779,0.503,9.96614,-1.50000
1.225,1.778,0.501,9.96614,-1.50000
1.221,1.775,0.497,9.96614,-1.50000
1.214,1.770,0.489,9.96614,-1.50000
1.207,1.765,0.480,9.96614,-1.50000
1.198,1.758,0.470,9.96614,-1.50000
1.187,1.749,0.457,9.96614,-1.50000
1.177,1.742,0.444,9.96614,-1.50000
1.158,1.728,0.422,9.96614,-1.50000
1.138,1.712,0.398,9.96614,-1.50000
1.113,1.691,0.369,9.96614,-1.50000
1.081,1.666,0.334,9.96614,-1.50000
1.023,1.617,0.269,9.96614,-1.50000
0.940,1.545,0.176,9.96614,-1.50000
0.852,1.469,0.081,9.96614,-1.50000
0.767,1.394,-0.011,9.96614,-1.50000
0.680,1.316,-0.106,9.96614,-1.50000
0.593,1.237,-0.199,9.96614,-1.50000
0.579,1.225,-0.214,9.96614,-1.50000
0.578,1.224,-0.215,9.96614,-1.50000
0.533,1.183,-0.262,9.96614,-1.50000
0.433,1.091,-0.369,9.96614,-1.50000
0.334,1.001,-0.473,9.96614,-1.50000
0.239,0.913,-0.574,9.96614,-1.50000
0.150,0.832,-0.667,9.96614,-1.50000
0.174,0.853,-0.642,9.96614,-1.50000
0.258,0.931,-0.552,9.96614,-1.50000
0.296,0.966,-0.513,9.96614,-1.50000
0.225,0.902,-0.588,9.96614,-1.50000
0.126,0.811,-0.693,9.96614,-1.50000
0.027,0.720,-0.798,9.96614,-1.50000
-0.072,0.630,-0.902,9.96614,-1.50000
-0.171,0.540,-1.006,9.96614,-1.50000
-0.268,0.451,-1.108,9.96614,-1.50000
-0.364,0.364,-1.210,9.96614,-1.50000
-0.461,0.276,-1.313,9.96614,-1.50000
-0.558,0.190,-1.416,9.96614,-1.50000
-0.654,0.105,-1.519,9.96614,-1.50000
-0.748,0.024,-1.619,9.96614,-1.50000
-0.842,-0.058,-1.722,9.96614,-1.50000
-0.935,-0.138,-1.822,9.96614,-1.50000
-1.028,-0.215,-1.923,9.96614,-1.50000
-1.119,-0.292,-2.022,9.96614,-1.50000
-1.209,-0.365,-2.120,9.96614,-1.50000
-1.297,-0.439,-2.217,9.96614,-1.50000
-1.387,-0.514,-2.314,9.96614,-1.50000
-1.476,-0.588,-2.412,9.96614,-1.50000
-1.562,-0.657,-2.506,9.96614,-1.50000
-1.644,-0.723,-2.596,9.96614,-1.50000
-1.730,-0.792,-2.690,9.96614,-1.50000
-1.804,-0.849,-2.772,9.96614,-1.50000
-1.929,-0.946,-2.911,9.96614,-1.50000
-1.910,-0.931,-2.890,9.96614,-1.50000
-1.901,-0.925,-2.880,9.96614,-1.50000
-1.940,-0.954,-2.923,9.96614,-1.50000
-1.967,-0.975,-2.953,9.96614,-1.50000
-1.997,-0.998,-2.986,9.96614,-1.50000
-2.031,-1.024,-3.025,9.96614,-1.50000
-2.071,-1.053,-3.069,9.96614,-1.50000
-2.200,-1.149,-3.214,9.96614,-1.50000
-2.288,-1.209,-3.313,9.96614,-1.50000
-2.292,-1.212,-3.317,9.96614,-1.50000
-2.466,-1.344,-3.509,9.96614,-1.50000
-2.172,-1.129,-3.181,9.96614,-1.50000
-1.896,-0.922,-2.873,9.96614,-1.50000
-1.478,-0.597,-2.410,9.96614,-1.50000
-1.489,-0.605,-2.422,9.96614,-1.50000
-1.687,-0.760,-2.642,9.96614,-1.50000
-1.995,-0.993,-2.987,9.96614,-1.50000
-2.252,-1.174,-3.276,9.96614,-1.50000
-2.412,-1.276,-3.460,9.96614,-1.50000
-2.497,-1.327,-3.560,9.96614,-1.50000
-2.539,-1.348,-3.609,9.96614,-1.50000
-2.563,-1.357,-3.640,9.96614,-1.50000
31.171,31.370,30.818,9.96614,-1.50000
