Gmag,G_BPmag,G_RPmag,logAge,MH
14.313,16.430,12.995,10.03141,-1.70000
14.305,16.416,12.989,10.03141,-1.70000
13.388,14.907,12.200,10.03141,-1.70000
13.296,14.774,12.120,10.03141,-1.70000
12.875,14.227,11.739,10.03141,-1.70000
12.457,13.705,11.359,10.03141,-1.70000
12.330,13.555,11.241,10.03141,-1.70000
11.953,13.116,10.888,10.03141,-1.70000
11.569,12.682,10.525,10.03141,-1.70000
10.985,12.038,9.966,10.03141,-1.70000
10.448,11.454,9.450,10.03141,-1.70000
10.036,11.007,9.056,10.03141,-1.70000
9.921,10.881,8.946,10.03141,-1.70000
9.701,10.640,8.736,10.03141,-1.70000
9.345,10.246,8.399,10.03141,-1.70000
8.900,9.741,7.986,10.03141,-1.70000
8.402,9.173,7.530,10.03141,-1.70000
7.860,8.569,7.027,10.03141,-1.70000
7.336,7.982,6.544,10.03141,-1.70000
7.318,7.962,6.527,10.03141,-1.70000
7.163,7.788,6.386,10.03141,-1.70000
7.022,7.629,6.257,10.03141,-1.70000
6.903,7.496,6.149,10.03141,-1.70000
6.808,7.390,6.063,10.03141,-1.70000
6.803,7.385,6.058,10.03141,-1.70000
6.654,7.219,5.922,10.03141,-1.70000
6.512,7.062,5.792,10.03141,-1.70000
6.379,6.916,5.669,10.03141,-1.70000
6.274,6.802,5.572,10.03141,-1.70000
6.266,6.793,5.564,10.03141,-1.70000
6.131,6.646,5.438,10.03141,-1.70000
6.006,6.511,5.321,10.03141,-1.70000
5.882,6.379,5.205,10.03141,-1.70000
5.767,6.257,5.097,10.03141,-1.70000
5.654,6.136,4.989,10.03141,-1.70000
5.602,6.082,4.941,10.03141,-1.70000
5.477,5.949,4.821,10.03141,-1.70000
5.347,5.814,4.698,10.03141,-1.70000
5.219,5.680,4.575,10.03141,-1.70000
5.093,5.549,4.453,10.03141,-1.70000
4.968,5.420,4.332,10.03141,-1.70000
4.844,5.293,4.210,10.03141,-1.70000
4.758,5.206,4.126,10.03141,-1.70000
4.755,5.203,4.123,10.03141,-1.70000
4.710,5.158,4.077,10.03141,-1.70000
4.572,5.022,3.939,10.03141,-1.70000
4.439,4.893,3.801,10.03141,-1.70000
4.414,4.870,3.775,10.03141,-1.70000
4.387,4.845,3.746,10.03141,-1.70000
4.290,4.757,3.641,10.03141,-1.70000
4.204,4.682,3.544,10.03141,-1.70000
4.126,4.618,3.454,10.03141,-1.70000
4.058,4.565,3.372,10.03141,-1.70000
3.996,4.519,3.297,10.03141,-1.70000
3.938,4.477,3.226,10.03141,-1.70000
3.876,4.430,3.152,10.03141,-1.70000
3.796,4.364,3.060,10.03141,-1.70000
3.711,4.290,2.968,10.03141,-1.70000
3.612,4.199,2.862,10.03141,-1.70000
3.574,4.163,2.823,10.03141,-1.70000
3.470,4.064,2.714,10.03141,-1.70000
3.347,3.946,2.588,10.03141,-1.70000
3.234,3.836,2.472,10.03141,-1.70000
3.119,3.725,2.355,10.03141,-1.70000
2.993,3.603,2.227,10.03141,-1.70000
2.869,3.481,2.100,10.03141,-1.70000
2.748,3.363,1.976,10.03141,-1.70000
2.633,3.251,1.860,10.03141,-1.70000
2.512,3.133,1.736,10.03141,-1.70000
2.384,3.009,1.607,10.03141,-1.70000
2.268,2.896,1.488,10.03141,-1.70000
2.153,2.784,1.371,10.03141,-1.70000
2.035,2.669,1.251,10.03141,-1.70000
1.922,2.559,1.135,10.03141,-1.70000
1.805,2.445,1.015,10.03141,-1.70000
1.692,2.336,0.899,10.03141,-1.70000
1.583,2.230,0.788,10.03141,-1.70000
1.468,2.120,0.671,10.03141,-1.70000
1.356,2.012,0.556,10.03141,-1.70000
1.249,1.909,0.446,10.03141,-1.70000
1.144,1.808,0.338,10.03141,-1.70000
1.033,1.702,0.224,10.03141,-1.70000
0.929,1.602,0.117,10.03141,-1.70000
0.826,1.504,0.011,10.03141,-1.70000
0.722,1.404,-0.097,10.03141,-1.70000
0.625,1.312,-0.197,10.03141,-1.70000
0.529,1.221,-0.295,10.03141,-1.70000
0.442,1.138,-0.385,10.03141,-1.70000
0.382,1.081,-0.447,10.03141,-1.70000
0.417,1.113,-0.410,10.03141,-1.70000
0.422,1.118,-0.405,10.03141,-1.70000
0.357,1.056,-0.472,10.03141,-1.70000
0.254,0.959,-0.579,10.03141,-1.70000
0.153,0.863,-0.684,10.03141,-1.70000
0.054,0.770,-0.787,10.03141,-1.70000
-0.040,0.683,-0.883,10.03141,-1.70000
-0.138,0.591,-0.985,10.03141,-1.70000
-0.230,0.506,-1.082,10.03141,-1.70000
-0.326,0.417,-1.182,10.03141,-1.70000
-0.416,0.335,-1.277,10.03141,-1.70000
-0.528,0.233,-1.395,10.03141,-1.70000
-0.636,0.136,-1.509,10.03141,-1.70000
-0.726,0.056,-1.605,10.03141,-1.70000
-0.829,-0.034,-1.714,10.03141,-1.70000
-0.916,-0.110,-1.807,10.03141,-1.70000
-1.013,-0.193,-1.912,10.03141,-1.70000
-1.112,-0.278,-2.019,10.03141,-1.70000
-1.211,-0.361,-2.126,10.03141,-1.70000
-1.300,-0.437,-2.222,10.03141,-1.70000
-1.394,-0.517,-2.322,10.03141,-1.70000
-1.479,-0.590,-2.415,10.03141,-1.70000
-1.567,-0.663,-2.510,10.03141,-1.70000
-1.653,-0.733,-2.603,10.03141,-1.70000
-1.733,-0.800,-2.690,10.03141,-1.70000
-1.814,-0.867,-2.779,10.03141,-1.70000
-1.894,-0.931,-2.866,10.03141,-1.70000
-1.969,-0.991,-2.949,10.03141,-1.70000
-2.048,-1.054,-3.035,10.03141,-1.70000
-2.122,-1.112,-3.116,10.03141,-1.70000
-2.195,-1.170,-3.196,10.03141,-1.70000
-2.252,-1.214,-3.258,10.03141,-1.70000
1.410,1.884,0.753,10.03141,-1.70000
1.360,1.848,0.691,10.03141,-1.70000
1.353,1.841,0.684,10.03141,-1.70000
1.351,1.838,0.683,10.03141,-1.70000
1.350,1.835,0.683,10.03141,-1.70000
1.349,1.832,0.685,10.03141,-1.70000
1.349,1.830,0.688,10.03141,-1.70000
1.350,1.828,0.691,10.03141,-1.70000
1.352,1.826,0.695,10.03141,-1.70000
1.353,1.825,0.700,10.03141,-1.70000
1.354,1.823,0.703,10.03141,-1.70000
1.355,1.822,0.706,10.03141,-1.70000
1.356,1.821,0.708,10.03141,-1.70000
1.356,1.820,0.709,10.03141,-1.70000
1.356,1.819,0.709,10.03141,-1.70000
1.356,1.819,0.709,10.03141,-1.70000
1.355,1.819,0.709,10.03141,-1.70000
1.354,1.818,0.707,10.03141,-1.70000
1.352,1.818,0.703,10.03141,-1.70000
1.349,1.817,0.698,10.03141,-1.70000
1.345,1.817,0.691,10.03141,-1.70000
1.340,1.816,0.682,10.03141,-1.70000
1.334,1.816,0.672,10.03141,-1.70000
1.328,1.815,0.660,10.03141,-1.70000
1.324,1.815,0.653,10.03141,-1.70000
1.323,1.814,0.651,10.03141,-1.70000
1.314,1.813,0.636,10.03141,-1.70000
1.306,1.812,0.621,10.03141,-1.70000
1.295,1.810,0.604,10.03141,-1.70000
1.284,1.806,0.586,10.03141,-1.70000
1.273,1.801,0.570,10.03141,-1.70000
1.261,1.795,0.553,10.03141,-1.70000
1.248,1.787,0.536,10.03141,-1.70000
1.234,1.778,0.518,10.03141,-1.70000
1.218,1.767,0.499,10.03141,-1.70000
1.206,1.757,0.484,10.03141,-1.70000
1.212,1.760,0.492,10.03141,-1.70000
1.176,1.735,0.448,10.03141,-1.70000
1.128,1.697,0.392,10.03141,-1.70000
1.051,1.634,0.305,10.03141,-1.70000
0.964,1.560,0.207,10.03141,-1.70000
0.875,1.484,0.109,10.03141,-1.70000
0.787,1.406,0.012,10.03141,-1.70000
0.701,1.330,-0.081,10.03141,-1.70000
0.646,1.281,-0.140,10.03141,-1.70000
0.591,1.231,-0.198,10.03141,-1.70000
0.481,1.130,-0.314,10.03141,-1.70000
0.395,1.051,-0.404,10.03141,-1.70000
0.334,0.994,-0.469,10.03141,-1.70000
0.316,0.978,-0.488,10.03141,-1.70000
0.361,1.018,-0.441,10.03141,-1.70000
0.413,1.067,-0.385,10.03141,-1.70000
0.328,0.989,-0.476,10.03141,-1.70000
0.229,0.899,-0.580,10.03141,-1.70000
0.134,0.812,-0.680,10.03141,-1.70000
0.021,0.707,-0.799,10.03141,-1.70000
-0.084,0.610,-0.910,10.03141,-1.70000
-0.185,0.517,-1.016,10.03141,-1.70000
-0.285,0.425,-1.121,10.03141,-1.70000
-0.383,0.335,-1.223,10.03141,-1.70000
-0.480,0.245,-1.326,10.03141,-1.70000
-0.580,0.156,-1.431,10.03141,-1.70000
-0.678,0.067,-1.536,10.03141,-1.70000
-0.776,-0.018,-1.640,10.03141,-1.70000
-0.872,-0.103,-1.744,10.03141,-1.70000
-0.968,-0.185,-1.847,10.03141,-1.70000
-1.063,-0.266,-1.949,10.03141,-1.70000
-1.158,-0.346,-2.052,10.03141,-1.70000
-1.252,-0.425,-2.155,10.03141,-1.70000
-1.349,-0.504,-2.261,10.03141,-1.70000
-1.446,-0.583,-2.369,10.03141,-1.70000
-1.536,-0.656,-2.467,10.03141,-1.70000
-1.620,-0.725,-2.559,10.03141,-1.70000
-1.707,-0.795,-2.654,10.03141,-1.70000
-1.791,-0.862,-2.746,10.03141,-1.70000
-1.901,-0.950,-2.867,10.03141,-1.70000
-1.947,-0.987,-2.918,10.03141,-1.70000
-1.982,-1.013,-2.957,10.03141,-1.70000
-2.055,-1.070,-3.038,10.03141,-1.70000
-2.161,-1.151,-3.155,10.03141,-1.70000
-2.186,-1.170,-3.183,10.03141,-1.70000
-2.190,-1.173,-3.188,10.03141,-1.70000
-2.349,-1.284,-3.367,10.03141,-1.70000
-1.977,-1.001,-2.956,10.03141,-1.70000
-1.666,-0.756,-2.612,10.03141,-1.70000
-1.212,-0.395,-2.110,10.03141,-1.70000
-1.226,-0.405,-2.125,10.03141,-1.70000
-1.438,-0.572,-2.362,10.03141,-1.70000
-1.800,-0.858,-2.762,10.03141,-1.70000
-2.108,-1.092,-3.104,10.03141,-1.70000
-2.305,-1.232,-3.327,10.03141,-1.70000
-2.411,-1.301,-3.448,10.03141,-1.70000
-2.465,-1.333,-3.510,10.03141,-1.70000
-2.498,-1.351,-3.550,10.03141,-1.70000
31.175,31.374,30.822,10.03141,-1.70000
