Gmag,G_BPmag,G_RPmag,logAge,MH
14.313,16.447,12.991,10.15382,-1.65000
14.147,16.141,12.851,10.15382,-1.65000
13.331,14.840,12.147,10.15382,-1.65000
12.492,13.760,11.385,10.15382,-1.65000
11.981,13.161,10.909,10.15382,-1.65000
11.590,12.718,10.539,10.15382,-1.65000
11.001,12.070,9.976,10.15382,-1.65000
10.469,11.489,9.465,10.15382,-1.65000
10.063,11.047,9.077,10.15382,-1.65000
9.731,10.684,8.759,10.15382,-1.65000
9.355,10.266,8.404,10.15382,-1.65000
9.042,9.909,8.114,10.15382,-1.65000
8.888,9.734,7.971,10.15382,-1.65000
8.360,9.128,7.489,10.15382,-1.65000
7.771,8.473,6.942,10.15382,-1.65000
7.197,7.829,6.414,10.15382,-1.65000
7.184,7.816,6.403,10.15382,-1.65000
7.072,7.690,6.300,10.15382,-1.65000
6.966,7.572,6.203,10.15382,-1.65000
6.864,7.459,6.110,10.15382,-1.65000
6.747,7.329,6.003,10.15382,-1.65000
6.633,7.202,5.898,10.15382,-1.65000
6.599,7.164,5.867,10.15382,-1.65000
6.494,7.049,5.769,10.15382,-1.65000
6.372,6.917,5.656,10.15382,-1.65000
6.255,6.790,5.547,10.15382,-1.65000
6.136,6.661,5.435,10.15382,-1.65000
6.027,6.544,5.333,10.15382,-1.65000
5.914,6.424,5.226,10.15382,-1.65000
5.904,6.413,5.217,10.15382,-1.65000
5.880,6.387,5.194,10.15382,-1.65000
5.765,6.266,5.085,10.15382,-1.65000
5.642,6.137,4.967,10.15382,-1.65000
5.487,5.975,4.818,10.15382,-1.65000
5.329,5.812,4.665,10.15382,-1.65000
5.207,5.687,4.546,10.15382,-1.65000
5.093,5.571,4.433,10.15382,-1.65000
5.066,5.543,4.406,10.15382,-1.65000
5.022,5.500,4.362,10.15382,-1.65000
4.891,5.371,4.230,10.15382,-1.65000
4.777,5.260,4.112,10.15382,-1.65000
4.730,5.215,4.064,10.15382,-1.65000
4.726,5.211,4.059,10.15382,-1.65000
4.702,5.189,4.035,10.15382,-1.65000
4.600,5.095,3.925,10.15382,-1.65000
4.509,5.014,3.825,10.15382,-1.65000
4.426,4.943,3.733,10.15382,-1.65000
4.350,4.879,3.647,10.15382,-1.65000
4.279,4.821,3.565,10.15382,-1.65000
4.205,4.760,3.480,10.15382,-1.65000
4.125,4.693,3.391,10.15382,-1.65000
4.024,4.603,3.280,10.15382,-1.65000
3.925,4.512,3.176,10.15382,-1.65000
3.850,4.441,3.097,10.15382,-1.65000
3.813,4.406,3.059,10.15382,-1.65000
3.710,4.307,2.952,10.15382,-1.65000
3.589,4.190,2.828,10.15382,-1.65000
3.478,4.083,2.715,10.15382,-1.65000
3.366,3.973,2.601,10.15382,-1.65000
3.243,3.853,2.475,10.15382,-1.65000
3.121,3.734,2.351,10.15382,-1.65000
3.001,3.618,2.230,10.15382,-1.65000
2.889,3.507,2.115,10.15382,-1.65000
2.769,3.390,1.993,10.15382,-1.65000
2.643,3.267,1.865,10.15382,-1.65000
2.527,3.155,1.747,10.15382,-1.65000
2.412,3.042,1.630,10.15382,-1.65000
2.293,2.927,1.509,10.15382,-1.65000
2.179,2.815,1.392,10.15382,-1.65000
2.060,2.700,1.271,10.15382,-1.65000
1.944,2.588,1.153,10.15382,-1.65000
1.833,2.480,1.039,10.15382,-1.65000
1.716,2.367,0.920,10.15382,-1.65000
1.601,2.256,0.801,10.15382,-1.65000
1.490,2.149,0.688,10.15382,-1.65000
1.379,2.042,0.574,10.15382,-1.65000
1.263,1.931,0.455,10.15382,-1.65000
1.152,1.824,0.341,10.15382,-1.65000
1.042,1.719,0.228,10.15382,-1.65000
0.929,1.611,0.112,10.15382,-1.65000
0.824,1.511,0.003,10.15382,-1.65000
0.720,1.411,-0.105,10.15382,-1.65000
0.623,1.319,-0.205,10.15382,-1.65000
0.558,1.257,-0.272,10.15382,-1.65000
0.578,1.276,-0.249,10.15382,-1.65000
0.561,1.259,-0.268,10.15382,-1.65000
0.456,1.161,-0.376,10.15382,-1.65000
0.354,1.064,-0.482,10.15382,-1.65000
0.250,0.966,-0.590,10.15382,-1.65000
0.155,0.877,-0.688,10.15382,-1.65000
0.056,0.784,-0.791,10.15382,-1.65000
-0.039,0.696,-0.891,10.15382,-1.65000
-0.135,0.607,-0.991,10.15382,-1.65000
-0.230,0.520,-1.090,10.15382,-1.65000
-0.343,0.418,-1.209,10.15382,-1.65000
-0.434,0.335,-1.305,10.15382,-1.65000
-0.542,0.239,-1.420,10.15382,-1.65000
-0.650,0.144,-1.535,10.15382,-1.65000
-0.760,0.047,-1.652,10.15382,-1.65000
-0.857,-0.036,-1.757,10.15382,-1.65000
-0.962,-0.127,-1.870,10.15382,-1.65000
-1.059,-0.208,-1.975,10.15382,-1.65000
-1.155,-0.291,-2.077,10.15382,-1.65000
-1.250,-0.374,-2.180,10.15382,-1.65000
-1.340,-0.450,-2.276,10.15382,-1.65000
-1.431,-0.527,-2.375,10.15382,-1.65000
-1.517,-0.597,-2.468,10.15382,-1.65000
-1.601,-0.667,-2.560,10.15382,-1.65000
-1.690,-0.740,-2.656,10.15382,-1.65000
-1.767,-0.802,-2.740,10.15382,-1.65000
-1.852,-0.870,-2.832,10.15382,-1.65000
-1.931,-0.934,-2.920,10.15382,-1.65000
-2.010,-0.997,-3.006,10.15382,-1.65000
-2.089,-1.060,-3.093,10.15382,-1.65000
-2.164,-1.118,-3.174,10.15382,-1.65000
-2.244,-1.179,-3.263,10.15382,-1.65000
1.602,1.912,1.114,10.15382,-1.65000
1.588,1.903,1.094,10.15382,-1.65000
1.546,1.873,1.040,10.15382,-1.65000
1.542,1.867,1.038,10.15382,-1.65000
1.544,1.866,1.043,10.15382,-1.65000
1.547,1.866,1.050,10.15382,-1.65000
1.551,1.866,1.058,10.15382,-1.65000
1.556,1.866,1.067,10.15382,-1.65000
1.560,1.867,1.076,10.15382,-1.65000
1.564,1.868,1.083,10.15382,-1.65000
1.567,1.869,1.088,10.15382,-1.65000
1.568,1.868,1.091,10.15382,-1.65000
1.568,1.868,1.092,10.15382,-1.65000
1.566,1.867,1.089,10.15382,-1.65000
1.561,1.864,1.082,10.15382,-1.65000
1.560,1.864,1.080,10.15382,-1.65000
1.557,1.862,1.075,10.15382,-1.65000
1.549,1.858,1.062,10.15382,-1.65000
1.540,1.855,1.047,10.15382,-1.65000
1.529,1.851,1.029,10.15382,-1.65000
1.516,1.845,1.006,10.15382,-1.65000
1.502,1.841,0.981,10.15382,-1.65000
1.487,1.837,0.954,10.15382,-1.65000
1.478,1.835,0.937,10.15382,-1.65000
1.473,1.834,0.928,10.15382,-1.65000
1.456,1.830,0.897,10.15382,-1.65000
1.437,1.827,0.862,10.15382,-1.65000
1.418,1.825,0.827,10.15382,-1.65000
1.399,1.822,0.791,10.15382,-1.65000
1.380,1.819,0.757,10.15382,-1.65000
1.362,1.815,0.725,10.15382,-1.65000
1.343,1.810,0.693,10.15382,-1.65000
1.323,1.803,0.661,10.15382,-1.65000
1.298,1.792,0.625,10.15382,-1.65000
1.302,1.797,0.627,10.15382,-1.65000
1.279,1.790,0.590,10.15382,-1.65000
1.239,1.765,0.538,10.15382,-1.65000
1.209,1.746,0.500,10.15382,-1.65000
1.171,1.718,0.452,10.15382,-1.65000
1.140,1.695,0.415,10.15382,-1.65000
1.095,1.660,0.361,10.15382,-1.65000
1.042,1.618,0.300,10.15382,-1.65000
0.990,1.577,0.241,10.15382,-1.65000
0.916,1.515,0.157,10.15382,-1.65000
0.833,1.444,0.065,10.15382,-1.65000
0.746,1.368,-0.030,10.15382,-1.65000
0.703,1.330,-0.077,10.15382,-1.65000
0.628,1.263,-0.157,10.15382,-1.65000
0.537,1.180,-0.254,10.15382,-1.65000
0.457,1.108,-0.338,10.15382,-1.65000
0.408,1.062,-0.391,10.15382,-1.65000
0.367,1.024,-0.434,10.15382,-1.65000
0.384,1.040,-0.415,10.15382,-1.65000
0.426,1.078,-0.371,10.15382,-1.65000
0.405,1.060,-0.394,10.15382,-1.65000
0.326,0.989,-0.478,10.15382,-1.65000
0.204,0.877,-0.607,10.15382,-1.65000
0.077,0.761,-0.742,10.15382,-1.65000
-0.052,0.644,-0.878,10.15382,-1.65000
-0.159,0.546,-0.991,10.15382,-1.65000
-0.263,0.450,-1.101,10.15382,-1.65000
-0.363,0.358,-1.206,10.15382,-1.65000
-0.462,0.269,-1.311,10.15382,-1.65000
-0.562,0.180,-1.417,10.15382,-1.65000
-0.661,0.093,-1.523,10.15382,-1.65000
-0.759,0.007,-1.628,10.15382,-1.65000
-0.857,-0.077,-1.734,10.15382,-1.65000
-0.953,-0.159,-1.838,10.15382,-1.65000
-1.046,-0.237,-1.939,10.15382,-1.65000
-1.140,-0.315,-2.041,10.15382,-1.65000
-1.234,-0.392,-2.145,10.15382,-1.65000
-1.325,-0.465,-2.245,10.15382,-1.65000
-1.416,-0.540,-2.345,10.15382,-1.65000
-1.504,-0.611,-2.442,10.15382,-1.65000
-1.597,-0.686,-2.543,10.15382,-1.65000
-1.686,-0.758,-2.640,10.15382,-1.65000
-1.799,-0.848,-2.766,10.15382,-1.65000
-1.774,-0.827,-2.738,10.15382,-1.65000
-1.798,-0.846,-2.764,10.15382,-1.65000
-1.879,-0.909,-2.855,10.15382,-1.65000
-1.965,-0.974,-2.950,10.15382,-1.65000
-2.035,-1.028,-3.028,10.15382,-1.65000
-2.116,-1.089,-3.118,10.15382,-1.65000
-2.135,-1.104,-3.138,10.15382,-1.65000
-2.324,-1.246,-3.348,10.15382,-1.65000
-1.954,-0.963,-2.939,10.15382,-1.65000
-1.630,-0.711,-2.581,10.15382,-1.65000
-1.202,-0.370,-2.106,10.15382,-1.65000
-1.213,-0.379,-2.120,10.15382,-1.65000
-1.434,-0.553,-2.365,10.15382,-1.65000
-1.788,-0.834,-2.756,10.15382,-1.65000
-2.082,-1.057,-3.083,10.15382,-1.65000
-2.268,-1.188,-3.293,10.15382,-1.65000
-2.367,-1.253,-3.405,10.15382,-1.65000
-2.415,-1.283,-3.461,10.15382,-1.65000
-2.444,-1.301,-3.495,10.15382,-1.65000
31.174,31.373,30.821,10.15382,-1.65000
