Gmag,G_BPmag,G_RPmag,logAge,MH
13.762,15.390,12.546,10.13033,-2.00000
12.904,14.182,11.795,10.13033,-2.00000
12.243,13.383,11.187,10.13033,-2.00000
12.139,13.260,11.091,10.13033,-2.00000
11.664,12.722,10.642,10.13033,-2.00000
11.297,12.318,10.293,10.13033,-2.00000
10.736,11.709,9.754,10.13033,-2.00000
10.224,11.156,9.262,10.13033,-2.00000
9.829,10.728,8.883,10.13033,-2.00000
9.657,10.541,8.719,10.13033,-2.00000
9.498,10.369,8.568,10.13033,-2.00000
9.441,10.307,8.514,10.13033,-2.00000
9.162,10.003,8.248,10.13033,-2.00000
8.746,9.540,7.859,10.13033,-2.00000
8.286,9.029,7.429,10.13033,-2.00000
7.737,8.425,6.916,10.13033,-2.00000
7.580,8.250,6.771,10.13033,-2.00000
7.185,7.810,6.408,10.13033,-2.00000
7.101,7.717,6.331,10.13033,-2.00000
6.994,7.596,6.232,10.13033,-2.00000
6.866,7.454,6.116,10.13033,-2.00000
6.753,7.327,6.013,10.13033,-2.00000
6.643,7.205,5.912,10.13033,-2.00000
6.605,7.164,5.878,10.13033,-2.00000
6.528,7.079,5.806,10.13033,-2.00000
6.416,6.957,5.703,10.13033,-2.00000
6.314,6.846,5.607,10.13033,-2.00000
6.211,6.734,5.511,10.13033,-2.00000
6.083,6.597,5.392,10.13033,-2.00000
5.958,6.462,5.274,10.13033,-2.00000
5.936,6.438,5.253,10.13033,-2.00000
5.894,6.394,5.214,10.13033,-2.00000
5.779,6.272,5.105,10.13033,-2.00000
5.659,6.145,4.991,10.13033,-2.00000
5.530,6.010,4.867,10.13033,-2.00000
5.365,5.838,4.708,10.13033,-2.00000
5.193,5.661,4.541,10.13033,-2.00000
5.060,5.525,4.411,10.13033,-2.00000
4.934,5.397,4.287,10.13033,-2.00000
4.903,5.366,4.256,10.13033,-2.00000
4.863,5.326,4.216,10.13033,-2.00000
4.856,5.319,4.209,10.13033,-2.00000
4.715,5.181,4.066,10.13033,-2.00000
4.602,5.072,3.949,10.13033,-2.00000
4.576,5.047,3.921,10.13033,-2.00000
4.548,5.021,3.892,10.13033,-2.00000
4.444,4.926,3.780,10.13033,-2.00000
4.350,4.843,3.676,10.13033,-2.00000
4.262,4.769,3.576,10.13033,-2.00000
4.182,4.703,3.484,10.13033,-2.00000
4.106,4.642,3.396,10.13033,-2.00000
4.029,4.579,3.308,10.13033,-2.00000
3.945,4.508,3.214,10.13033,-2.00000
3.840,4.414,3.100,10.13033,-2.00000
3.740,4.322,2.994,10.13033,-2.00000
3.665,4.251,2.915,10.13033,-2.00000
3.591,4.180,2.838,10.13033,-2.00000
3.489,4.083,2.733,10.13033,-2.00000
3.380,3.978,2.622,10.13033,-2.00000
3.270,3.871,2.509,10.13033,-2.00000
3.145,3.749,2.381,10.13033,-2.00000
3.032,3.639,2.267,10.13033,-2.00000
2.909,3.519,2.142,10.13033,-2.00000
2.778,3.391,2.008,10.13033,-2.00000
2.662,3.277,1.890,10.13033,-2.00000
2.540,3.158,1.766,10.13033,-2.00000
2.420,3.041,1.644,10.13033,-2.00000
2.302,2.926,1.523,10.13033,-2.00000
2.185,2.813,1.405,10.13033,-2.00000
2.065,2.695,1.282,10.13033,-2.00000
1.948,2.581,1.163,10.13033,-2.00000
1.834,2.471,1.047,10.13033,-2.00000
1.722,2.362,0.932,10.13033,-2.00000
1.607,2.250,0.815,10.13033,-2.00000
1.496,2.143,0.701,10.13033,-2.00000
1.384,2.034,0.586,10.13033,-2.00000
1.272,1.926,0.472,10.13033,-2.00000
1.164,1.823,0.362,10.13033,-2.00000
1.057,1.719,0.252,10.13033,-2.00000
0.945,1.612,0.137,10.13033,-2.00000
0.842,1.513,0.031,10.13033,-2.00000
0.739,1.414,-0.074,10.13033,-2.00000
0.633,1.312,-0.183,10.13033,-2.00000
0.535,1.218,-0.284,10.13033,-2.00000
0.438,1.126,-0.384,10.13033,-2.00000
0.344,1.036,-0.481,10.13033,-2.00000
0.271,0.967,-0.555,10.13033,-2.00000
0.284,0.978,-0.542,10.13033,-2.00000
0.269,0.964,-0.558,10.13033,-2.00000
0.167,0.867,-0.663,10.13033,-2.00000
0.059,0.764,-0.774,10.13033,-2.00000
-0.039,0.671,-0.876,10.13033,-2.00000
-0.141,0.575,-0.982,10.13033,-2.00000
-0.244,0.477,-1.088,10.13033,-2.00000
-0.341,0.387,-1.188,10.13033,-2.00000
-0.445,0.290,-1.296,10.13033,-2.00000
-0.543,0.199,-1.400,10.13033,-2.00000
-0.642,0.110,-1.503,10.13033,-2.00000
-0.741,0.019,-1.607,10.13033,-2.00000
-0.856,-0.084,-1.729,10.13033,-2.00000
-0.955,-0.173,-1.834,10.13033,-2.00000
-1.065,-0.269,-1.952,10.13033,-2.00000
-1.163,-0.355,-2.055,10.13033,-2.00000
-1.267,-0.443,-2.168,10.13033,-2.00000
-1.361,-0.525,-2.269,10.13033,-2.00000
-1.465,-0.610,-2.382,10.13033,-2.00000
-1.578,-0.702,-2.506,10.13033,-2.00000
-1.673,-0.780,-2.611,10.13033,-2.00000
-1.761,-0.854,-2.706,10.13033,-2.00000
-1.857,-0.933,-2.810,10.13033,-2.00000
-1.962,-1.020,-2.923,10.13033,-2.00000
-2.054,-1.096,-3.023,10.13033,-2.00000
-2.152,-1.177,-3.129,10.13033,-2.00000
-2.244,-1.251,-3.229,10.13033,-2.00000
-2.267,-1.270,-3.255,10.13033,-2.00000
1.842,2.065,1.462,10.13033,-2.00000
1.792,2.020,1.405,10.13033,-2.00000
1.738,1.972,1.344,10.13033,-2.00000
1.737,1.971,1.344,10.13033,-2.00000
1.739,1.973,1.346,10.13033,-2.00000
1.741,1.974,1.348,10.13033,-2.00000
1.741,1.974,1.348,10.13033,-2.00000
1.739,1.973,1.346,10.13033,-2.00000
1.736,1.970,1.342,10.13033,-2.00000
1.732,1.967,1.337,10.13033,-2.00000
1.725,1.962,1.328,10.13033,-2.00000
1.716,1.955,1.317,10.13033,-2.00000
1.705,1.946,1.303,10.13033,-2.00000
1.693,1.936,1.287,10.13033,-2.00000
1.679,1.925,1.268,10.13033,-2.00000
1.662,1.912,1.246,10.13033,-2.00000
1.644,1.899,1.221,10.13033,-2.00000
1.622,1.884,1.192,10.13033,-2.00000
1.601,1.870,1.162,10.13033,-2.00000
1.577,1.854,1.128,10.13033,-2.00000
1.554,1.841,1.093,10.13033,-2.00000
1.530,1.828,1.056,10.13033,-2.00000
1.526,1.826,1.049,10.13033,-2.00000
1.515,1.821,1.032,10.13033,-2.00000
1.493,1.812,0.995,10.13033,-2.00000
1.472,1.804,0.959,10.13033,-2.00000
1.450,1.797,0.921,10.13033,-2.00000
1.430,1.791,0.885,10.13033,-2.00000
1.410,1.787,0.849,10.13033,-2.00000
1.390,1.782,0.813,10.13033,-2.00000
1.371,1.778,0.778,10.13033,-2.00000
1.352,1.775,0.744,10.13033,-2.00000
1.332,1.770,0.709,10.13033,-2.00000
1.308,1.764,0.667,10.13033,-2.00000
1.281,1.756,0.624,10.13033,-2.00000
1.249,1.742,0.576,10.13033,-2.00000
1.212,1.721,0.524,10.13033,-2.00000
1.180,1.702,0.481,10.13033,-2.00000
1.143,1.678,0.434,10.13033,-2.00000
1.114,1.659,0.396,10.13033,-2.00000
1.077,1.632,0.350,10.13033,-2.00000
1.036,1.603,0.301,10.13033,-2.00000
0.978,1.557,0.232,10.13033,-2.00000
0.916,1.508,0.162,10.13033,-2.00000
0.847,1.450,0.084,10.13033,-2.00000
0.789,1.400,0.020,10.13033,-2.00000
0.713,1.333,-0.061,10.13033,-2.00000
0.619,1.247,-0.162,10.13033,-2.00000
0.523,1.160,-0.264,10.13033,-2.00000
0.431,1.075,-0.361,10.13033,-2.00000
0.336,0.987,-0.461,10.13033,-2.00000
0.345,0.995,-0.451,10.13033,-2.00000
0.400,1.045,-0.394,10.13033,-2.00000
0.379,1.027,-0.417,10.13033,-2.00000
0.291,0.946,-0.510,10.13033,-2.00000
0.166,0.832,-0.641,10.13033,-2.00000
0.064,0.737,-0.748,10.13033,-2.00000
-0.037,0.643,-0.854,10.13033,-2.00000
-0.138,0.549,-0.960,10.13033,-2.00000
-0.239,0.455,-1.065,10.13033,-2.00000
-0.340,0.361,-1.170,10.13033,-2.00000
-0.439,0.268,-1.274,10.13033,-2.00000
-0.539,0.176,-1.379,10.13033,-2.00000
-0.637,0.085,-1.481,10.13033,-2.00000
-0.736,-0.005,-1.585,10.13033,-2.00000
-0.836,-0.095,-1.692,10.13033,-2.00000
-0.935,-0.184,-1.797,10.13033,-2.00000
-1.034,-0.271,-1.902,10.13033,-2.00000
-1.133,-0.357,-2.008,10.13033,-2.00000
-1.233,-0.444,-2.116,10.13033,-2.00000
-1.332,-0.527,-2.223,10.13033,-2.00000
-1.429,-0.609,-2.328,10.13033,-2.00000
-1.520,-0.683,-2.428,10.13033,-2.00000
-1.614,-0.758,-2.533,10.13033,-2.00000
-1.704,-0.826,-2.633,10.13033,-2.00000
-1.795,-0.897,-2.734,10.13033,-2.00000
-1.773,-0.880,-2.710,10.13033,-2.00000
-1.798,-0.900,-2.736,10.13033,-2.00000
-1.840,-0.935,-2.783,10.13033,-2.00000
-1.902,-0.984,-2.850,10.13033,-2.00000
-1.985,-1.051,-2.942,10.13033,-2.00000
-2.086,-1.131,-3.053,10.13033,-2.00000
-2.106,-1.129,-3.084,10.13033,-2.00000
-1.588,-0.714,-2.516,10.13033,-2.00000
-1.216,-0.415,-2.104,10.13033,-2.00000
-0.711,0.021,-1.561,10.13033,-2.00000
-0.723,0.011,-1.574,10.13033,-2.00000
-0.930,-0.170,-1.797,10.13033,-2.00000
-1.382,-0.546,-2.289,10.13033,-2.00000
-1.768,-0.849,-2.718,10.13033,-2.00000
-2.017,-1.047,-2.992,10.13033,-2.00000
-2.151,-1.149,-3.140,10.13033,-2.00000
-2.213,-1.193,-3.211,10.13033,-2.00000
-2.246,-1.213,-3.250,10.13033,-2.00000
31.181,31.380,30.827,10.13033,-2.00000
