Gmag,G_BPmag,G_RPmag,logAge,MH
13.994,15.772,12.743,9.98900,-1.95000
13.958,15.715,12.712,9.98900,-1.95000
13.145,14.509,12.005,9.98900,-1.95000
13.013,14.329,11.889,9.98900,-1.95000
12.753,14.006,11.652,9.98900,-1.95000
12.218,13.361,11.161,9.98900,-1.95000
11.738,12.813,10.709,9.98900,-1.95000
11.369,12.403,10.358,9.98900,-1.95000
10.799,11.784,9.812,9.98900,-1.95000
10.273,11.216,9.306,9.98900,-1.95000
9.867,10.776,8.917,9.98900,-1.95000
9.532,10.412,8.597,9.98900,-1.95000
9.293,10.150,8.369,9.98900,-1.95000
9.207,10.057,8.288,9.98900,-1.95000
8.801,9.605,7.909,9.98900,-1.95000
8.353,9.105,7.492,9.98900,-1.95000
7.847,8.546,7.019,9.98900,-1.95000
7.344,7.985,6.555,9.98900,-1.95000
7.300,7.936,6.515,9.98900,-1.95000
7.169,7.789,6.396,9.98900,-1.95000
7.019,7.621,6.258,9.98900,-1.95000
6.886,7.471,6.138,9.98900,-1.95000
6.836,7.415,6.093,9.98900,-1.95000
6.705,7.268,5.973,9.98900,-1.95000
6.577,7.127,5.856,9.98900,-1.95000
6.450,6.988,5.739,9.98900,-1.95000
6.336,6.862,5.634,9.98900,-1.95000
6.326,6.851,5.624,9.98900,-1.95000
6.270,6.790,5.572,9.98900,-1.95000
6.133,6.642,5.446,9.98900,-1.95000
5.996,6.494,5.318,9.98900,-1.95000
5.869,6.357,5.199,9.98900,-1.95000
5.758,6.239,5.095,9.98900,-1.95000
5.721,6.199,5.060,9.98900,-1.95000
5.593,6.063,4.940,9.98900,-1.95000
5.474,5.937,4.827,9.98900,-1.95000
5.352,5.808,4.712,9.98900,-1.95000
5.230,5.680,4.595,9.98900,-1.95000
5.071,5.514,4.443,9.98900,-1.95000
5.008,5.448,4.383,9.98900,-1.95000
4.878,5.313,4.258,9.98900,-1.95000
4.755,5.185,4.138,9.98900,-1.95000
4.607,5.035,3.995,9.98900,-1.95000
4.576,5.003,3.963,9.98900,-1.95000
4.554,4.981,3.941,9.98900,-1.95000
4.425,4.853,3.811,9.98900,-1.95000
4.280,4.713,3.661,9.98900,-1.95000
4.252,4.687,3.632,9.98900,-1.95000
4.225,4.662,3.603,9.98900,-1.95000
4.125,4.572,3.494,9.98900,-1.95000
4.036,4.495,3.393,9.98900,-1.95000
3.954,4.430,3.296,9.98900,-1.95000
3.880,4.374,3.206,9.98900,-1.95000
3.813,4.326,3.122,9.98900,-1.95000
3.750,4.281,3.043,9.98900,-1.95000
3.684,4.233,2.963,9.98900,-1.95000
3.599,4.164,2.865,9.98900,-1.95000
3.510,4.086,2.768,9.98900,-1.95000
3.404,3.989,2.655,9.98900,-1.95000
3.386,3.972,2.636,9.98900,-1.95000
3.282,3.872,2.528,9.98900,-1.95000
3.160,3.756,2.403,9.98900,-1.95000
3.050,3.650,2.291,9.98900,-1.95000
2.938,3.541,2.175,9.98900,-1.95000
2.827,3.433,2.062,9.98900,-1.95000
2.715,3.323,1.948,9.98900,-1.95000
2.594,3.206,1.825,9.98900,-1.95000
2.481,3.096,1.710,9.98900,-1.95000
2.362,2.979,1.588,9.98900,-1.95000
2.244,2.864,1.468,9.98900,-1.95000
2.128,2.752,1.350,9.98900,-1.95000
2.014,2.641,1.234,9.98900,-1.95000
1.896,2.526,1.114,9.98900,-1.95000
1.782,2.415,0.998,9.98900,-1.95000
1.671,2.308,0.884,9.98900,-1.95000
1.558,2.198,0.769,9.98900,-1.95000
1.448,2.092,0.656,9.98900,-1.95000
1.337,1.984,0.542,9.98900,-1.95000
1.224,1.875,0.427,9.98900,-1.95000
1.112,1.767,0.313,9.98900,-1.95000
1.003,1.662,0.200,9.98900,-1.95000
0.892,1.555,0.087,9.98900,-1.95000
0.783,1.450,-0.026,9.98900,-1.95000
0.678,1.350,-0.133,9.98900,-1.95000
0.575,1.251,-0.240,9.98900,-1.95000
0.471,1.151,-0.346,9.98900,-1.95000
0.371,1.056,-0.450,9.98900,-1.95000
0.267,0.958,-0.556,9.98900,-1.95000
0.181,0.875,-0.645,9.98900,-1.95000
0.143,0.839,-0.684,9.98900,-1.95000
0.180,0.873,-0.645,9.98900,-1.95000
0.162,0.856,-0.664,9.98900,-1.95000
0.060,0.760,-0.769,9.98900,-1.95000
-0.047,0.657,-0.880,9.98900,-1.95000
-0.144,0.566,-0.981,9.98900,-1.95000
-0.245,0.471,-1.085,9.98900,-1.95000
-0.346,0.376,-1.190,9.98900,-1.95000
-0.441,0.287,-1.289,9.98900,-1.95000
-0.543,0.192,-1.395,9.98900,-1.95000
-0.639,0.103,-1.495,9.98900,-1.95000
-0.673,0.072,-1.531,9.98900,-1.95000
-0.678,0.068,-1.536,9.98900,-1.95000
-0.776,-0.021,-1.639,9.98900,-1.95000
-0.872,-0.108,-1.740,9.98900,-1.95000
-0.965,-0.191,-1.839,9.98900,-1.95000
-1.064,-0.279,-1.945,9.98900,-1.95000
-1.176,-0.376,-2.064,9.98900,-1.95000
-1.271,-0.460,-2.166,9.98900,-1.95000
-1.377,-0.550,-2.281,9.98900,-1.95000
-1.474,-0.633,-2.384,9.98900,-1.95000
-1.575,-0.715,-2.495,9.98900,-1.95000
-1.666,-0.789,-2.595,9.98900,-1.95000
-1.763,-0.868,-2.700,9.98900,-1.95000
-1.850,-0.942,-2.795,9.98900,-1.95000
-1.943,-1.018,-2.896,9.98900,-1.95000
-2.046,-1.103,-3.007,9.98900,-1.95000
-2.139,-1.179,-3.109,9.98900,-1.95000
-2.236,-1.258,-3.214,9.98900,-1.95000
-2.264,-1.281,-3.245,9.98900,-1.95000
1.419,1.855,0.799,9.98900,-1.95000
1.365,1.819,0.726,9.98900,-1.95000
1.358,1.813,0.718,9.98900,-1.95000
1.356,1.810,0.717,9.98900,-1.95000
1.354,1.807,0.717,9.98900,-1.95000
1.353,1.804,0.718,9.98900,-1.95000
1.353,1.801,0.720,9.98900,-1.95000
1.353,1.798,0.723,9.98900,-1.95000
1.353,1.795,0.726,9.98900,-1.95000
1.354,1.792,0.730,9.98900,-1.95000
1.354,1.790,0.734,9.98900,-1.95000
1.355,1.787,0.737,9.98900,-1.95000
1.355,1.785,0.739,9.98900,-1.95000
1.354,1.783,0.740,9.98900,-1.95000
1.353,1.781,0.739,9.98900,-1.95000
1.352,1.781,0.738,9.98900,-1.95000
1.351,1.780,0.736,9.98900,-1.95000
1.347,1.779,0.731,9.98900,-1.95000
1.344,1.778,0.724,9.98900,-1.95000
1.339,1.778,0.715,9.98900,-1.95000
1.333,1.778,0.704,9.98900,-1.95000
1.326,1.778,0.690,9.98900,-1.95000
1.319,1.779,0.675,9.98900,-1.95000
1.314,1.779,0.666,9.98900,-1.95000
1.306,1.779,0.651,9.98900,-1.95000
1.297,1.779,0.634,9.98900,-1.95000
1.288,1.778,0.617,9.98900,-1.95000
1.277,1.776,0.599,9.98900,-1.95000
1.267,1.773,0.581,9.98900,-1.95000
1.257,1.770,0.566,9.98900,-1.95000
1.242,1.763,0.544,9.98900,-1.95000
1.224,1.753,0.520,9.98900,-1.95000
1.206,1.742,0.496,9.98900,-1.95000
1.201,1.738,0.489,9.98900,-1.95000
1.176,1.721,0.457,9.98900,-1.95000
1.140,1.695,0.414,9.98900,-1.95000
1.075,1.644,0.338,9.98900,-1.95000
1.000,1.583,0.252,9.98900,-1.95000
0.918,1.514,0.160,9.98900,-1.95000
0.836,1.444,0.069,9.98900,-1.95000
0.756,1.374,-0.018,9.98900,-1.95000
0.689,1.315,-0.090,9.98900,-1.95000
0.682,1.308,-0.097,9.98900,-1.95000
0.616,1.247,-0.168,9.98900,-1.95000
0.518,1.158,-0.271,9.98900,-1.95000
0.418,1.065,-0.376,9.98900,-1.95000
0.303,0.958,-0.496,9.98900,-1.95000
0.296,0.950,-0.504,9.98900,-1.95000
0.374,1.024,-0.422,9.98900,-1.95000
0.307,0.962,-0.493,9.98900,-1.95000
0.199,0.862,-0.607,9.98900,-1.95000
0.114,0.783,-0.696,9.98900,-1.95000
0.013,0.689,-0.802,9.98900,-1.95000
-0.084,0.598,-0.903,9.98900,-1.95000
-0.182,0.507,-1.005,9.98900,-1.95000
-0.280,0.416,-1.107,9.98900,-1.95000
-0.379,0.323,-1.211,9.98900,-1.95000
-0.479,0.230,-1.315,9.98900,-1.95000
-0.579,0.138,-1.419,9.98900,-1.95000
-0.676,0.048,-1.520,9.98900,-1.95000
-0.774,-0.043,-1.624,9.98900,-1.95000
-0.873,-0.131,-1.728,9.98900,-1.95000
-0.971,-0.219,-1.833,9.98900,-1.95000
-1.069,-0.305,-1.936,9.98900,-1.95000
-1.166,-0.391,-2.041,9.98900,-1.95000
-1.264,-0.476,-2.146,9.98900,-1.95000
-1.359,-0.557,-2.249,9.98900,-1.95000
-1.455,-0.637,-2.353,9.98900,-1.95000
-1.551,-0.717,-2.458,9.98900,-1.95000
-1.648,-0.794,-2.564,9.98900,-1.95000
-1.749,-0.872,-2.677,9.98900,-1.95000
-1.870,-0.969,-2.811,9.98900,-1.95000
-2.030,-1.098,-2.986,9.98900,-1.95000
-2.034,-1.100,-2.991,9.98900,-1.95000
-2.079,-1.137,-3.041,9.98900,-1.95000
-2.135,-1.181,-3.102,9.98900,-1.95000
-2.178,-1.215,-3.149,9.98900,-1.95000
-2.210,-1.241,-3.185,9.98900,-1.95000
-2.254,-1.275,-3.233,9.98900,-1.95000
-2.300,-1.311,-3.283,9.98900,-1.95000
-2.362,-1.359,-3.352,9.98900,-1.95000
-2.389,-1.358,-3.392,9.98900,-1.95000
-1.954,-1.020,-2.912,9.98900,-1.95000
-1.625,-0.758,-2.548,9.98900,-1.95000
-1.115,-0.343,-1.988,9.98900,-1.95000
-1.124,-0.349,-1.999,9.98900,-1.95000
-1.311,-0.503,-2.204,9.98900,-1.95000
-1.714,-0.818,-2.653,9.98900,-1.95000
-2.064,-1.094,-3.039,9.98900,-1.95000
-2.287,-1.263,-3.287,9.98900,-1.95000
-2.402,-1.342,-3.418,9.98900,-1.95000
-2.452,-1.370,-3.476,9.98900,-1.95000
-2.475,-1.379,-3.505,9.98900,-1.95000
31.180,31.379,30.826,9.98900,-1.95000
