Gmag,G_BPmag,G_RPmag,logAge,MH
14.281,16.345,12.972,10.14613,-1.75000
13.728,15.406,12.499,10.14613,-1.75000
13.243,14.685,12.078,10.14613,-1.75000
12.406,13.629,11.317,10.14613,-1.75000
11.898,13.040,10.842,10.14613,-1.75000
11.510,12.603,10.473,10.14613,-1.75000
10.925,11.963,9.914,10.14613,-1.75000
10.396,11.387,9.406,10.14613,-1.75000
9.991,10.946,9.018,10.14613,-1.75000
9.657,10.581,8.700,10.14613,-1.75000
9.294,10.181,8.356,10.14613,-1.75000
8.843,9.670,7.937,10.14613,-1.75000
8.337,9.096,7.472,10.14613,-1.75000
7.761,8.458,6.935,10.14613,-1.75000
7.193,7.823,6.412,10.14613,-1.75000
7.152,7.778,6.375,10.14613,-1.75000
7.040,7.652,6.272,10.14613,-1.75000
6.936,7.536,6.177,10.14613,-1.75000
6.835,7.423,6.084,10.14613,-1.75000
6.719,7.294,5.978,10.14613,-1.75000
6.605,7.168,5.874,10.14613,-1.75000
6.600,7.163,5.869,10.14613,-1.75000
6.592,7.153,5.862,10.14613,-1.75000
6.466,7.016,5.745,10.14613,-1.75000
6.344,6.884,5.632,10.14613,-1.75000
6.226,6.756,5.522,10.14613,-1.75000
6.106,6.626,5.409,10.14613,-1.75000
5.996,6.508,5.306,10.14613,-1.75000
5.913,6.420,5.228,10.14613,-1.75000
5.848,6.351,5.166,10.14613,-1.75000
5.732,6.228,5.056,10.14613,-1.75000
5.607,6.097,4.936,10.14613,-1.75000
5.450,5.933,4.785,10.14613,-1.75000
5.287,5.765,4.627,10.14613,-1.75000
5.162,5.637,4.505,10.14613,-1.75000
5.045,5.518,4.389,10.14613,-1.75000
5.016,5.489,4.361,10.14613,-1.75000
4.973,5.446,4.318,10.14613,-1.75000
4.844,5.319,4.187,10.14613,-1.75000
4.770,5.247,4.110,10.14613,-1.75000
4.706,5.186,4.045,10.14613,-1.75000
4.682,5.163,4.019,10.14613,-1.75000
4.654,5.137,3.990,10.14613,-1.75000
4.552,5.042,3.880,10.14613,-1.75000
4.460,4.961,3.780,10.14613,-1.75000
4.376,4.889,3.685,10.14613,-1.75000
4.299,4.825,3.597,10.14613,-1.75000
4.227,4.766,3.514,10.14613,-1.75000
4.153,4.705,3.429,10.14613,-1.75000
4.072,4.638,3.339,10.14613,-1.75000
3.970,4.547,3.228,10.14613,-1.75000
3.871,4.456,3.123,10.14613,-1.75000
3.797,4.386,3.045,10.14613,-1.75000
3.759,4.350,3.006,10.14613,-1.75000
3.655,4.251,2.899,10.14613,-1.75000
3.533,4.133,2.773,10.14613,-1.75000
3.422,4.025,2.660,10.14613,-1.75000
3.309,3.915,2.545,10.14613,-1.75000
3.185,3.795,2.419,10.14613,-1.75000
3.063,3.675,2.294,10.14613,-1.75000
2.943,3.558,2.172,10.14613,-1.75000
2.830,3.447,2.057,10.14613,-1.75000
2.709,3.329,1.934,10.14613,-1.75000
2.582,3.205,1.805,10.14613,-1.75000
2.466,3.092,1.687,10.14613,-1.75000
2.350,2.979,1.569,10.14613,-1.75000
2.231,2.863,1.447,10.14613,-1.75000
2.115,2.751,1.330,10.14613,-1.75000
1.995,2.634,1.207,10.14613,-1.75000
1.879,2.521,1.088,10.14613,-1.75000
1.766,2.412,0.973,10.14613,-1.75000
1.649,2.298,0.853,10.14613,-1.75000
1.532,2.185,0.733,10.14613,-1.75000
1.420,2.077,0.618,10.14613,-1.75000
1.308,1.969,0.504,10.14613,-1.75000
1.190,1.856,0.383,10.14613,-1.75000
1.078,1.749,0.268,10.14613,-1.75000
0.967,1.642,0.153,10.14613,-1.75000
0.852,1.532,0.036,10.14613,-1.75000
0.745,1.430,-0.075,10.14613,-1.75000
0.637,1.327,-0.186,10.14613,-1.75000
0.534,1.228,-0.293,10.14613,-1.75000
0.469,1.167,-0.359,10.14613,-1.75000
0.488,1.184,-0.339,10.14613,-1.75000
0.470,1.167,-0.357,10.14613,-1.75000
0.366,1.068,-0.465,10.14613,-1.75000
0.264,0.972,-0.571,10.14613,-1.75000
0.159,0.873,-0.679,10.14613,-1.75000
0.065,0.785,-0.777,10.14613,-1.75000
-0.032,0.693,-0.878,10.14613,-1.75000
-0.126,0.606,-0.976,10.14613,-1.75000
-0.220,0.519,-1.074,10.14613,-1.75000
-0.314,0.432,-1.172,10.14613,-1.75000
-0.425,0.331,-1.289,10.14613,-1.75000
-0.515,0.250,-1.383,10.14613,-1.75000
-0.620,0.155,-1.495,10.14613,-1.75000
-0.726,0.062,-1.607,10.14613,-1.75000
-0.833,-0.033,-1.722,10.14613,-1.75000
-0.928,-0.115,-1.824,10.14613,-1.75000
-1.030,-0.204,-1.933,10.14613,-1.75000
-1.126,-0.284,-2.037,10.14613,-1.75000
-1.220,-0.363,-2.138,10.14613,-1.75000
-1.312,-0.442,-2.237,10.14613,-1.75000
-1.398,-0.515,-2.330,10.14613,-1.75000
-1.486,-0.590,-2.426,10.14613,-1.75000
-1.568,-0.657,-2.515,10.14613,-1.75000
-1.649,-0.725,-2.602,10.14613,-1.75000
-1.733,-0.795,-2.694,10.14613,-1.75000
-1.808,-0.856,-2.775,10.14613,-1.75000
-1.889,-0.922,-2.863,10.14613,-1.75000
-1.964,-0.982,-2.945,10.14613,-1.75000
-2.038,-1.041,-3.026,10.14613,-1.75000
-2.113,-1.101,-3.108,10.14613,-1.75000
-2.183,-1.156,-3.184,10.14613,-1.75000
-2.258,-1.215,-3.266,10.14613,-1.75000
1.655,1.933,1.205,10.14613,-1.75000
1.601,1.892,1.134,10.14613,-1.75000
1.584,1.877,1.116,10.14613,-1.75000
1.586,1.878,1.120,10.14613,-1.75000
1.589,1.879,1.126,10.14613,-1.75000
1.593,1.880,1.132,10.14613,-1.75000
1.596,1.881,1.138,10.14613,-1.75000
1.600,1.883,1.144,10.14613,-1.75000
1.603,1.884,1.148,10.14613,-1.75000
1.605,1.885,1.153,10.14613,-1.75000
1.606,1.885,1.154,10.14613,-1.75000
1.605,1.884,1.154,10.14613,-1.75000
1.603,1.883,1.151,10.14613,-1.75000
1.599,1.880,1.145,10.14613,-1.75000
1.593,1.877,1.136,10.14613,-1.75000
1.590,1.875,1.131,10.14613,-1.75000
1.585,1.872,1.124,10.14613,-1.75000
1.575,1.867,1.109,10.14613,-1.75000
1.563,1.861,1.090,10.14613,-1.75000
1.550,1.855,1.069,10.14613,-1.75000
1.535,1.848,1.043,10.14613,-1.75000
1.518,1.842,1.015,10.14613,-1.75000
1.501,1.836,0.985,10.14613,-1.75000
1.491,1.833,0.967,10.14613,-1.75000
1.474,1.828,0.937,10.14613,-1.75000
1.457,1.824,0.906,10.14613,-1.75000
1.440,1.821,0.874,10.14613,-1.75000
1.421,1.817,0.838,10.14613,-1.75000
1.402,1.814,0.805,10.14613,-1.75000
1.384,1.810,0.773,10.14613,-1.75000
1.366,1.806,0.741,10.14613,-1.75000
1.349,1.803,0.712,10.14613,-1.75000
1.330,1.797,0.679,10.14613,-1.75000
1.308,1.789,0.645,10.14613,-1.75000
1.305,1.792,0.636,10.14613,-1.75000
1.306,1.796,0.635,10.14613,-1.75000
1.271,1.779,0.584,10.14613,-1.75000
1.220,1.749,0.516,10.14613,-1.75000
1.153,1.702,0.433,10.14613,-1.75000
1.083,1.649,0.349,10.14613,-1.75000
1.004,1.586,0.257,10.14613,-1.75000
0.925,1.521,0.168,10.14613,-1.75000
0.843,1.451,0.077,10.14613,-1.75000
0.763,1.382,-0.011,10.14613,-1.75000
0.731,1.354,-0.045,10.14613,-1.75000
0.657,1.287,-0.125,10.14613,-1.75000
0.565,1.203,-0.223,10.14613,-1.75000
0.475,1.121,-0.318,10.14613,-1.75000
0.408,1.059,-0.389,10.14613,-1.75000
0.336,0.993,-0.465,10.14613,-1.75000
0.363,1.017,-0.436,10.14613,-1.75000
0.427,1.077,-0.368,10.14613,-1.75000
0.398,1.051,-0.400,10.14613,-1.75000
0.313,0.973,-0.490,10.14613,-1.75000
0.193,0.863,-0.617,10.14613,-1.75000
0.078,0.758,-0.739,10.14613,-1.75000
-0.038,0.651,-0.861,10.14613,-1.75000
-0.142,0.555,-0.970,10.14613,-1.75000
-0.245,0.461,-1.078,10.14613,-1.75000
-0.346,0.368,-1.184,10.14613,-1.75000
-0.444,0.278,-1.287,10.14613,-1.75000
-0.543,0.188,-1.392,10.14613,-1.75000
-0.643,0.098,-1.498,10.14613,-1.75000
-0.742,0.011,-1.604,10.14613,-1.75000
-0.841,-0.076,-1.710,10.14613,-1.75000
-0.938,-0.159,-1.814,10.14613,-1.75000
-1.034,-0.242,-1.918,10.14613,-1.75000
-1.130,-0.323,-2.022,10.14613,-1.75000
-1.227,-0.404,-2.128,10.14613,-1.75000
-1.321,-0.481,-2.231,10.14613,-1.75000
-1.416,-0.557,-2.336,10.14613,-1.75000
-1.507,-0.629,-2.437,10.14613,-1.75000
-1.599,-0.704,-2.537,10.14613,-1.75000
-1.691,-0.778,-2.638,10.14613,-1.75000
-1.793,-0.861,-2.750,10.14613,-1.75000
-1.749,-0.824,-2.701,10.14613,-1.75000
-1.775,-0.845,-2.730,10.14613,-1.75000
-1.847,-0.902,-2.809,10.14613,-1.75000
-1.926,-0.965,-2.896,10.14613,-1.75000
-2.018,-1.037,-2.998,10.14613,-1.75000
-2.099,-1.099,-3.088,10.14613,-1.75000
-2.233,-1.192,-3.240,10.14613,-1.75000
-1.807,-0.861,-2.770,10.14613,-1.75000
-1.466,-0.589,-2.395,10.14613,-1.75000
-1.009,-0.221,-1.891,10.14613,-1.75000
-1.021,-0.231,-1.904,10.14613,-1.75000
-1.247,-0.414,-2.153,10.14613,-1.75000
-1.636,-0.721,-2.584,10.14613,-1.75000
-1.962,-0.977,-2.945,10.14613,-1.75000
-2.171,-1.134,-3.177,10.14613,-1.75000
-2.281,-1.210,-3.302,10.14613,-1.75000
-2.335,-1.244,-3.363,10.14613,-1.75000
-2.365,-1.262,-3.399,10.14613,-1.75000
31.176,31.375,30.823,10.14613,-1.75000
