Gmag,G_BPmag,G_RPmag,logAge,MH
14.350,16.550,13.015,10.08814,-1.55000
14.134,16.158,12.830,10.08814,-1.55000
13.425,15.008,12.219,10.08814,-1.55000
12.584,13.903,11.459,10.08814,-1.55000
12.073,13.296,10.984,10.08814,-1.55000
11.683,12.850,10.617,10.08814,-1.55000
11.091,12.192,10.052,10.08814,-1.55000
10.553,11.604,9.535,10.08814,-1.55000
10.143,11.157,9.142,10.08814,-1.55000
9.886,10.877,8.895,10.08814,-1.55000
9.810,10.794,8.823,10.08814,-1.55000
9.662,10.629,8.683,10.08814,-1.55000
9.430,10.370,8.465,10.08814,-1.55000
8.957,9.828,8.028,10.08814,-1.55000
8.421,9.205,7.541,10.08814,-1.55000
7.847,8.560,7.010,10.08814,-1.55000
7.297,7.944,6.506,10.08814,-1.55000
7.218,7.854,6.433,10.08814,-1.55000
7.094,7.715,6.320,10.08814,-1.55000
6.974,7.581,6.211,10.08814,-1.55000
6.864,7.458,6.110,10.08814,-1.55000
6.762,7.344,6.017,10.08814,-1.55000
6.741,7.321,5.998,10.08814,-1.55000
6.689,7.262,5.950,10.08814,-1.55000
6.554,7.113,5.826,10.08814,-1.55000
6.428,6.975,5.709,10.08814,-1.55000
6.304,6.840,5.594,10.08814,-1.55000
6.185,6.711,5.483,10.08814,-1.55000
6.161,6.685,5.461,10.08814,-1.55000
6.052,6.568,5.359,10.08814,-1.55000
5.938,6.446,5.252,10.08814,-1.55000
5.819,6.320,5.139,10.08814,-1.55000
5.711,6.206,5.037,10.08814,-1.55000
5.601,6.089,4.932,10.08814,-1.55000
5.483,5.966,4.819,10.08814,-1.55000
5.415,5.896,4.753,10.08814,-1.55000
5.398,5.877,4.737,10.08814,-1.55000
5.274,5.748,4.617,10.08814,-1.55000
5.150,5.621,4.497,10.08814,-1.55000
5.027,5.495,4.377,10.08814,-1.55000
4.938,5.405,4.289,10.08814,-1.55000
4.902,5.368,4.252,10.08814,-1.55000
4.750,5.218,4.099,10.08814,-1.55000
4.615,5.088,3.959,10.08814,-1.55000
4.590,5.064,3.933,10.08814,-1.55000
4.562,5.039,3.904,10.08814,-1.55000
4.464,4.949,3.798,10.08814,-1.55000
4.378,4.873,3.703,10.08814,-1.55000
4.299,4.807,3.613,10.08814,-1.55000
4.230,4.752,3.532,10.08814,-1.55000
4.167,4.703,3.458,10.08814,-1.55000
4.104,4.654,3.383,10.08814,-1.55000
4.036,4.599,3.305,10.08814,-1.55000
3.950,4.525,3.209,10.08814,-1.55000
3.863,4.447,3.115,10.08814,-1.55000
3.795,4.385,3.044,10.08814,-1.55000
3.758,4.350,3.006,10.08814,-1.55000
3.657,4.253,2.900,10.08814,-1.55000
3.536,4.136,2.776,10.08814,-1.55000
3.425,4.029,2.662,10.08814,-1.55000
3.311,3.919,2.546,10.08814,-1.55000
3.187,3.798,2.420,10.08814,-1.55000
3.064,3.678,2.295,10.08814,-1.55000
2.944,3.561,2.173,10.08814,-1.55000
2.831,3.451,2.058,10.08814,-1.55000
2.711,3.333,1.935,10.08814,-1.55000
2.611,3.235,1.833,10.08814,-1.55000
2.585,3.210,1.807,10.08814,-1.55000
2.469,3.097,1.688,10.08814,-1.55000
2.354,2.985,1.571,10.08814,-1.55000
2.237,2.871,1.452,10.08814,-1.55000
2.123,2.762,1.336,10.08814,-1.55000
2.006,2.648,1.216,10.08814,-1.55000
1.892,2.538,1.100,10.08814,-1.55000
1.783,2.432,0.988,10.08814,-1.55000
1.669,2.321,0.871,10.08814,-1.55000
1.556,2.213,0.755,10.08814,-1.55000
1.448,2.109,0.644,10.08814,-1.55000
1.340,2.006,0.534,10.08814,-1.55000
1.228,1.898,0.419,10.08814,-1.55000
1.122,1.797,0.309,10.08814,-1.55000
1.017,1.696,0.201,10.08814,-1.55000
0.910,1.594,0.091,10.08814,-1.55000
0.811,1.501,-0.011,10.08814,-1.55000
0.716,1.410,-0.109,10.08814,-1.55000
0.628,1.326,-0.201,10.08814,-1.55000
0.567,1.268,-0.263,10.08814,-1.55000
0.598,1.297,-0.230,10.08814,-1.55000
0.602,1.301,-0.226,10.08814,-1.55000
0.538,1.240,-0.292,10.08814,-1.55000
0.436,1.144,-0.399,10.08814,-1.55000
0.334,1.048,-0.504,10.08814,-1.55000
0.233,0.953,-0.609,10.08814,-1.55000
0.137,0.864,-0.709,10.08814,-1.55000
0.036,0.769,-0.815,10.08814,-1.55000
-0.060,0.682,-0.915,10.08814,-1.55000
-0.158,0.591,-1.018,10.08814,-1.55000
-0.251,0.506,-1.116,10.08814,-1.55000
-0.368,0.400,-1.239,10.08814,-1.55000
-0.481,0.300,-1.358,10.08814,-1.55000
-0.575,0.216,-1.458,10.08814,-1.55000
-0.682,0.123,-1.573,10.08814,-1.55000
-0.773,0.043,-1.671,10.08814,-1.55000
-0.876,-0.044,-1.781,10.08814,-1.55000
-0.980,-0.133,-1.893,10.08814,-1.55000
-1.083,-0.223,-2.004,10.08814,-1.55000
-1.179,-0.305,-2.107,10.08814,-1.55000
-1.280,-0.392,-2.215,10.08814,-1.55000
-1.371,-0.468,-2.314,10.08814,-1.55000
-1.466,-0.547,-2.417,10.08814,-1.55000
-1.562,-0.626,-2.521,10.08814,-1.55000
-1.648,-0.695,-2.615,10.08814,-1.55000
-1.737,-0.767,-2.713,10.08814,-1.55000
-1.826,-0.838,-2.810,10.08814,-1.55000
-1.910,-0.904,-2.902,10.08814,-1.55000
-1.999,-0.976,-3.000,10.08814,-1.55000
-2.083,-1.041,-3.091,10.08814,-1.55000
-2.166,-1.103,-3.184,10.08814,-1.55000
-2.231,-1.150,-3.256,10.08814,-1.55000
1.432,1.918,0.765,10.08814,-1.55000
1.408,1.899,0.736,10.08814,-1.55000
1.385,1.879,0.712,10.08814,-1.55000
1.382,1.875,0.709,10.08814,-1.55000
1.380,1.871,0.709,10.08814,-1.55000
1.380,1.869,0.711,10.08814,-1.55000
1.381,1.866,0.715,10.08814,-1.55000
1.382,1.864,0.719,10.08814,-1.55000
1.385,1.862,0.726,10.08814,-1.55000
1.387,1.860,0.732,10.08814,-1.55000
1.390,1.858,0.739,10.08814,-1.55000
1.392,1.856,0.745,10.08814,-1.55000
1.393,1.854,0.749,10.08814,-1.55000
1.394,1.852,0.753,10.08814,-1.55000
1.394,1.851,0.754,10.08814,-1.55000
1.394,1.850,0.755,10.08814,-1.55000
1.394,1.850,0.755,10.08814,-1.55000
1.393,1.849,0.753,10.08814,-1.55000
1.390,1.848,0.749,10.08814,-1.55000
1.387,1.847,0.744,10.08814,-1.55000
1.383,1.846,0.736,10.08814,-1.55000
1.377,1.846,0.726,10.08814,-1.55000
1.370,1.845,0.714,10.08814,-1.55000
1.363,1.844,0.700,10.08814,-1.55000
1.362,1.844,0.699,10.08814,-1.55000
1.361,1.844,0.697,10.08814,-1.55000
1.352,1.843,0.682,10.08814,-1.55000
1.343,1.840,0.667,10.08814,-1.55000
1.332,1.837,0.649,10.08814,-1.55000
1.320,1.833,0.631,10.08814,-1.55000
1.308,1.828,0.613,10.08814,-1.55000
1.295,1.821,0.594,10.08814,-1.55000
1.281,1.813,0.575,10.08814,-1.55000
1.267,1.805,0.557,10.08814,-1.55000
1.252,1.795,0.537,10.08814,-1.55000
1.233,1.781,0.514,10.08814,-1.55000
1.232,1.781,0.513,10.08814,-1.55000
1.206,1.762,0.481,10.08814,-1.55000
1.171,1.734,0.439,10.08814,-1.55000
1.095,1.672,0.352,10.08814,-1.55000
0.997,1.591,0.242,10.08814,-1.55000
0.895,1.503,0.129,10.08814,-1.55000
0.793,1.414,0.017,10.08814,-1.55000
0.700,1.332,-0.083,10.08814,-1.55000
0.644,1.282,-0.143,10.08814,-1.55000
0.543,1.191,-0.250,10.08814,-1.55000
0.455,1.110,-0.344,10.08814,-1.55000
0.397,1.057,-0.405,10.08814,-1.55000
0.352,1.016,-0.453,10.08814,-1.55000
0.337,1.002,-0.469,10.08814,-1.55000
0.352,1.015,-0.453,10.08814,-1.55000
0.376,1.037,-0.428,10.08814,-1.55000
0.346,1.011,-0.459,10.08814,-1.55000
0.308,0.976,-0.500,10.08814,-1.55000
0.208,0.885,-0.607,10.08814,-1.55000
0.102,0.789,-0.718,10.08814,-1.55000
-0.001,0.695,-0.827,10.08814,-1.55000
-0.103,0.601,-0.935,10.08814,-1.55000
-0.204,0.509,-1.041,10.08814,-1.55000
-0.303,0.419,-1.146,10.08814,-1.55000
-0.402,0.329,-1.251,10.08814,-1.55000
-0.505,0.237,-1.360,10.08814,-1.55000
-0.607,0.148,-1.469,10.08814,-1.55000
-0.709,0.058,-1.579,10.08814,-1.55000
-0.812,-0.030,-1.690,10.08814,-1.55000
-0.915,-0.117,-1.801,10.08814,-1.55000
-1.015,-0.201,-1.910,10.08814,-1.55000
-1.115,-0.284,-2.019,10.08814,-1.55000
-1.212,-0.363,-2.126,10.08814,-1.55000
-1.299,-0.436,-2.221,10.08814,-1.55000
-1.385,-0.507,-2.315,10.08814,-1.55000
-1.473,-0.578,-2.411,10.08814,-1.55000
-1.569,-0.656,-2.517,10.08814,-1.55000
-1.671,-0.737,-2.629,10.08814,-1.55000
-1.774,-0.818,-2.743,10.08814,-1.55000
-1.833,-0.864,-2.809,10.08814,-1.55000
-1.855,-0.881,-2.833,10.08814,-1.55000
-1.885,-0.904,-2.866,10.08814,-1.55000
-1.939,-0.945,-2.925,10.08814,-1.55000
-1.978,-0.975,-2.969,10.08814,-1.55000
-2.418,-1.307,-3.456,10.08814,-1.55000
-2.098,-1.067,-3.103,10.08814,-1.55000
-1.802,-0.843,-2.772,10.08814,-1.55000
-1.390,-0.519,-2.316,10.08814,-1.55000
-1.402,-0.529,-2.330,10.08814,-1.55000
-1.612,-0.694,-2.562,10.08814,-1.55000
-1.934,-0.942,-2.920,10.08814,-1.55000
-2.201,-1.137,-3.220,10.08814,-1.55000
-2.369,-1.247,-3.411,10.08814,-1.55000
-2.459,-1.304,-3.515,10.08814,-1.55000
-2.505,-1.332,-3.568,10.08814,-1.55000
-2.533,-1.348,-3.602,10.08814,-1.55000
31.172,31.371,30.819,10.08814,-1.55000
