Gmag,G_BPmag,G_RPmag,logAge,MH
13.671,15.502,12.418,10.06633,-1.70000
13.644,15.454,12.396,10.06633,-1.70000
12.616,13.843,11.533,10.06633,-1.70000
12.607,13.831,11.525,10.06633,-1.70000
11.930,12.978,10.921,10.06633,-1.70000
11.743,12.749,10.752,10.06633,-1.70000
11.305,12.243,10.349,10.06633,-1.70000
11.226,12.151,10.276,10.06633,-1.70000
10.833,11.710,9.908,10.06633,-1.70000
10.238,11.058,9.346,10.06633,-1.70000
9.696,10.469,8.830,10.06633,-1.70000
9.280,10.019,8.436,10.06633,-1.70000
9.220,9.953,8.379,10.06633,-1.70000
8.941,9.649,8.115,10.06633,-1.70000
8.575,9.246,7.774,10.06633,-1.70000
8.115,8.728,7.355,10.06633,-1.70000
7.599,8.144,6.892,10.06633,-1.70000
7.034,7.518,6.376,10.06633,-1.70000
6.484,6.908,5.880,10.06633,-1.70000
6.463,6.884,5.861,10.06633,-1.70000
6.316,6.720,5.730,10.06633,-1.70000
6.190,6.580,5.618,10.06633,-1.70000
6.070,6.448,5.511,10.06633,-1.70000
5.959,6.324,5.412,10.06633,-1.70000
5.925,6.286,5.381,10.06633,-1.70000
5.782,6.129,5.253,10.06633,-1.70000
5.644,5.978,5.128,10.06633,-1.70000
5.515,5.838,5.011,10.06633,-1.70000
5.388,5.701,4.895,10.06633,-1.70000
5.347,5.657,4.858,10.06633,-1.70000
5.257,5.561,4.776,10.06633,-1.70000
5.131,5.426,4.659,10.06633,-1.70000
5.013,5.301,4.550,10.06633,-1.70000
4.891,5.172,4.436,10.06633,-1.70000
4.780,5.056,4.332,10.06633,-1.70000
4.667,4.937,4.224,10.06633,-1.70000
4.635,4.904,4.195,10.06633,-1.70000
4.586,4.853,4.148,10.06633,-1.70000
4.455,4.716,4.023,10.06633,-1.70000
4.325,4.582,3.900,10.06633,-1.70000
4.197,4.451,3.776,10.06633,-1.70000
4.070,4.321,3.652,10.06633,-1.70000
3.977,4.227,3.561,10.06633,-1.70000
3.941,4.191,3.525,10.06633,-1.70000
3.793,4.044,3.374,10.06633,-1.70000
3.662,3.918,3.238,10.06633,-1.70000
3.638,3.895,3.212,10.06633,-1.70000
3.611,3.871,3.183,10.06633,-1.70000
3.515,3.782,3.077,10.06633,-1.70000
3.430,3.707,2.980,10.06633,-1.70000
3.353,3.642,2.888,10.06633,-1.70000
3.327,3.621,2.856,10.06633,-1.70000
3.292,3.593,2.812,10.06633,-1.70000
3.233,3.548,2.738,10.06633,-1.70000
3.177,3.505,2.668,10.06633,-1.70000
3.116,3.457,2.592,10.06633,-1.70000
3.035,3.389,2.498,10.06633,-1.70000
2.953,3.315,2.407,10.06633,-1.70000
2.854,3.224,2.301,10.06633,-1.70000
2.818,3.190,2.262,10.06633,-1.70000
2.714,3.091,2.154,10.06633,-1.70000
2.592,2.974,2.028,10.06633,-1.70000
2.481,2.865,1.913,10.06633,-1.70000
2.367,2.755,1.796,10.06633,-1.70000
2.243,2.633,1.668,10.06633,-1.70000
2.119,2.513,1.542,10.06633,-1.70000
1.999,2.395,1.419,10.06633,-1.70000
1.885,2.284,1.303,10.06633,-1.70000
1.765,2.167,1.180,10.06633,-1.70000
1.638,2.043,1.050,10.06633,-1.70000
1.523,1.930,0.932,10.06633,-1.70000
1.408,1.819,0.815,10.06633,-1.70000
1.290,1.704,0.694,10.06633,-1.70000
1.177,1.594,0.578,10.06633,-1.70000
1.060,1.480,0.457,10.06633,-1.70000
0.946,1.370,0.341,10.06633,-1.70000
0.837,1.264,0.228,10.06633,-1.70000
0.723,1.153,0.110,10.06633,-1.70000
0.610,1.044,-0.006,10.06633,-1.70000
0.502,0.940,-0.117,10.06633,-1.70000
0.395,0.838,-0.228,10.06633,-1.70000
0.283,0.730,-0.343,10.06633,-1.70000
0.178,0.629,-0.453,10.06633,-1.70000
0.073,0.529,-0.561,10.06633,-1.70000
-0.034,0.427,-0.672,10.06633,-1.70000
-0.132,0.333,-0.775,10.06633,-1.70000
-0.230,0.240,-0.876,10.06633,-1.70000
-0.323,0.151,-0.973,10.06633,-1.70000
-0.382,0.095,-1.035,10.06633,-1.70000
-0.353,0.121,-1.004,10.06633,-1.70000
-0.349,0.125,-1.000,10.06633,-1.70000
-0.413,0.065,-1.066,10.06633,-1.70000
-0.514,-0.031,-1.172,10.06633,-1.70000
-0.614,-0.126,-1.277,10.06633,-1.70000
-0.713,-0.218,-1.380,10.06633,-1.70000
-0.805,-0.305,-1.476,10.06633,-1.70000
-0.902,-0.396,-1.579,10.06633,-1.70000
-0.993,-0.479,-1.676,10.06633,-1.70000
-1.088,-0.567,-1.776,10.06633,-1.70000
-1.177,-0.648,-1.871,10.06633,-1.70000
-1.288,-0.748,-1.990,10.06633,-1.70000
-1.394,-0.843,-2.105,10.06633,-1.70000
-1.483,-0.922,-2.202,10.06633,-1.70000
-1.584,-1.010,-2.311,10.06633,-1.70000
-1.669,-1.084,-2.405,10.06633,-1.70000
-1.764,-1.165,-2.510,10.06633,-1.70000
-1.862,-1.248,-2.618,10.06633,-1.70000
-1.959,-1.328,-2.726,10.06633,-1.70000
-2.047,-1.403,-2.823,10.06633,-1.70000
-2.140,-1.483,-2.924,10.06633,-1.70000
-2.225,-1.554,-3.019,10.06633,-1.70000
-2.311,-1.625,-3.114,10.06633,-1.70000
-2.396,-1.696,-3.210,10.06633,-1.70000
-2.475,-1.761,-3.298,10.06633,-1.70000
-2.556,-1.827,-3.388,10.06633,-1.70000
-2.635,-1.890,-3.476,10.06633,-1.70000
-2.710,-1.949,-3.560,10.06633,-1.70000
-2.788,-2.012,-3.649,10.06633,-1.70000
-2.862,-2.069,-3.731,10.06633,-1.70000
-2.934,-2.126,-3.813,10.06633,-1.70000
-2.991,-2.169,-3.877,10.06633,-1.70000
0.585,0.816,0.196,10.06633,-1.70000
0.579,0.812,0.188,10.06633,-1.70000
0.535,0.779,0.130,10.06633,-1.70000
0.531,0.774,0.127,10.06633,-1.70000
0.530,0.770,0.127,10.06633,-1.70000
0.529,0.768,0.129,10.06633,-1.70000
0.529,0.766,0.132,10.06633,-1.70000
0.529,0.764,0.135,10.06633,-1.70000
0.530,0.762,0.139,10.06633,-1.70000
0.531,0.761,0.144,10.06633,-1.70000
0.532,0.760,0.147,10.06633,-1.70000
0.533,0.759,0.150,10.06633,-1.70000
0.533,0.759,0.152,10.06633,-1.70000
0.533,0.758,0.153,10.06633,-1.70000
0.533,0.757,0.152,10.06633,-1.70000
0.532,0.757,0.151,10.06633,-1.70000
0.532,0.757,0.151,10.06633,-1.70000
0.530,0.756,0.147,10.06633,-1.70000
0.527,0.756,0.141,10.06633,-1.70000
0.523,0.755,0.133,10.06633,-1.70000
0.519,0.755,0.123,10.06633,-1.70000
0.514,0.756,0.111,10.06633,-1.70000
0.509,0.756,0.098,10.06633,-1.70000
0.503,0.757,0.083,10.06633,-1.70000
0.502,0.757,0.082,10.06633,-1.70000
0.501,0.757,0.079,10.06633,-1.70000
0.494,0.758,0.062,10.06633,-1.70000
0.486,0.759,0.044,10.06633,-1.70000
0.477,0.759,0.023,10.06633,-1.70000
0.467,0.758,0.002,10.06633,-1.70000
0.457,0.755,-0.017,10.06633,-1.70000
0.445,0.751,-0.038,10.06633,-1.70000
0.433,0.745,-0.057,10.06633,-1.70000
0.420,0.738,-0.077,10.06633,-1.70000
0.405,0.729,-0.098,10.06633,-1.70000
0.386,0.716,-0.125,10.06633,-1.70000
0.401,0.726,-0.104,10.06633,-1.70000
0.370,0.706,-0.146,10.06633,-1.70000
0.331,0.676,-0.196,10.06633,-1.70000
0.261,0.619,-0.280,10.06633,-1.70000
0.175,0.547,-0.381,10.06633,-1.70000
0.084,0.470,-0.485,10.06633,-1.70000
-0.008,0.390,-0.588,10.06633,-1.70000
-0.095,0.312,-0.685,10.06633,-1.70000
-0.154,0.260,-0.750,10.06633,-1.70000
-0.248,0.173,-0.851,10.06633,-1.70000
-0.337,0.092,-0.947,10.06633,-1.70000
-0.404,0.031,-1.018,10.06633,-1.70000
-0.445,-0.008,-1.063,10.06633,-1.70000
-0.472,-0.033,-1.091,10.06633,-1.70000
-0.447,-0.010,-1.064,10.06633,-1.70000
-0.404,0.029,-1.019,10.06633,-1.70000
-0.452,-0.014,-1.070,10.06633,-1.70000
-0.505,-0.063,-1.128,10.06633,-1.70000
-0.608,-0.157,-1.238,10.06633,-1.70000
-0.732,-0.271,-1.370,10.06633,-1.70000
-0.843,-0.373,-1.488,10.06633,-1.70000
-0.946,-0.469,-1.599,10.06633,-1.70000
-1.048,-0.562,-1.707,10.06633,-1.70000
-1.147,-0.654,-1.814,10.06633,-1.70000
-1.244,-0.743,-1.917,10.06633,-1.70000
-1.343,-0.833,-2.024,10.06633,-1.70000
-1.443,-0.921,-2.132,10.06633,-1.70000
-1.543,-1.009,-2.241,10.06633,-1.70000
-1.642,-1.095,-2.349,10.06633,-1.70000
-1.740,-1.179,-2.458,10.06633,-1.70000
-1.836,-1.260,-2.565,10.06633,-1.70000
-1.931,-1.340,-2.672,10.06633,-1.70000
-2.027,-1.418,-2.779,10.06633,-1.70000
-2.116,-1.489,-2.880,10.06633,-1.70000
-2.203,-1.559,-2.980,10.06633,-1.70000
-2.288,-1.628,-3.075,10.06633,-1.70000
-2.380,-1.701,-3.178,10.06633,-1.70000
-2.474,-1.777,-3.284,10.06633,-1.70000
-2.576,-1.859,-3.399,10.06633,-1.70000
-2.639,-1.909,-3.471,10.06633,-1.70000
-2.678,-1.941,-3.515,10.06633,-1.70000
-2.733,-1.983,-3.577,10.06633,-1.70000
-2.799,-2.033,-3.653,10.06633,-1.70000
-3.051,-2.214,-3.945,10.06633,-1.70000
-2.685,-1.936,-3.529,10.06633,-1.70000
-2.378,-1.696,-3.180,10.06633,-1.70000
-1.944,-1.354,-2.683,10.06633,-1.70000
-1.957,-1.364,-2.699,10.06633,-1.70000
-2.166,-1.525,-2.940,10.06633,-1.70000
-2.518,-1.802,-3.341,10.06633,-1.70000
-2.817,-2.029,-3.683,10.06633,-1.70000
-3.007,-2.165,-3.905,10.06633,-1.70000
-3.110,-2.232,-4.026,10.06633,-1.70000
-3.161,-2.263,-4.087,10.06633,-1.70000
-3.193,-2.281,-4.127,10.06633,-1.70000
30.234,30.258,30.171,10.06633,-1.70000
