Gmag,G_BPmag,G_RPmag,logAge,MH
13.775,15.763,12.485,10.08458,-1.45000
13.231,14.841,12.027,10.08458,-1.45000
12.851,14.255,11.706,10.08458,-1.45000
12.178,13.356,11.112,10.08458,-1.45000
11.975,13.100,10.932,10.08458,-1.45000
11.448,12.471,10.449,10.08458,-1.45000
11.048,12.013,10.078,10.08458,-1.45000
10.442,11.340,9.506,10.08458,-1.45000
9.892,10.740,8.984,10.08458,-1.45000
9.475,10.287,8.588,10.08458,-1.45000
9.137,9.919,8.267,10.08458,-1.45000
8.827,9.574,7.978,10.08458,-1.45000
8.740,9.478,7.897,10.08458,-1.45000
8.445,9.140,7.629,10.08458,-1.45000
8.246,8.913,7.449,10.08458,-1.45000
7.677,8.253,6.946,10.08458,-1.45000
7.075,7.575,6.405,10.08458,-1.45000
6.508,6.941,5.896,10.08458,-1.45000
6.402,6.823,5.802,10.08458,-1.45000
6.272,6.678,5.686,10.08458,-1.45000
6.146,6.539,5.573,10.08458,-1.45000
6.031,6.410,5.470,10.08458,-1.45000
5.937,6.307,5.386,10.08458,-1.45000
5.850,6.210,5.308,10.08458,-1.45000
5.712,6.059,5.184,10.08458,-1.45000
5.583,5.919,5.067,10.08458,-1.45000
5.457,5.782,4.952,10.08458,-1.45000
5.353,5.669,4.857,10.08458,-1.45000
5.218,5.526,4.733,10.08458,-1.45000
5.080,5.379,4.605,10.08458,-1.45000
4.953,5.244,4.485,10.08458,-1.45000
4.825,5.110,4.366,10.08458,-1.45000
4.698,4.977,4.245,10.08458,-1.45000
4.625,4.901,4.176,10.08458,-1.45000
4.568,4.842,4.121,10.08458,-1.45000
4.421,4.690,3.981,10.08458,-1.45000
4.279,4.545,3.844,10.08458,-1.45000
4.145,4.408,3.713,10.08458,-1.45000
4.102,4.365,3.670,10.08458,-1.45000
4.065,4.327,3.633,10.08458,-1.45000
3.912,4.176,3.478,10.08458,-1.45000
3.777,4.046,3.338,10.08458,-1.45000
3.752,4.022,3.311,10.08458,-1.45000
3.701,3.975,3.256,10.08458,-1.45000
3.590,3.874,3.133,10.08458,-1.45000
3.496,3.792,3.023,10.08458,-1.45000
3.415,3.727,2.926,10.08458,-1.45000
3.345,3.672,2.838,10.08458,-1.45000
3.272,3.616,2.747,10.08458,-1.45000
3.195,3.552,2.656,10.08458,-1.45000
3.113,3.480,2.564,10.08458,-1.45000
3.065,3.435,2.512,10.08458,-1.45000
3.012,3.387,2.455,10.08458,-1.45000
2.991,3.367,2.433,10.08458,-1.45000
2.878,3.259,2.315,10.08458,-1.45000
2.775,3.159,2.207,10.08458,-1.45000
2.649,3.038,2.079,10.08458,-1.45000
2.524,2.916,1.950,10.08458,-1.45000
2.388,2.783,1.811,10.08458,-1.45000
2.257,2.655,1.676,10.08458,-1.45000
2.136,2.537,1.552,10.08458,-1.45000
2.033,2.437,1.448,10.08458,-1.45000
1.910,2.316,1.322,10.08458,-1.45000
1.781,2.190,1.189,10.08458,-1.45000
1.651,2.064,1.057,10.08458,-1.45000
1.528,1.944,0.931,10.08458,-1.45000
1.407,1.826,0.806,10.08458,-1.45000
1.287,1.710,0.683,10.08458,-1.45000
1.165,1.592,0.557,10.08458,-1.45000
1.046,1.477,0.434,10.08458,-1.45000
0.924,1.359,0.309,10.08458,-1.45000
0.807,1.246,0.188,10.08458,-1.45000
0.692,1.136,0.069,10.08458,-1.45000
0.576,1.025,-0.051,10.08458,-1.45000
0.465,0.918,-0.167,10.08458,-1.45000
0.350,0.809,-0.285,10.08458,-1.45000
0.240,0.703,-0.401,10.08458,-1.45000
0.129,0.598,-0.516,10.08458,-1.45000
0.018,0.492,-0.632,10.08458,-1.45000
-0.084,0.395,-0.738,10.08458,-1.45000
-0.154,0.329,-0.811,10.08458,-1.45000
-0.124,0.356,-0.779,10.08458,-1.45000
-0.113,0.366,-0.768,10.08458,-1.45000
-0.209,0.275,-0.868,10.08458,-1.45000
-0.305,0.186,-0.968,10.08458,-1.45000
-0.403,0.093,-1.072,10.08458,-1.45000
-0.503,-0.000,-1.176,10.08458,-1.45000
-0.599,-0.089,-1.278,10.08458,-1.45000
-0.695,-0.178,-1.380,10.08458,-1.45000
-0.790,-0.264,-1.481,10.08458,-1.45000
-0.883,-0.350,-1.581,10.08458,-1.45000
-0.972,-0.430,-1.676,10.08458,-1.45000
-1.061,-0.510,-1.772,10.08458,-1.45000
-1.169,-0.606,-1.888,10.08458,-1.45000
-1.273,-0.698,-2.001,10.08458,-1.45000
-1.376,-0.787,-2.114,10.08458,-1.45000
-1.474,-0.873,-2.222,10.08458,-1.45000
-1.569,-0.953,-2.327,10.08458,-1.45000
-1.667,-1.037,-2.433,10.08458,-1.45000
-1.757,-1.115,-2.532,10.08458,-1.45000
-1.847,-1.193,-2.630,10.08458,-1.45000
-1.937,-1.270,-2.730,10.08458,-1.45000
-2.020,-1.341,-2.820,10.08458,-1.45000
-2.104,-1.410,-2.914,10.08458,-1.45000
-2.187,-1.479,-3.007,10.08458,-1.45000
-2.263,-1.540,-3.091,10.08458,-1.45000
-2.339,-1.600,-3.176,10.08458,-1.45000
-2.417,-1.663,-3.264,10.08458,-1.45000
-2.488,-1.720,-3.344,10.08458,-1.45000
-2.562,-1.778,-3.427,10.08458,-1.45000
-2.634,-1.834,-3.508,10.08458,-1.45000
-2.704,-1.890,-3.587,10.08458,-1.45000
-2.772,-1.942,-3.664,10.08458,-1.45000
-2.838,-1.991,-3.740,10.08458,-1.45000
-2.900,-2.035,-3.811,10.08458,-1.45000
-2.945,-2.067,-3.862,10.08458,-1.45000
0.565,0.885,0.065,10.08458,-1.45000
0.524,0.849,0.021,10.08458,-1.45000
0.517,0.842,0.014,10.08458,-1.45000
0.515,0.839,0.012,10.08458,-1.45000
0.515,0.839,0.012,10.08458,-1.45000
0.513,0.836,0.012,10.08458,-1.45000
0.513,0.833,0.014,10.08458,-1.45000
0.513,0.831,0.018,10.08458,-1.45000
0.515,0.829,0.023,10.08458,-1.45000
0.516,0.827,0.028,10.08458,-1.45000
0.518,0.825,0.034,10.08458,-1.45000
0.519,0.823,0.039,10.08458,-1.45000
0.520,0.821,0.044,10.08458,-1.45000
0.521,0.819,0.049,10.08458,-1.45000
0.522,0.817,0.052,10.08458,-1.45000
0.522,0.815,0.054,10.08458,-1.45000
0.522,0.815,0.055,10.08458,-1.45000
0.522,0.815,0.055,10.08458,-1.45000
0.521,0.813,0.055,10.08458,-1.45000
0.520,0.812,0.054,10.08458,-1.45000
0.518,0.810,0.051,10.08458,-1.45000
0.515,0.809,0.046,10.08458,-1.45000
0.511,0.808,0.039,10.08458,-1.45000
0.507,0.807,0.031,10.08458,-1.45000
0.501,0.806,0.021,10.08458,-1.45000
0.500,0.805,0.019,10.08458,-1.45000
0.499,0.805,0.017,10.08458,-1.45000
0.492,0.802,0.005,10.08458,-1.45000
0.484,0.799,-0.008,10.08458,-1.45000
0.475,0.794,-0.023,10.08458,-1.45000
0.464,0.788,-0.039,10.08458,-1.45000
0.452,0.781,-0.056,10.08458,-1.45000
0.440,0.773,-0.073,10.08458,-1.45000
0.427,0.764,-0.090,10.08458,-1.45000
0.415,0.755,-0.106,10.08458,-1.45000
0.396,0.741,-0.129,10.08458,-1.45000
0.372,0.722,-0.159,10.08458,-1.45000
0.342,0.697,-0.195,10.08458,-1.45000
0.269,0.637,-0.280,10.08458,-1.45000
0.195,0.574,-0.367,10.08458,-1.45000
0.113,0.504,-0.459,10.08458,-1.45000
0.036,0.436,-0.547,10.08458,-1.45000
-0.050,0.361,-0.642,10.08458,-1.45000
-0.130,0.290,-0.730,10.08458,-1.45000
-0.187,0.238,-0.793,10.08458,-1.45000
-0.190,0.236,-0.796,10.08458,-1.45000
-0.282,0.152,-0.896,10.08458,-1.45000
-0.369,0.073,-0.990,10.08458,-1.45000
-0.431,0.016,-1.057,10.08458,-1.45000
-0.477,-0.025,-1.106,10.08458,-1.45000
-0.477,-0.025,-1.106,10.08458,-1.45000
-0.453,-0.003,-1.080,10.08458,-1.45000
-0.433,0.015,-1.058,10.08458,-1.45000
-0.464,-0.013,-1.092,10.08458,-1.45000
-0.509,-0.054,-1.142,10.08458,-1.45000
-0.617,-0.152,-1.258,10.08458,-1.45000
-0.718,-0.244,-1.368,10.08458,-1.45000
-0.816,-0.333,-1.473,10.08458,-1.45000
-0.913,-0.421,-1.577,10.08458,-1.45000
-1.007,-0.506,-1.678,10.08458,-1.45000
-1.100,-0.590,-1.779,10.08458,-1.45000
-1.195,-0.674,-1.883,10.08458,-1.45000
-1.290,-0.757,-1.986,10.08458,-1.45000
-1.383,-0.836,-2.089,10.08458,-1.45000
-1.451,-0.891,-2.167,10.08458,-1.45000
-1.528,-0.933,-2.270,10.08458,-1.45000
-1.619,-1.006,-2.373,10.08458,-1.45000
-1.709,-1.080,-2.475,10.08458,-1.45000
-1.801,-1.159,-2.575,10.08458,-1.45000
-1.895,-1.244,-2.675,10.08458,-1.45000
-2.012,-1.371,-2.785,10.08458,-1.45000
-2.090,-1.488,-2.837,10.08458,-1.45000
30.350,31.426,29.329,10.08458,-1.45000
