Gmag,G_BPmag,G_RPmag,logAge,MH
13.099,14.474,11.966,10.05500,-2.00000
13.012,14.345,11.892,10.05500,-2.00000
12.202,13.241,11.197,10.05500,-2.00000
11.416,12.304,10.486,10.05500,-2.00000
10.935,11.762,10.039,10.05500,-2.00000
10.566,11.355,9.691,10.05500,-2.00000
9.996,10.739,9.150,10.05500,-2.00000
9.473,10.175,8.652,10.05500,-2.00000
9.069,9.739,8.268,10.05500,-2.00000
8.733,9.376,7.951,10.05500,-2.00000
8.399,9.014,7.638,10.05500,-2.00000
7.984,8.555,7.255,10.05500,-2.00000
7.526,8.049,6.835,10.05500,-2.00000
7.045,7.522,6.393,10.05500,-2.00000
6.993,7.465,6.344,10.05500,-2.00000
6.459,6.873,5.862,10.05500,-2.00000
6.411,6.820,5.819,10.05500,-2.00000
6.270,6.663,5.693,10.05500,-2.00000
6.145,6.525,5.582,10.05500,-2.00000
6.034,6.402,5.484,10.05500,-2.00000
5.927,6.282,5.388,10.05500,-2.00000
5.909,6.263,5.372,10.05500,-2.00000
5.811,6.155,5.284,10.05500,-2.00000
5.692,6.025,5.177,10.05500,-2.00000
5.574,5.896,5.070,10.05500,-2.00000
5.459,5.772,4.966,10.05500,-2.00000
5.346,5.650,4.863,10.05500,-2.00000
5.335,5.638,4.853,10.05500,-2.00000
5.335,5.638,4.853,10.05500,-2.00000
5.204,5.498,4.732,10.05500,-2.00000
5.074,5.360,4.613,10.05500,-2.00000
4.954,5.232,4.501,10.05500,-2.00000
4.829,5.100,4.384,10.05500,-2.00000
4.714,4.980,4.276,10.05500,-2.00000
4.624,4.886,4.191,10.05500,-2.00000
4.549,4.808,4.121,10.05500,-2.00000
4.383,4.635,3.964,10.05500,-2.00000
4.212,4.457,3.800,10.05500,-2.00000
4.088,4.331,3.681,10.05500,-2.00000
3.964,4.204,3.560,10.05500,-2.00000
3.855,4.094,3.453,10.05500,-2.00000
3.807,4.046,3.404,10.05500,-2.00000
3.667,3.909,3.261,10.05500,-2.00000
3.558,3.803,3.147,10.05500,-2.00000
3.532,3.779,3.120,10.05500,-2.00000
3.505,3.753,3.091,10.05500,-2.00000
3.406,3.662,2.980,10.05500,-2.00000
3.343,3.607,2.908,10.05500,-2.00000
3.319,3.586,2.880,10.05500,-2.00000
3.240,3.520,2.786,10.05500,-2.00000
3.169,3.464,2.697,10.05500,-2.00000
3.105,3.415,2.615,10.05500,-2.00000
3.042,3.367,2.537,10.05500,-2.00000
2.974,3.312,2.454,10.05500,-2.00000
2.885,3.237,2.350,10.05500,-2.00000
2.796,3.156,2.252,10.05500,-2.00000
2.691,3.058,2.139,10.05500,-2.00000
2.673,3.041,2.120,10.05500,-2.00000
2.571,2.944,2.014,10.05500,-2.00000
2.450,2.828,1.889,10.05500,-2.00000
2.342,2.723,1.777,10.05500,-2.00000
2.231,2.615,1.663,10.05500,-2.00000
2.121,2.508,1.551,10.05500,-2.00000
2.011,2.400,1.437,10.05500,-2.00000
1.891,2.283,1.315,10.05500,-2.00000
1.780,2.174,1.201,10.05500,-2.00000
1.661,2.058,1.079,10.05500,-2.00000
1.543,1.943,0.959,10.05500,-2.00000
1.428,1.831,0.842,10.05500,-2.00000
1.314,1.720,0.725,10.05500,-2.00000
1.197,1.605,0.604,10.05500,-2.00000
1.082,1.493,0.487,10.05500,-2.00000
0.970,1.384,0.372,10.05500,-2.00000
0.855,1.273,0.254,10.05500,-2.00000
0.745,1.165,0.141,10.05500,-2.00000
0.632,1.056,0.025,10.05500,-2.00000
0.517,0.945,-0.093,10.05500,-2.00000
0.403,0.835,-0.211,10.05500,-2.00000
0.290,0.726,-0.328,10.05500,-2.00000
0.176,0.616,-0.446,10.05500,-2.00000
0.063,0.507,-0.562,10.05500,-2.00000
-0.046,0.402,-0.675,10.05500,-2.00000
-0.155,0.298,-0.788,10.05500,-2.00000
-0.265,0.192,-0.901,10.05500,-2.00000
-0.371,0.091,-1.012,10.05500,-2.00000
-0.482,-0.015,-1.127,10.05500,-2.00000
-0.582,-0.110,-1.230,10.05500,-2.00000
-0.617,-0.144,-1.267,10.05500,-2.00000
-0.594,-0.123,-1.242,10.05500,-2.00000
-0.611,-0.139,-1.260,10.05500,-2.00000
-0.711,-0.234,-1.364,10.05500,-2.00000
-0.817,-0.335,-1.475,10.05500,-2.00000
-0.913,-0.426,-1.575,10.05500,-2.00000
-1.013,-0.520,-1.680,10.05500,-2.00000
-1.113,-0.615,-1.784,10.05500,-2.00000
-1.207,-0.703,-1.883,10.05500,-2.00000
-1.308,-0.796,-1.989,10.05500,-2.00000
-1.403,-0.884,-2.091,10.05500,-2.00000
-1.497,-0.970,-2.191,10.05500,-2.00000
-1.593,-1.056,-2.293,10.05500,-2.00000
-1.702,-1.154,-2.412,10.05500,-2.00000
-1.797,-1.238,-2.515,10.05500,-2.00000
-1.901,-1.329,-2.629,10.05500,-2.00000
-1.994,-1.409,-2.729,10.05500,-2.00000
-2.092,-1.492,-2.838,10.05500,-2.00000
-2.180,-1.567,-2.935,10.05500,-2.00000
-2.277,-1.647,-3.043,10.05500,-2.00000
-2.381,-1.731,-3.161,10.05500,-2.00000
-2.470,-1.801,-3.262,10.05500,-2.00000
-2.551,-1.869,-3.352,10.05500,-2.00000
-2.639,-1.941,-3.450,10.05500,-2.00000
-2.735,-2.021,-3.557,10.05500,-2.00000
-2.819,-2.089,-3.651,10.05500,-2.00000
-2.909,-2.163,-3.750,10.05500,-2.00000
-2.991,-2.229,-3.843,10.05500,-2.00000
-3.012,-2.246,-3.866,10.05500,-2.00000
0.654,0.781,0.421,10.05500,-2.00000
0.622,0.759,0.372,10.05500,-2.00000
0.584,0.730,0.320,10.05500,-2.00000
0.583,0.728,0.321,10.05500,-2.00000
0.583,0.726,0.323,10.05500,-2.00000
0.584,0.725,0.326,10.05500,-2.00000
0.584,0.724,0.329,10.05500,-2.00000
0.585,0.723,0.332,10.05500,-2.00000
0.585,0.722,0.334,10.05500,-2.00000
0.585,0.722,0.336,10.05500,-2.00000
0.585,0.721,0.336,10.05500,-2.00000
0.583,0.720,0.334,10.05500,-2.00000
0.581,0.719,0.330,10.05500,-2.00000
0.578,0.717,0.323,10.05500,-2.00000
0.574,0.716,0.315,10.05500,-2.00000
0.569,0.714,0.304,10.05500,-2.00000
0.562,0.713,0.290,10.05500,-2.00000
0.555,0.711,0.274,10.05500,-2.00000
0.548,0.711,0.257,10.05500,-2.00000
0.540,0.710,0.236,10.05500,-2.00000
0.530,0.710,0.212,10.05500,-2.00000
0.520,0.710,0.188,10.05500,-2.00000
0.519,0.710,0.186,10.05500,-2.00000
0.518,0.711,0.181,10.05500,-2.00000
0.507,0.711,0.154,10.05500,-2.00000
0.497,0.713,0.129,10.05500,-2.00000
0.486,0.714,0.100,10.05500,-2.00000
0.475,0.716,0.071,10.05500,-2.00000
0.464,0.717,0.044,10.05500,-2.00000
0.452,0.718,0.016,10.05500,-2.00000
0.440,0.717,-0.009,10.05500,-2.00000
0.427,0.714,-0.034,10.05500,-2.00000
0.413,0.709,-0.059,10.05500,-2.00000
0.393,0.699,-0.091,10.05500,-2.00000
0.415,0.715,-0.061,10.05500,-2.00000
0.383,0.696,-0.110,10.05500,-2.00000
0.341,0.668,-0.166,10.05500,-2.00000
0.276,0.619,-0.248,10.05500,-2.00000
0.202,0.560,-0.340,10.05500,-2.00000
0.122,0.494,-0.434,10.05500,-2.00000
0.039,0.424,-0.530,10.05500,-2.00000
-0.044,0.352,-0.623,10.05500,-2.00000
-0.100,0.302,-0.685,10.05500,-2.00000
-0.123,0.281,-0.710,10.05500,-2.00000
-0.216,0.196,-0.810,10.05500,-2.00000
-0.306,0.113,-0.907,10.05500,-2.00000
-0.377,0.047,-0.983,10.05500,-2.00000
-0.430,-0.003,-1.040,10.05500,-2.00000
-0.462,-0.033,-1.073,10.05500,-2.00000
-0.430,-0.003,-1.039,10.05500,-2.00000
-0.413,0.013,-1.021,10.05500,-2.00000
-0.474,-0.043,-1.086,10.05500,-2.00000
-0.582,-0.143,-1.202,10.05500,-2.00000
-0.705,-0.257,-1.333,10.05500,-2.00000
-0.826,-0.370,-1.462,10.05500,-2.00000
-0.935,-0.471,-1.576,10.05500,-2.00000
-1.038,-0.568,-1.686,10.05500,-2.00000
-1.139,-0.662,-1.793,10.05500,-2.00000
-1.237,-0.754,-1.896,10.05500,-2.00000
-1.335,-0.845,-2.000,10.05500,-2.00000
-1.432,-0.935,-2.102,10.05500,-2.00000
-1.529,-1.024,-2.206,10.05500,-2.00000
-1.627,-1.113,-2.312,10.05500,-2.00000
-1.724,-1.199,-2.417,10.05500,-2.00000
-1.819,-1.283,-2.520,10.05500,-2.00000
-1.913,-1.364,-2.622,10.05500,-2.00000
-2.008,-1.447,-2.727,10.05500,-2.00000
-2.104,-1.528,-2.833,10.05500,-2.00000
-2.197,-1.606,-2.937,10.05500,-2.00000
-2.290,-1.683,-3.042,10.05500,-2.00000
-2.381,-1.754,-3.145,10.05500,-2.00000
-2.475,-1.826,-3.253,10.05500,-2.00000
-2.571,-1.899,-3.365,10.05500,-2.00000
-2.623,-1.941,-3.424,10.05500,-2.00000
-2.593,-1.917,-3.390,10.05500,-2.00000
-2.593,-1.917,-3.390,10.05500,-2.00000
-2.595,-1.918,-3.392,10.05500,-2.00000
-2.616,-1.935,-3.415,10.05500,-2.00000
-2.628,-1.945,-3.429,10.05500,-2.00000
-2.654,-1.967,-3.458,10.05500,-2.00000
-2.703,-2.006,-3.513,10.05500,-2.00000
-2.802,-2.085,-3.625,10.05500,-2.00000
-2.934,-2.189,-3.774,10.05500,-2.00000
-2.950,-2.184,-3.804,10.05500,-2.00000
-2.488,-1.815,-3.282,10.05500,-2.00000
-2.149,-1.553,-2.893,10.05500,-2.00000
-1.654,-1.135,-2.341,10.05500,-2.00000
-1.667,-1.145,-2.356,10.05500,-2.00000
-1.859,-1.308,-2.569,10.05500,-2.00000
-2.279,-1.647,-3.046,10.05500,-2.00000
-2.641,-1.927,-3.462,10.05500,-2.00000
-2.877,-2.111,-3.730,10.05500,-2.00000
-3.004,-2.205,-3.877,10.05500,-2.00000
-3.064,-2.244,-3.949,10.05500,-2.00000
-3.098,-2.263,-3.991,10.05500,-2.00000
30.240,30.264,30.176,10.05500,-2.00000
