Gmag,G_BPmag,G_RPmag,logAge,MH
15.098,17.722,13.691,10.11394,-1.45000
14.447,16.557,13.117,10.11394,-1.45000
14.256,16.246,12.948,10.11394,-1.45000
13.438,15.115,12.200,10.11394,-1.45000
13.148,14.757,11.928,10.11394,-1.45000
12.934,14.497,11.728,10.11394,-1.45000
12.549,14.046,11.362,10.11394,-1.45000
11.960,13.386,10.796,10.11394,-1.45000
11.426,12.797,10.280,10.11394,-1.45000
11.022,12.354,9.889,10.11394,-1.45000
10.976,12.305,9.845,10.11394,-1.45000
10.693,11.994,9.571,10.11394,-1.45000
10.307,11.561,9.202,10.11394,-1.45000
10.000,11.205,8.915,10.11394,-1.45000
9.833,11.011,8.758,10.11394,-1.45000
9.717,10.873,8.650,10.11394,-1.45000
9.291,10.370,8.258,10.11394,-1.45000
8.710,9.708,7.715,10.11394,-1.45000
8.161,9.086,7.202,10.11394,-1.45000
8.070,8.983,7.118,10.11394,-1.45000
7.950,8.847,7.005,10.11394,-1.45000
7.838,8.721,6.901,10.11394,-1.45000
7.735,8.606,6.805,10.11394,-1.45000
7.634,8.493,6.711,10.11394,-1.45000
7.604,8.459,6.684,10.11394,-1.45000
7.525,8.371,6.610,10.11394,-1.45000
7.401,8.234,6.493,10.11394,-1.45000
7.280,8.101,6.379,10.11394,-1.45000
7.164,7.974,6.269,10.11394,-1.45000
7.052,7.852,6.163,10.11394,-1.45000
7.011,7.808,6.124,10.11394,-1.45000
6.913,7.702,6.030,10.11394,-1.45000
6.788,7.568,5.911,10.11394,-1.45000
6.663,7.435,5.791,10.11394,-1.45000
6.537,7.303,5.670,10.11394,-1.45000
6.410,7.170,5.547,10.11394,-1.45000
6.283,7.037,5.423,10.11394,-1.45000
6.202,6.954,5.344,10.11394,-1.45000
6.124,6.873,5.267,10.11394,-1.45000
5.989,6.735,5.134,10.11394,-1.45000
5.945,6.690,5.091,10.11394,-1.45000
5.908,6.653,5.054,10.11394,-1.45000
5.754,6.501,4.899,10.11394,-1.45000
5.620,6.371,4.761,10.11394,-1.45000
5.595,6.348,4.735,10.11394,-1.45000
5.542,6.299,4.680,10.11394,-1.45000
5.424,6.192,4.555,10.11394,-1.45000
5.320,6.103,4.442,10.11394,-1.45000
5.229,6.028,4.341,10.11394,-1.45000
5.147,5.964,4.248,10.11394,-1.45000
5.059,5.895,4.149,10.11394,-1.45000
4.969,5.819,4.050,10.11394,-1.45000
4.877,5.737,3.953,10.11394,-1.45000
4.784,5.651,3.856,10.11394,-1.45000
4.768,5.636,3.839,10.11394,-1.45000
4.746,5.616,3.817,10.11394,-1.45000
4.631,5.506,3.698,10.11394,-1.45000
4.526,5.405,3.591,10.11394,-1.45000
4.401,5.284,3.463,10.11394,-1.45000
4.275,5.162,3.336,10.11394,-1.45000
4.138,5.029,3.197,10.11394,-1.45000
4.007,4.900,3.063,10.11394,-1.45000
3.885,4.781,2.940,10.11394,-1.45000
3.782,4.681,2.835,10.11394,-1.45000
3.658,4.560,2.710,10.11394,-1.45000
3.527,4.433,2.578,10.11394,-1.45000
3.397,4.306,2.445,10.11394,-1.45000
3.273,4.185,2.319,10.11394,-1.45000
3.149,4.066,2.194,10.11394,-1.45000
3.028,3.948,2.070,10.11394,-1.45000
2.904,3.828,1.943,10.11394,-1.45000
2.782,3.711,1.820,10.11394,-1.45000
2.658,3.591,1.693,10.11394,-1.45000
2.538,3.476,1.571,10.11394,-1.45000
2.421,3.363,1.451,10.11394,-1.45000
2.302,3.249,1.330,10.11394,-1.45000
2.187,3.139,1.212,10.11394,-1.45000
2.069,3.027,1.091,10.11394,-1.45000
1.954,2.917,0.974,10.11394,-1.45000
1.839,2.808,0.856,10.11394,-1.45000
1.723,2.698,0.737,10.11394,-1.45000
1.616,2.597,0.628,10.11394,-1.45000
1.543,2.527,0.553,10.11394,-1.45000
1.577,2.558,0.588,10.11394,-1.45000
1.579,2.561,0.590,10.11394,-1.45000
1.539,2.522,0.549,10.11394,-1.45000
1.437,2.427,0.444,10.11394,-1.45000
1.339,2.334,0.343,10.11394,-1.45000
1.239,2.240,0.240,10.11394,-1.45000
1.137,2.146,0.135,10.11394,-1.45000
1.036,2.051,0.030,10.11394,-1.45000
0.940,1.962,-0.069,10.11394,-1.45000
0.841,1.871,-0.172,10.11394,-1.45000
0.725,1.765,-0.292,10.11394,-1.45000
0.630,1.679,-0.391,10.11394,-1.45000
0.518,1.578,-0.507,10.11394,-1.45000
0.429,1.498,-0.600,10.11394,-1.45000
0.321,1.403,-0.713,10.11394,-1.45000
0.217,1.311,-0.822,10.11394,-1.45000
0.114,1.222,-0.931,10.11394,-1.45000
0.018,1.139,-1.032,10.11394,-1.45000
-0.079,1.054,-1.134,10.11394,-1.45000
-0.173,0.972,-1.234,10.11394,-1.45000
-0.263,0.895,-1.328,10.11394,-1.45000
-0.352,0.818,-1.422,10.11394,-1.45000
-0.442,0.741,-1.518,10.11394,-1.45000
-0.524,0.674,-1.605,10.11394,-1.45000
-0.607,0.605,-1.694,10.11394,-1.45000
-0.690,0.538,-1.782,10.11394,-1.45000
-0.766,0.476,-1.864,10.11394,-1.45000
-0.843,0.414,-1.947,10.11394,-1.45000
-0.921,0.352,-2.030,10.11394,-1.45000
-0.992,0.295,-2.107,10.11394,-1.45000
-1.067,0.236,-2.187,10.11394,-1.45000
-1.140,0.178,-2.265,10.11394,-1.45000
-1.210,0.124,-2.340,10.11394,-1.45000
-1.278,0.073,-2.414,10.11394,-1.45000
-1.342,0.026,-2.484,10.11394,-1.45000
-1.411,-0.024,-2.559,10.11394,-1.45000
2.343,3.123,1.466,10.11394,-1.45000
2.299,3.086,1.417,10.11394,-1.45000
2.296,3.082,1.415,10.11394,-1.45000
2.295,3.079,1.415,10.11394,-1.45000
2.295,3.076,1.417,10.11394,-1.45000
2.297,3.074,1.422,10.11394,-1.45000
2.300,3.071,1.428,10.11394,-1.45000
2.304,3.069,1.436,10.11394,-1.45000
2.309,3.067,1.445,10.11394,-1.45000
2.313,3.065,1.454,10.11394,-1.45000
2.317,3.063,1.461,10.11394,-1.45000
2.320,3.061,1.468,10.11394,-1.45000
2.323,3.059,1.474,10.11394,-1.45000
2.325,3.057,1.479,10.11394,-1.45000
2.327,3.056,1.482,10.11394,-1.45000
2.327,3.056,1.482,10.11394,-1.45000
2.327,3.055,1.482,10.11394,-1.45000
2.326,3.054,1.482,10.11394,-1.45000
2.324,3.053,1.479,10.11394,-1.45000
2.321,3.052,1.474,10.11394,-1.45000
2.316,3.051,1.466,10.11394,-1.45000
2.309,3.050,1.456,10.11394,-1.45000
2.301,3.049,1.444,10.11394,-1.45000
2.292,3.048,1.429,10.11394,-1.45000
2.290,3.047,1.427,10.11394,-1.45000
2.288,3.047,1.423,10.11394,-1.45000
2.277,3.045,1.408,10.11394,-1.45000
2.266,3.041,1.391,10.11394,-1.45000
2.253,3.037,1.373,10.11394,-1.45000
2.239,3.031,1.354,10.11394,-1.45000
2.224,3.023,1.335,10.11394,-1.45000
2.207,3.013,1.314,10.11394,-1.45000
2.191,3.003,1.294,10.11394,-1.45000
2.175,2.991,1.275,10.11394,-1.45000
2.155,2.977,1.252,10.11394,-1.45000
2.128,2.957,1.221,10.11394,-1.45000
2.096,2.932,1.184,10.11394,-1.45000
2.019,2.870,1.100,10.11394,-1.45000
1.938,2.803,1.011,10.11394,-1.45000
1.851,2.729,0.915,10.11394,-1.45000
1.766,2.656,0.824,10.11394,-1.45000
1.673,2.575,0.724,10.11394,-1.45000
1.585,2.498,0.631,10.11394,-1.45000
1.517,2.437,0.560,10.11394,-1.45000
1.488,2.411,0.529,10.11394,-1.45000
1.389,2.322,0.425,10.11394,-1.45000
1.307,2.247,0.339,10.11394,-1.45000
1.247,2.193,0.276,10.11394,-1.45000
1.214,2.163,0.242,10.11394,-1.45000
1.209,2.159,0.237,10.11394,-1.45000
1.225,2.173,0.253,10.11394,-1.45000
1.239,2.186,0.268,10.11394,-1.45000
1.206,2.155,0.232,10.11394,-1.45000
1.145,2.101,0.169,10.11394,-1.45000
1.037,2.003,0.055,10.11394,-1.45000
0.929,1.905,-0.058,10.11394,-1.45000
0.822,1.808,-0.169,10.11394,-1.45000
0.716,1.713,-0.279,10.11394,-1.45000
0.612,1.618,-0.389,10.11394,-1.45000
0.503,1.520,-0.503,10.11394,-1.45000
0.395,1.424,-0.617,10.11394,-1.45000
0.286,1.329,-0.731,10.11394,-1.45000
0.179,1.243,-0.848,10.11394,-1.45000
0.076,1.174,-0.965,10.11394,-1.45000
-0.030,1.085,-1.078,10.11394,-1.45000
-0.135,0.993,-1.189,10.11394,-1.45000
-0.248,0.885,-1.303,10.11394,-1.45000
-0.352,0.750,-1.395,10.11394,-1.45000
-0.390,0.690,-1.423,10.11394,-1.45000
31.894,33.723,30.621,10.11394,-1.45000
