Gmag,G_BPmag,G_RPmag,logAge,MH
15.075,17.657,13.674,9.96614,-1.50000
14.738,17.029,13.378,9.96614,-1.50000
14.219,16.167,12.920,9.96614,-1.50000
13.404,15.055,12.173,9.96614,-1.50000
12.907,14.450,11.707,9.96614,-1.50000
12.529,14.010,11.348,9.96614,-1.50000
11.950,13.359,10.790,9.96614,-1.50000
11.413,12.769,10.271,9.96614,-1.50000
11.002,12.321,9.874,9.96614,-1.50000
10.826,12.128,9.704,9.96614,-1.50000
10.670,11.958,9.553,9.96614,-1.50000
10.403,11.658,9.298,9.96614,-1.50000
10.300,11.543,9.200,9.96614,-1.50000
9.844,11.015,8.771,9.96614,-1.50000
9.330,10.410,8.296,9.96614,-1.50000
8.794,9.798,7.795,9.96614,-1.50000
8.291,9.228,7.325,9.96614,-1.50000
8.260,9.194,7.297,9.96614,-1.50000
8.117,9.031,7.164,9.96614,-1.50000
7.988,8.884,7.044,9.96614,-1.50000
7.839,8.716,6.905,9.96614,-1.50000
7.796,8.668,6.866,9.96614,-1.50000
7.654,8.508,6.734,9.96614,-1.50000
7.501,8.337,6.592,9.96614,-1.50000
7.359,8.179,6.459,9.96614,-1.50000
7.316,8.131,6.418,9.96614,-1.50000
7.262,8.071,6.367,9.96614,-1.50000
7.123,7.919,6.237,9.96614,-1.50000
6.993,7.776,6.114,9.96614,-1.50000
6.862,7.635,5.990,9.96614,-1.50000
6.805,7.573,5.935,9.96614,-1.50000
6.743,7.506,5.876,9.96614,-1.50000
6.608,7.362,5.748,9.96614,-1.50000
6.480,7.226,5.626,9.96614,-1.50000
6.354,7.092,5.505,9.96614,-1.50000
6.235,6.965,5.390,9.96614,-1.50000
6.188,6.916,5.344,9.96614,-1.50000
6.106,6.829,5.265,9.96614,-1.50000
5.985,6.703,5.149,9.96614,-1.50000
5.866,6.579,5.033,9.96614,-1.50000
5.748,6.457,4.918,9.96614,-1.50000
5.607,6.312,4.779,9.96614,-1.50000
5.586,6.291,4.758,9.96614,-1.50000
5.539,6.244,4.711,9.96614,-1.50000
5.396,6.103,4.567,9.96614,-1.50000
5.255,5.968,4.422,9.96614,-1.50000
5.240,5.954,4.406,9.96614,-1.50000
5.229,5.944,4.395,9.96614,-1.50000
5.202,5.919,4.366,9.96614,-1.50000
5.103,5.831,4.260,9.96614,-1.50000
5.018,5.758,4.167,9.96614,-1.50000
4.944,5.698,4.083,9.96614,-1.50000
4.878,5.649,4.007,9.96614,-1.50000
4.835,5.618,3.955,9.96614,-1.50000
4.796,5.593,3.909,9.96614,-1.50000
4.750,5.563,3.852,9.96614,-1.50000
4.697,5.527,3.790,9.96614,-1.50000
4.627,5.472,3.711,9.96614,-1.50000
4.532,5.389,3.609,9.96614,-1.50000
4.473,5.336,3.546,9.96614,-1.50000
4.421,5.287,3.492,9.96614,-1.50000
4.309,5.182,3.378,9.96614,-1.50000
4.209,5.085,3.275,9.96614,-1.50000
4.103,4.983,3.167,9.96614,-1.50000
3.983,4.867,3.045,9.96614,-1.50000
3.876,4.763,2.936,9.96614,-1.50000
3.757,4.647,2.815,9.96614,-1.50000
3.640,4.534,2.697,9.96614,-1.50000
3.527,4.423,2.582,9.96614,-1.50000
3.412,4.311,2.465,9.96614,-1.50000
3.297,4.200,2.349,9.96614,-1.50000
3.180,4.086,2.230,9.96614,-1.50000
3.069,3.979,2.117,9.96614,-1.50000
2.956,3.869,2.002,9.96614,-1.50000
2.840,3.757,1.884,9.96614,-1.50000
2.728,3.649,1.770,9.96614,-1.50000
2.615,3.539,1.654,9.96614,-1.50000
2.502,3.430,1.539,9.96614,-1.50000
2.391,3.323,1.426,9.96614,-1.50000
2.279,3.216,1.312,9.96614,-1.50000
2.169,3.110,1.199,9.96614,-1.50000
2.058,3.004,1.086,9.96614,-1.50000
1.946,2.898,0.972,9.96614,-1.50000
1.837,2.794,0.860,9.96614,-1.50000
1.726,2.688,0.747,9.96614,-1.50000
1.622,2.590,0.640,9.96614,-1.50000
1.521,2.494,0.536,9.96614,-1.50000
1.424,2.401,0.436,9.96614,-1.50000
1.330,2.312,0.340,9.96614,-1.50000
1.360,2.340,0.371,9.96614,-1.50000
1.394,2.372,0.406,9.96614,-1.50000
1.295,2.279,0.305,9.96614,-1.50000
1.193,2.182,0.199,9.96614,-1.50000
1.090,2.086,0.094,9.96614,-1.50000
0.990,1.993,-0.009,9.96614,-1.50000
0.891,1.900,-0.112,9.96614,-1.50000
0.789,1.806,-0.217,9.96614,-1.50000
0.692,1.716,-0.318,9.96614,-1.50000
0.591,1.624,-0.422,9.96614,-1.50000
0.476,1.519,-0.542,9.96614,-1.50000
0.377,1.429,-0.644,9.96614,-1.50000
0.263,1.328,-0.764,9.96614,-1.50000
0.168,1.243,-0.863,9.96614,-1.50000
0.056,1.145,-0.981,9.96614,-1.50000
-0.056,1.048,-1.099,9.96614,-1.50000
-0.166,0.953,-1.215,9.96614,-1.50000
-0.267,0.865,-1.322,9.96614,-1.50000
-0.373,0.774,-1.434,9.96614,-1.50000
-0.474,0.687,-1.541,9.96614,-1.50000
-0.572,0.603,-1.645,9.96614,-1.50000
-0.674,0.518,-1.753,9.96614,-1.50000
-0.766,0.442,-1.852,9.96614,-1.50000
-0.860,0.366,-1.951,9.96614,-1.50000
-0.955,0.289,-2.053,9.96614,-1.50000
-1.042,0.220,-2.147,9.96614,-1.50000
-1.135,0.145,-2.246,9.96614,-1.50000
-1.225,0.074,-2.343,9.96614,-1.50000
-1.313,0.005,-2.438,9.96614,-1.50000
-1.398,-0.060,-2.529,9.96614,-1.50000
-1.426,-0.081,-2.560,9.96614,-1.50000
2.190,3.031,1.275,9.96614,-1.50000
2.143,2.988,1.226,9.96614,-1.50000
2.137,2.982,1.220,9.96614,-1.50000
2.133,2.978,1.216,9.96614,-1.50000
2.130,2.974,1.214,9.96614,-1.50000
2.129,2.972,1.213,9.96614,-1.50000
2.129,2.970,1.214,9.96614,-1.50000
2.130,2.970,1.216,9.96614,-1.50000
2.131,2.969,1.219,9.96614,-1.50000
2.133,2.968,1.222,9.96614,-1.50000
2.134,2.968,1.225,9.96614,-1.50000
2.136,2.967,1.227,9.96614,-1.50000
2.137,2.967,1.229,9.96614,-1.50000
2.138,2.966,1.231,9.96614,-1.50000
2.138,2.965,1.232,9.96614,-1.50000
2.138,2.964,1.232,9.96614,-1.50000
2.138,2.963,1.232,9.96614,-1.50000
2.137,2.962,1.232,9.96614,-1.50000
2.135,2.960,1.231,9.96614,-1.50000
2.133,2.957,1.229,9.96614,-1.50000
2.130,2.955,1.225,9.96614,-1.50000
2.126,2.951,1.221,9.96614,-1.50000
2.121,2.947,1.215,9.96614,-1.50000
2.119,2.946,1.213,9.96614,-1.50000
2.115,2.943,1.208,9.96614,-1.50000
2.108,2.938,1.200,9.96614,-1.50000
2.100,2.932,1.191,9.96614,-1.50000
2.091,2.925,1.181,9.96614,-1.50000
2.079,2.916,1.168,9.96614,-1.50000
2.069,2.908,1.155,9.96614,-1.50000
2.049,2.893,1.132,9.96614,-1.50000
2.027,2.876,1.108,9.96614,-1.50000
2.001,2.855,1.079,9.96614,-1.50000
1.969,2.828,1.043,9.96614,-1.50000
1.908,2.778,0.978,9.96614,-1.50000
1.822,2.704,0.885,9.96614,-1.50000
1.733,2.626,0.789,9.96614,-1.50000
1.645,2.549,0.696,9.96614,-1.50000
1.555,2.469,0.601,9.96614,-1.50000
1.467,2.389,0.507,9.96614,-1.50000
1.452,2.376,0.492,9.96614,-1.50000
1.405,2.334,0.443,9.96614,-1.50000
1.303,2.240,0.336,9.96614,-1.50000
1.203,2.149,0.232,9.96614,-1.50000
1.107,2.061,0.132,9.96614,-1.50000
1.016,1.977,0.038,9.96614,-1.50000
1.041,2.000,0.064,9.96614,-1.50000
1.127,2.078,0.153,9.96614,-1.50000
1.165,2.114,0.192,9.96614,-1.50000
1.093,2.048,0.117,9.96614,-1.50000
0.993,1.957,0.012,9.96614,-1.50000
0.891,1.864,-0.094,9.96614,-1.50000
0.791,1.772,-0.198,9.96614,-1.50000
0.691,1.681,-0.303,9.96614,-1.50000
0.592,1.590,-0.405,9.96614,-1.50000
0.494,1.501,-0.507,9.96614,-1.50000
0.395,1.412,-0.611,9.96614,-1.50000
0.296,1.323,-0.714,9.96614,-1.50000
0.198,1.237,-0.817,9.96614,-1.50000
0.102,1.152,-0.918,9.96614,-1.50000
0.005,1.068,-1.021,9.96614,-1.50000
-0.090,0.986,-1.122,9.96614,-1.50000
-0.185,0.905,-1.223,9.96614,-1.50000
-0.279,0.826,-1.323,9.96614,-1.50000
-0.371,0.750,-1.422,9.96614,-1.50000
-0.462,0.673,-1.518,9.96614,-1.50000
-0.554,0.596,-1.616,9.96614,-1.50000
-0.646,0.520,-1.714,9.96614,-1.50000
-0.735,0.448,-1.810,9.96614,-1.50000
-0.819,0.379,-1.901,9.96614,-1.50000
-0.908,0.308,-1.995,9.96614,-1.50000
-0.984,0.249,-2.078,9.96614,-1.50000
-1.111,0.150,-2.215,9.96614,-1.50000
-1.067,0.184,-2.168,9.96614,-1.50000
-1.095,0.162,-2.198,9.96614,-1.50000
-1.132,0.134,-2.238,9.96614,-1.50000
-1.158,0.113,-2.267,9.96614,-1.50000
-1.191,0.089,-2.302,9.96614,-1.50000
-1.220,0.067,-2.334,9.96614,-1.50000
-1.259,0.037,-2.376,9.96614,-1.50000
-1.394,-0.064,-2.524,9.96614,-1.50000
-1.485,-0.126,-2.624,9.96614,-1.50000
-1.489,-0.129,-2.628,9.96614,-1.50000
-1.486,-0.127,-2.625,9.96614,-1.50000
-1.668,-0.265,-2.820,9.96614,-1.50000
-1.363,-0.042,-2.490,9.96614,-1.50000
-1.078,0.173,-2.179,9.96614,-1.50000
-0.647,0.511,-1.712,9.96614,-1.50000
-0.658,0.503,-1.725,9.96614,-1.50000
-0.863,0.342,-1.946,9.96614,-1.50000
-1.182,0.099,-2.294,9.96614,-1.50000
-1.448,-0.091,-2.586,9.96614,-1.50000
-1.615,-0.199,-2.772,9.96614,-1.50000
-1.704,-0.253,-2.873,9.96614,-1.50000
-1.748,-0.276,-2.924,9.96614,-1.50000
-1.775,-0.287,-2.955,9.96614,-1.50000
32.165,32.604,31.548,9.96614,-1.50000
