Gmag,G_BPmag,G_RPmag,logAge,MH
14.994,17.368,13.626,10.02119,-1.80000
14.693,16.822,13.361,10.02119,-1.80000
13.969,15.688,12.721,10.02119,-1.80000
13.158,14.654,11.972,10.02119,-1.80000
12.669,14.084,11.508,10.02119,-1.80000
12.293,13.661,11.148,10.02119,-1.80000
11.973,13.309,10.839,10.02119,-1.80000
11.719,13.031,10.593,10.02119,-1.80000
11.191,12.457,10.082,10.02119,-1.80000
10.786,12.016,9.691,10.02119,-1.80000
10.454,11.652,9.371,10.02119,-1.80000
10.117,11.280,9.048,10.02119,-1.80000
9.696,10.803,8.650,10.02119,-1.80000
9.230,10.273,8.213,10.02119,-1.80000
8.714,9.698,7.725,10.02119,-1.80000
8.712,9.696,7.723,10.02119,-1.80000
8.206,9.128,7.249,10.02119,-1.80000
8.153,9.067,7.200,10.02119,-1.80000
8.004,8.899,7.061,10.02119,-1.80000
7.869,8.746,6.935,10.02119,-1.80000
7.753,8.616,6.828,10.02119,-1.80000
7.697,8.552,6.775,10.02119,-1.80000
7.658,8.508,6.739,10.02119,-1.80000
7.513,8.346,6.604,10.02119,-1.80000
7.374,8.192,6.474,10.02119,-1.80000
7.243,8.048,6.351,10.02119,-1.80000
7.180,7.978,6.292,10.02119,-1.80000
7.134,7.927,6.248,10.02119,-1.80000
7.000,7.782,6.122,10.02119,-1.80000
6.877,7.648,6.005,10.02119,-1.80000
6.754,7.516,5.888,10.02119,-1.80000
6.640,7.395,5.779,10.02119,-1.80000
6.582,7.332,5.724,10.02119,-1.80000
6.476,7.220,5.622,10.02119,-1.80000
6.351,7.086,5.502,10.02119,-1.80000
6.221,6.950,5.377,10.02119,-1.80000
6.092,6.814,5.252,10.02119,-1.80000
5.964,6.681,5.128,10.02119,-1.80000
5.838,6.550,5.005,10.02119,-1.80000
5.723,6.432,4.892,10.02119,-1.80000
5.647,6.355,4.818,10.02119,-1.80000
5.622,6.329,4.792,10.02119,-1.80000
5.576,6.284,4.747,10.02119,-1.80000
5.441,6.150,4.610,10.02119,-1.80000
5.310,6.024,4.475,10.02119,-1.80000
5.285,6.001,4.450,10.02119,-1.80000
5.258,5.976,4.421,10.02119,-1.80000
5.157,5.885,4.314,10.02119,-1.80000
5.066,5.807,4.214,10.02119,-1.80000
4.983,5.739,4.121,10.02119,-1.80000
4.908,5.682,4.035,10.02119,-1.80000
4.839,5.632,3.954,10.02119,-1.80000
4.775,5.585,3.879,10.02119,-1.80000
4.708,5.535,3.802,10.02119,-1.80000
4.621,5.464,3.706,10.02119,-1.80000
4.531,5.385,3.610,10.02119,-1.80000
4.427,5.289,3.500,10.02119,-1.80000
4.388,5.253,3.461,10.02119,-1.80000
4.281,5.151,3.351,10.02119,-1.80000
4.156,5.031,3.223,10.02119,-1.80000
4.042,4.921,3.107,10.02119,-1.80000
3.926,4.808,2.988,10.02119,-1.80000
3.799,4.685,2.860,10.02119,-1.80000
3.674,4.563,2.732,10.02119,-1.80000
3.552,4.444,2.608,10.02119,-1.80000
3.436,4.331,2.491,10.02119,-1.80000
3.313,4.212,2.367,10.02119,-1.80000
3.185,4.087,2.237,10.02119,-1.80000
3.068,3.973,2.118,10.02119,-1.80000
2.952,3.860,2.000,10.02119,-1.80000
2.833,3.745,1.879,10.02119,-1.80000
2.719,3.634,1.763,10.02119,-1.80000
2.600,3.519,1.642,10.02119,-1.80000
2.486,3.408,1.526,10.02119,-1.80000
2.375,3.301,1.413,10.02119,-1.80000
2.259,3.190,1.296,10.02119,-1.80000
2.146,3.080,1.180,10.02119,-1.80000
2.038,2.976,1.070,10.02119,-1.80000
1.931,2.874,0.961,10.02119,-1.80000
1.819,2.767,0.847,10.02119,-1.80000
1.714,2.666,0.739,10.02119,-1.80000
1.609,2.566,0.632,10.02119,-1.80000
1.504,2.465,0.524,10.02119,-1.80000
1.405,2.370,0.423,10.02119,-1.80000
1.306,2.277,0.322,10.02119,-1.80000
1.216,2.191,0.230,10.02119,-1.80000
1.153,2.131,0.166,10.02119,-1.80000
1.187,2.162,0.200,10.02119,-1.80000
1.191,2.166,0.205,10.02119,-1.80000
1.126,2.104,0.138,10.02119,-1.80000
1.022,2.006,0.031,10.02119,-1.80000
0.920,1.910,-0.073,10.02119,-1.80000
0.821,1.817,-0.175,10.02119,-1.80000
0.728,1.729,-0.271,10.02119,-1.80000
0.632,1.638,-0.370,10.02119,-1.80000
0.540,1.553,-0.465,10.02119,-1.80000
0.444,1.464,-0.564,10.02119,-1.80000
0.354,1.381,-0.657,10.02119,-1.80000
0.242,1.279,-0.773,10.02119,-1.80000
0.135,1.182,-0.884,10.02119,-1.80000
0.045,1.102,-0.978,10.02119,-1.80000
-0.056,1.011,-1.085,10.02119,-1.80000
-0.143,0.935,-1.176,10.02119,-1.80000
-0.239,0.851,-1.277,10.02119,-1.80000
-0.338,0.765,-1.381,10.02119,-1.80000
-0.436,0.682,-1.484,10.02119,-1.80000
-0.526,0.605,-1.580,10.02119,-1.80000
-0.618,0.528,-1.678,10.02119,-1.80000
-0.702,0.457,-1.766,10.02119,-1.80000
-0.787,0.384,-1.858,10.02119,-1.80000
-0.872,0.314,-1.948,10.02119,-1.80000
-0.950,0.249,-2.030,10.02119,-1.80000
-1.028,0.185,-2.114,10.02119,-1.80000
-1.106,0.121,-2.197,10.02119,-1.80000
-1.180,0.059,-2.276,10.02119,-1.80000
-1.256,-0.002,-2.357,10.02119,-1.80000
-1.326,-0.058,-2.433,10.02119,-1.80000
-1.395,-0.113,-2.506,10.02119,-1.80000
-1.449,-0.156,-2.564,10.02119,-1.80000
2.343,3.061,1.505,10.02119,-1.80000
2.287,3.024,1.437,10.02119,-1.80000
2.280,3.017,1.429,10.02119,-1.80000
2.278,3.014,1.429,10.02119,-1.80000
2.278,3.011,1.429,10.02119,-1.80000
2.278,3.008,1.432,10.02119,-1.80000
2.279,3.006,1.435,10.02119,-1.80000
2.280,3.004,1.439,10.02119,-1.80000
2.282,3.002,1.443,10.02119,-1.80000
2.284,3.000,1.448,10.02119,-1.80000
2.286,2.999,1.451,10.02119,-1.80000
2.287,2.997,1.454,10.02119,-1.80000
2.287,2.996,1.456,10.02119,-1.80000
2.287,2.995,1.457,10.02119,-1.80000
2.286,2.994,1.456,10.02119,-1.80000
2.286,2.994,1.456,10.02119,-1.80000
2.286,2.993,1.455,10.02119,-1.80000
2.284,2.993,1.452,10.02119,-1.80000
2.281,2.992,1.447,10.02119,-1.80000
2.276,2.991,1.440,10.02119,-1.80000
2.271,2.990,1.431,10.02119,-1.80000
2.264,2.990,1.421,10.02119,-1.80000
2.256,2.989,1.408,10.02119,-1.80000
2.247,2.988,1.394,10.02119,-1.80000
2.242,2.988,1.386,10.02119,-1.80000
2.241,2.988,1.383,10.02119,-1.80000
2.230,2.987,1.366,10.02119,-1.80000
2.218,2.985,1.349,10.02119,-1.80000
2.206,2.981,1.330,10.02119,-1.80000
2.192,2.977,1.311,10.02119,-1.80000
2.178,2.971,1.293,10.02119,-1.80000
2.165,2.964,1.275,10.02119,-1.80000
2.150,2.956,1.256,10.02119,-1.80000
2.135,2.946,1.237,10.02119,-1.80000
2.117,2.934,1.217,10.02119,-1.80000
2.116,2.932,1.216,10.02119,-1.80000
2.117,2.932,1.217,10.02119,-1.80000
2.076,2.904,1.170,10.02119,-1.80000
2.022,2.862,1.108,10.02119,-1.80000
1.944,2.799,1.022,10.02119,-1.80000
1.857,2.727,0.926,10.02119,-1.80000
1.770,2.652,0.832,10.02119,-1.80000
1.682,2.576,0.737,10.02119,-1.80000
1.593,2.497,0.643,10.02119,-1.80000
1.539,2.449,0.586,10.02119,-1.80000
1.538,2.448,0.586,10.02119,-1.80000
1.482,2.396,0.526,10.02119,-1.80000
1.372,2.296,0.412,10.02119,-1.80000
1.289,2.219,0.325,10.02119,-1.80000
1.220,2.156,0.254,10.02119,-1.80000
1.218,2.154,0.252,10.02119,-1.80000
1.261,2.192,0.297,10.02119,-1.80000
1.291,2.221,0.328,10.02119,-1.80000
1.205,2.142,0.238,10.02119,-1.80000
1.101,2.046,0.130,10.02119,-1.80000
0.999,1.952,0.023,10.02119,-1.80000
0.877,1.840,-0.102,10.02119,-1.80000
0.768,1.738,-0.216,10.02119,-1.80000
0.664,1.642,-0.323,10.02119,-1.80000
0.562,1.548,-0.429,10.02119,-1.80000
0.462,1.455,-0.533,10.02119,-1.80000
0.363,1.364,-0.635,10.02119,-1.80000
0.264,1.273,-0.738,10.02119,-1.80000
0.164,1.182,-0.843,10.02119,-1.80000
0.064,1.092,-0.947,10.02119,-1.80000
-0.034,1.005,-1.050,10.02119,-1.80000
-0.131,0.920,-1.152,10.02119,-1.80000
-0.228,0.835,-1.254,10.02119,-1.80000
-0.326,0.751,-1.357,10.02119,-1.80000
-0.422,0.668,-1.460,10.02119,-1.80000
-0.524,0.583,-1.568,10.02119,-1.80000
-0.627,0.497,-1.679,10.02119,-1.80000
-0.723,0.421,-1.782,10.02119,-1.80000
-0.808,0.351,-1.874,10.02119,-1.80000
-0.895,0.280,-1.967,10.02119,-1.80000
-0.982,0.209,-2.060,10.02119,-1.80000
-1.095,0.118,-2.181,10.02119,-1.80000
-1.136,0.085,-2.225,10.02119,-1.80000
-1.181,0.049,-2.274,10.02119,-1.80000
-1.271,-0.022,-2.371,10.02119,-1.80000
-1.403,-0.124,-2.513,10.02119,-1.80000
-1.429,-0.144,-2.541,10.02119,-1.80000
-1.494,-0.180,-2.617,10.02119,-1.80000
-1.065,0.156,-2.154,10.02119,-1.80000
-0.732,0.424,-1.796,10.02119,-1.80000
-0.238,0.826,-1.265,10.02119,-1.80000
-0.254,0.814,-1.282,10.02119,-1.80000
-0.471,0.635,-1.516,10.02119,-1.80000
-0.878,0.312,-1.955,10.02119,-1.80000
-1.224,0.040,-2.329,10.02119,-1.80000
-1.450,-0.128,-2.574,10.02119,-1.80000
-1.571,-0.210,-2.709,10.02119,-1.80000
-1.633,-0.249,-2.779,10.02119,-1.80000
-1.672,-0.270,-2.823,10.02119,-1.80000
32.171,32.610,31.554,10.02119,-1.80000
