Gmag,G_BPmag,G_RPmag,logAge,MH
14.922,17.178,13.570,10.07918,-1.90000
14.246,16.068,12.974,10.07918,-1.90000
13.874,15.527,12.643,10.07918,-1.90000
13.072,14.524,11.899,10.07918,-1.90000
12.584,13.962,11.436,10.07918,-1.90000
12.208,13.542,11.074,10.07918,-1.90000
11.637,12.920,10.521,10.07918,-1.90000
11.116,12.354,10.017,10.07918,-1.90000
10.715,11.918,9.630,10.07918,-1.90000
10.384,11.556,9.311,10.07918,-1.90000
10.052,11.192,8.992,10.07918,-1.90000
9.640,10.728,8.602,10.07918,-1.90000
9.184,10.215,8.172,10.07918,-1.90000
8.657,9.632,7.672,10.07918,-1.90000
8.135,9.046,7.183,10.07918,-1.90000
8.053,8.954,7.107,10.07918,-1.90000
7.933,8.819,6.995,10.07918,-1.90000
7.828,8.700,6.897,10.07918,-1.90000
7.725,8.584,6.801,10.07918,-1.90000
7.603,8.447,6.688,10.07918,-1.90000
7.599,8.442,6.684,10.07918,-1.90000
7.500,8.332,6.592,10.07918,-1.90000
7.387,8.208,6.486,10.07918,-1.90000
7.278,8.087,6.383,10.07918,-1.90000
7.170,7.969,6.281,10.07918,-1.90000
7.071,7.861,6.188,10.07918,-1.90000
7.027,7.813,6.146,10.07918,-1.90000
6.907,7.684,6.032,10.07918,-1.90000
6.792,7.559,5.922,10.07918,-1.90000
6.670,7.430,5.806,10.07918,-1.90000
6.559,7.312,5.700,10.07918,-1.90000
6.444,7.190,5.589,10.07918,-1.90000
6.320,7.060,5.468,10.07918,-1.90000
6.268,7.005,5.418,10.07918,-1.90000
6.242,6.978,5.393,10.07918,-1.90000
6.076,6.805,5.232,10.07918,-1.90000
5.956,6.681,5.115,10.07918,-1.90000
5.835,6.556,4.996,10.07918,-1.90000
5.728,6.448,4.890,10.07918,-1.90000
5.680,6.399,4.842,10.07918,-1.90000
5.537,6.260,4.698,10.07918,-1.90000
5.424,6.150,4.581,10.07918,-1.90000
5.397,6.125,4.553,10.07918,-1.90000
5.369,6.100,4.524,10.07918,-1.90000
5.266,6.006,4.414,10.07918,-1.90000
5.171,5.923,4.311,10.07918,-1.90000
5.082,5.850,4.213,10.07918,-1.90000
5.002,5.786,4.121,10.07918,-1.90000
4.926,5.728,4.035,10.07918,-1.90000
4.852,5.670,3.951,10.07918,-1.90000
4.772,5.606,3.863,10.07918,-1.90000
4.672,5.519,3.754,10.07918,-1.90000
4.573,5.430,3.650,10.07918,-1.90000
4.499,5.361,3.572,10.07918,-1.90000
4.424,5.290,3.495,10.07918,-1.90000
4.321,5.191,3.390,10.07918,-1.90000
4.211,5.085,3.277,10.07918,-1.90000
4.099,4.977,3.163,10.07918,-1.90000
3.972,4.853,3.034,10.07918,-1.90000
3.857,4.742,2.918,10.07918,-1.90000
3.733,4.621,2.792,10.07918,-1.90000
3.600,4.492,2.657,10.07918,-1.90000
3.483,4.377,2.538,10.07918,-1.90000
3.360,4.257,2.413,10.07918,-1.90000
3.239,4.140,2.292,10.07918,-1.90000
3.121,4.025,2.171,10.07918,-1.90000
3.005,3.912,2.053,10.07918,-1.90000
2.885,3.795,1.932,10.07918,-1.90000
2.768,3.682,1.813,10.07918,-1.90000
2.655,3.572,1.698,10.07918,-1.90000
2.543,3.464,1.585,10.07918,-1.90000
2.429,3.353,1.469,10.07918,-1.90000
2.319,3.247,1.357,10.07918,-1.90000
2.209,3.141,1.244,10.07918,-1.90000
2.099,3.035,1.132,10.07918,-1.90000
1.993,2.933,1.025,10.07918,-1.90000
1.889,2.832,0.918,10.07918,-1.90000
1.780,2.728,0.808,10.07918,-1.90000
1.762,2.711,0.789,10.07918,-1.90000
1.724,2.674,0.750,10.07918,-1.90000
1.612,2.567,0.635,10.07918,-1.90000
1.499,2.459,0.520,10.07918,-1.90000
1.392,2.357,0.411,10.07918,-1.90000
1.279,2.249,0.296,10.07918,-1.90000
1.178,2.152,0.192,10.07918,-1.90000
1.142,2.119,0.155,10.07918,-1.90000
1.165,2.139,0.179,10.07918,-1.90000
1.148,2.123,0.161,10.07918,-1.90000
1.044,2.025,0.055,10.07918,-1.90000
0.934,1.920,-0.058,10.07918,-1.90000
0.834,1.826,-0.160,10.07918,-1.90000
0.730,1.728,-0.267,10.07918,-1.90000
0.626,1.629,-0.374,10.07918,-1.90000
0.527,1.537,-0.476,10.07918,-1.90000
0.421,1.438,-0.585,10.07918,-1.90000
0.320,1.345,-0.690,10.07918,-1.90000
0.220,1.253,-0.794,10.07918,-1.90000
0.118,1.160,-0.899,10.07918,-1.90000
0.000,1.055,-1.022,10.07918,-1.90000
-0.102,0.962,-1.129,10.07918,-1.90000
-0.215,0.863,-1.248,10.07918,-1.90000
-0.316,0.774,-1.353,10.07918,-1.90000
-0.424,0.682,-1.468,10.07918,-1.90000
-0.520,0.598,-1.570,10.07918,-1.90000
-0.628,0.509,-1.685,10.07918,-1.90000
-0.744,0.412,-1.808,10.07918,-1.90000
-0.843,0.331,-1.914,10.07918,-1.90000
-0.935,0.253,-2.010,10.07918,-1.90000
-1.033,0.172,-2.115,10.07918,-1.90000
-1.141,0.081,-2.230,10.07918,-1.90000
-1.236,0.004,-2.331,10.07918,-1.90000
-1.338,-0.081,-2.440,10.07918,-1.90000
-1.433,-0.157,-2.543,10.07918,-1.90000
-1.456,-0.175,-2.567,10.07918,-1.90000
2.525,3.094,1.796,10.07918,-1.90000
2.483,3.067,1.743,10.07918,-1.90000
2.447,3.039,1.700,10.07918,-1.90000
2.448,3.038,1.702,10.07918,-1.90000
2.449,3.037,1.705,10.07918,-1.90000
2.451,3.037,1.709,10.07918,-1.90000
2.453,3.036,1.713,10.07918,-1.90000
2.456,3.036,1.717,10.07918,-1.90000
2.458,3.036,1.721,10.07918,-1.90000
2.459,3.036,1.724,10.07918,-1.90000
2.459,3.036,1.724,10.07918,-1.90000
2.458,3.035,1.723,10.07918,-1.90000
2.456,3.034,1.720,10.07918,-1.90000
2.451,3.032,1.714,10.07918,-1.90000
2.446,3.029,1.705,10.07918,-1.90000
2.438,3.026,1.695,10.07918,-1.90000
2.429,3.023,1.680,10.07918,-1.90000
2.418,3.019,1.664,10.07918,-1.90000
2.406,3.016,1.646,10.07918,-1.90000
2.393,3.013,1.624,10.07918,-1.90000
2.377,3.009,1.599,10.07918,-1.90000
2.360,3.006,1.573,10.07918,-1.90000
2.359,3.005,1.571,10.07918,-1.90000
2.356,3.005,1.566,10.07918,-1.90000
2.338,3.001,1.537,10.07918,-1.90000
2.320,2.998,1.510,10.07918,-1.90000
2.301,2.995,1.479,10.07918,-1.90000
2.281,2.992,1.447,10.07918,-1.90000
2.263,2.989,1.420,10.07918,-1.90000
2.244,2.985,1.391,10.07918,-1.90000
2.226,2.980,1.364,10.07918,-1.90000
2.208,2.974,1.338,10.07918,-1.90000
2.188,2.965,1.311,10.07918,-1.90000
2.162,2.952,1.278,10.07918,-1.90000
2.187,2.970,1.308,10.07918,-1.90000
2.147,2.946,1.257,10.07918,-1.90000
2.099,2.913,1.200,10.07918,-1.90000
2.025,2.858,1.115,10.07918,-1.90000
1.940,2.791,1.020,10.07918,-1.90000
1.850,2.717,0.921,10.07918,-1.90000
1.756,2.638,0.818,10.07918,-1.90000
1.662,2.557,0.718,10.07918,-1.90000
1.600,2.501,0.652,10.07918,-1.90000
1.574,2.477,0.624,10.07918,-1.90000
1.476,2.388,0.521,10.07918,-1.90000
1.381,2.301,0.422,10.07918,-1.90000
1.307,2.232,0.345,10.07918,-1.90000
1.251,2.181,0.288,10.07918,-1.90000
1.214,2.147,0.249,10.07918,-1.90000
1.260,2.188,0.297,10.07918,-1.90000
1.281,2.209,0.319,10.07918,-1.90000
1.225,2.158,0.260,10.07918,-1.90000
1.113,2.055,0.144,10.07918,-1.90000
0.988,1.939,0.014,10.07918,-1.90000
0.864,1.824,-0.114,10.07918,-1.90000
0.754,1.722,-0.228,10.07918,-1.90000
0.649,1.624,-0.338,10.07918,-1.90000
0.546,1.528,-0.444,10.07918,-1.90000
0.445,1.435,-0.548,10.07918,-1.90000
0.346,1.343,-0.651,10.07918,-1.90000
0.247,1.251,-0.754,10.07918,-1.90000
0.146,1.159,-0.858,10.07918,-1.90000
0.046,1.068,-0.963,10.07918,-1.90000
-0.054,0.979,-1.067,10.07918,-1.90000
-0.152,0.892,-1.170,10.07918,-1.90000
-0.249,0.807,-1.273,10.07918,-1.90000
-0.349,0.720,-1.377,10.07918,-1.90000
-0.448,0.635,-1.483,10.07918,-1.90000
-0.546,0.552,-1.586,10.07918,-1.90000
-0.645,0.469,-1.692,10.07918,-1.90000
-0.742,0.391,-1.796,10.07918,-1.90000
-0.845,0.310,-1.908,10.07918,-1.90000
-0.944,0.230,-2.015,10.07918,-1.90000
-0.997,0.186,-2.071,10.07918,-1.90000
-1.010,0.176,-2.085,10.07918,-1.90000
-1.011,0.175,-2.087,10.07918,-1.90000
-1.013,0.174,-2.088,10.07918,-1.90000
-1.016,0.171,-2.092,10.07918,-1.90000
-1.019,0.169,-2.094,10.07918,-1.90000
-1.023,0.165,-2.099,10.07918,-1.90000
-1.043,0.149,-2.120,10.07918,-1.90000
-1.151,0.062,-2.236,10.07918,-1.90000
-1.305,-0.062,-2.402,10.07918,-1.90000
-1.334,-0.085,-2.433,10.07918,-1.90000
-1.319,-0.052,-2.425,10.07918,-1.90000
-0.811,0.357,-1.879,10.07918,-1.90000
-0.444,0.651,-1.484,10.07918,-1.90000
0.063,1.086,-0.945,10.07918,-1.90000
0.047,1.072,-0.963,10.07918,-1.90000
-0.175,0.880,-1.199,10.07918,-1.90000
-0.630,0.507,-1.686,10.07918,-1.90000
-1.015,0.200,-2.102,10.07918,-1.90000
-1.267,0.002,-2.374,10.07918,-1.90000
-1.404,-0.100,-2.523,10.07918,-1.90000
-1.475,-0.148,-2.601,10.07918,-1.90000
-1.518,-0.175,-2.650,10.07918,-1.90000
32.173,32.612,31.555,10.07918,-1.90000
