Gmag,G_BPmag,G_RPmag,logAge,MH
14.990,17.384,13.618,10.16879,-1.75000
14.217,16.070,12.939,10.16879,-1.75000
14.000,15.748,12.746,10.16879,-1.75000
13.981,15.722,12.728,10.16879,-1.75000
13.188,14.704,11.996,10.16879,-1.75000
12.690,14.121,11.523,10.16879,-1.75000
12.306,13.689,11.156,10.16879,-1.75000
11.730,13.056,10.599,10.16879,-1.75000
11.209,12.487,10.095,10.16879,-1.75000
10.810,12.051,9.709,10.16879,-1.75000
10.500,11.711,9.411,10.16879,-1.75000
10.481,11.690,9.393,10.16879,-1.75000
10.121,11.291,9.048,10.16879,-1.75000
9.676,10.785,8.629,10.16879,-1.75000
9.178,10.216,8.162,10.16879,-1.75000
8.629,9.606,7.644,10.16879,-1.75000
8.603,9.578,7.619,10.16879,-1.75000
8.037,8.940,7.089,10.16879,-1.75000
7.993,8.891,7.048,10.16879,-1.75000
7.890,8.775,6.951,10.16879,-1.75000
7.790,8.664,6.858,10.16879,-1.75000
7.675,8.536,6.751,10.16879,-1.75000
7.564,8.411,6.647,10.16879,-1.75000
7.455,8.290,6.546,10.16879,-1.75000
7.440,8.273,6.531,10.16879,-1.75000
7.426,8.258,6.518,10.16879,-1.75000
7.306,8.127,6.405,10.16879,-1.75000
7.190,8.000,6.295,10.16879,-1.75000
7.072,7.872,6.183,10.16879,-1.75000
6.963,7.755,6.080,10.16879,-1.75000
6.851,7.634,5.973,10.16879,-1.75000
6.707,7.480,5.834,10.16879,-1.75000
6.699,7.472,5.827,10.16879,-1.75000
6.575,7.341,5.707,10.16879,-1.75000
6.417,7.176,5.554,10.16879,-1.75000
6.255,7.008,5.396,10.16879,-1.75000
6.130,6.879,5.273,10.16879,-1.75000
6.011,6.758,5.156,10.16879,-1.75000
5.982,6.728,5.126,10.16879,-1.75000
5.939,6.685,5.083,10.16879,-1.75000
5.808,6.556,4.951,10.16879,-1.75000
5.692,6.444,4.832,10.16879,-1.75000
5.644,6.399,4.782,10.16879,-1.75000
5.588,6.347,4.724,10.16879,-1.75000
5.464,6.235,4.592,10.16879,-1.75000
5.353,6.139,4.472,10.16879,-1.75000
5.252,6.054,4.361,10.16879,-1.75000
5.154,5.974,4.253,10.16879,-1.75000
5.048,5.885,4.137,10.16879,-1.75000
4.959,5.807,4.041,10.16879,-1.75000
4.900,5.754,3.978,10.16879,-1.75000
4.798,5.660,3.872,10.16879,-1.75000
4.721,5.587,3.792,10.16879,-1.75000
4.683,5.551,3.753,10.16879,-1.75000
4.578,5.451,3.646,10.16879,-1.75000
4.455,5.333,3.521,10.16879,-1.75000
4.344,5.224,3.408,10.16879,-1.75000
4.231,5.114,3.293,10.16879,-1.75000
4.107,4.994,3.167,10.16879,-1.75000
3.984,4.874,3.042,10.16879,-1.75000
3.864,4.757,2.921,10.16879,-1.75000
3.750,4.646,2.806,10.16879,-1.75000
3.630,4.528,2.683,10.16879,-1.75000
3.502,4.404,2.554,10.16879,-1.75000
3.385,4.290,2.436,10.16879,-1.75000
3.269,4.176,2.318,10.16879,-1.75000
3.149,4.059,2.196,10.16879,-1.75000
3.032,3.946,2.077,10.16879,-1.75000
2.911,3.828,1.954,10.16879,-1.75000
2.794,3.715,1.835,10.16879,-1.75000
2.680,3.604,1.719,10.16879,-1.75000
2.561,3.490,1.599,10.16879,-1.75000
2.443,3.375,1.478,10.16879,-1.75000
2.329,3.266,1.362,10.16879,-1.75000
2.215,3.156,1.246,10.16879,-1.75000
2.096,3.041,1.124,10.16879,-1.75000
1.981,2.932,1.008,10.16879,-1.75000
1.868,2.823,0.891,10.16879,-1.75000
1.751,2.711,0.772,10.16879,-1.75000
1.640,2.605,0.659,10.16879,-1.75000
1.529,2.500,0.546,10.16879,-1.75000
1.424,2.399,0.438,10.16879,-1.75000
1.358,2.336,0.370,10.16879,-1.75000
1.373,2.349,0.386,10.16879,-1.75000
1.356,2.334,0.369,10.16879,-1.75000
1.250,2.234,0.260,10.16879,-1.75000
1.147,2.136,0.154,10.16879,-1.75000
1.042,2.036,0.046,10.16879,-1.75000
0.946,1.947,-0.052,10.16879,-1.75000
0.847,1.853,-0.154,10.16879,-1.75000
0.752,1.765,-0.252,10.16879,-1.75000
0.656,1.676,-0.351,10.16879,-1.75000
0.561,1.587,-0.450,10.16879,-1.75000
0.447,1.483,-0.567,10.16879,-1.75000
0.356,1.400,-0.663,10.16879,-1.75000
0.247,1.303,-0.776,10.16879,-1.75000
0.140,1.207,-0.889,10.16879,-1.75000
0.029,1.109,-1.004,10.16879,-1.75000
-0.069,1.024,-1.107,10.16879,-1.75000
-0.174,0.931,-1.218,10.16879,-1.75000
-0.272,0.848,-1.322,10.16879,-1.75000
-0.370,0.765,-1.425,10.16879,-1.75000
-0.465,0.683,-1.526,10.16879,-1.75000
-0.554,0.607,-1.620,10.16879,-1.75000
-0.645,0.529,-1.717,10.16879,-1.75000
-0.730,0.459,-1.807,10.16879,-1.75000
-0.814,0.389,-1.896,10.16879,-1.75000
-0.902,0.315,-1.990,10.16879,-1.75000
-0.980,0.252,-2.073,10.16879,-1.75000
-1.064,0.182,-2.162,10.16879,-1.75000
-1.142,0.119,-2.246,10.16879,-1.75000
-1.220,0.057,-2.329,10.16879,-1.75000
-1.298,-0.006,-2.413,10.16879,-1.75000
-1.371,-0.064,-2.491,10.16879,-1.75000
-1.449,-0.126,-2.575,10.16879,-1.75000
2.744,3.228,2.087,10.16879,-1.75000
2.715,3.204,2.054,10.16879,-1.75000
2.668,3.164,2.000,10.16879,-1.75000
2.662,3.158,1.995,10.16879,-1.75000
2.666,3.161,2.000,10.16879,-1.75000
2.671,3.164,2.006,10.16879,-1.75000
2.675,3.167,2.011,10.16879,-1.75000
2.679,3.170,2.016,10.16879,-1.75000
2.681,3.171,2.019,10.16879,-1.75000
2.682,3.172,2.020,10.16879,-1.75000
2.681,3.171,2.019,10.16879,-1.75000
2.678,3.169,2.015,10.16879,-1.75000
2.672,3.164,2.008,10.16879,-1.75000
2.663,3.157,1.997,10.16879,-1.75000
2.651,3.149,1.982,10.16879,-1.75000
2.649,3.147,1.979,10.16879,-1.75000
2.641,3.142,1.969,10.16879,-1.75000
2.624,3.130,1.948,10.16879,-1.75000
2.606,3.117,1.924,10.16879,-1.75000
2.586,3.105,1.899,10.16879,-1.75000
2.563,3.090,1.868,10.16879,-1.75000
2.539,3.076,1.836,10.16879,-1.75000
2.514,3.063,1.801,10.16879,-1.75000
2.499,3.055,1.779,10.16879,-1.75000
2.490,3.051,1.768,10.16879,-1.75000
2.465,3.040,1.731,10.16879,-1.75000
2.438,3.029,1.692,10.16879,-1.75000
2.412,3.020,1.653,10.16879,-1.75000
2.386,3.011,1.613,10.16879,-1.75000
2.360,3.003,1.575,10.16879,-1.75000
2.336,2.995,1.539,10.16879,-1.75000
2.312,2.988,1.504,10.16879,-1.75000
2.288,2.979,1.468,10.16879,-1.75000
2.261,2.969,1.430,10.16879,-1.75000
2.242,2.965,1.401,10.16879,-1.75000
2.211,2.954,1.357,10.16879,-1.75000
2.173,2.935,1.307,10.16879,-1.75000
2.141,2.918,1.266,10.16879,-1.75000
2.103,2.895,1.218,10.16879,-1.75000
2.070,2.875,1.177,10.16879,-1.75000
2.025,2.845,1.123,10.16879,-1.75000
1.971,2.807,1.060,10.16879,-1.75000
1.918,2.767,0.999,10.16879,-1.75000
1.843,2.707,0.916,10.16879,-1.75000
1.760,2.639,0.825,10.16879,-1.75000
1.675,2.565,0.732,10.16879,-1.75000
1.633,2.530,0.688,10.16879,-1.75000
1.557,2.461,0.607,10.16879,-1.75000
1.457,2.371,0.502,10.16879,-1.75000
1.364,2.287,0.404,10.16879,-1.75000
1.286,2.216,0.323,10.16879,-1.75000
1.211,2.146,0.245,10.16879,-1.75000
1.216,2.150,0.250,10.16879,-1.75000
1.275,2.205,0.312,10.16879,-1.75000
1.270,2.201,0.305,10.16879,-1.75000
1.183,2.122,0.215,10.16879,-1.75000
1.060,2.010,0.087,10.16879,-1.75000
0.951,1.910,-0.027,10.16879,-1.75000
0.840,1.808,-0.142,10.16879,-1.75000
0.737,1.714,-0.249,10.16879,-1.75000
0.635,1.620,-0.356,10.16879,-1.75000
0.534,1.526,-0.461,10.16879,-1.75000
0.435,1.436,-0.563,10.16879,-1.75000
0.336,1.345,-0.667,10.16879,-1.75000
0.235,1.254,-0.772,10.16879,-1.75000
0.135,1.165,-0.877,10.16879,-1.75000
0.035,1.078,-0.982,10.16879,-1.75000
-0.063,0.992,-1.086,10.16879,-1.75000
-0.161,0.907,-1.189,10.16879,-1.75000
-0.259,0.824,-1.293,10.16879,-1.75000
-0.357,0.740,-1.398,10.16879,-1.75000
-0.453,0.661,-1.500,10.16879,-1.75000
-0.550,0.582,-1.604,10.16879,-1.75000
-0.643,0.508,-1.704,10.16879,-1.75000
-0.738,0.430,-1.807,10.16879,-1.75000
-0.831,0.354,-1.906,10.16879,-1.75000
-0.931,0.274,-2.013,10.16879,-1.75000
-0.906,0.294,-1.987,10.16879,-1.75000
-0.925,0.279,-2.007,10.16879,-1.75000
-0.971,0.242,-2.056,10.16879,-1.75000
-1.039,0.187,-2.130,10.16879,-1.75000
-1.103,0.136,-2.199,10.16879,-1.75000
-1.195,0.064,-2.298,10.16879,-1.75000
-1.382,-0.072,-2.504,10.16879,-1.75000
-0.933,0.281,-2.020,10.16879,-1.75000
-0.577,0.569,-1.637,10.16879,-1.75000
-0.105,0.955,-1.130,10.16879,-1.75000
-0.117,0.946,-1.143,10.16879,-1.75000
-0.354,0.749,-1.396,10.16879,-1.75000
-0.761,0.423,-1.836,10.16879,-1.75000
-1.102,0.152,-2.203,10.16879,-1.75000
-1.320,-0.014,-2.440,10.16879,-1.75000
-1.435,-0.095,-2.566,10.16879,-1.75000
-1.491,-0.132,-2.628,10.16879,-1.75000
-1.523,-0.152,-2.665,10.16879,-1.75000
32.170,32.609,31.553,10.16879,-1.75000
