Gmag,G_BPmag,G_RPmag,logAge,MH
15.008,17.445,13.630,10.15382,-1.70000
14.802,17.055,13.451,10.15382,-1.70000
14.044,15.826,12.781,10.15382,-1.70000
13.230,14.771,12.030,10.15382,-1.70000
12.731,14.183,11.559,10.15382,-1.70000
12.348,13.748,11.192,10.15382,-1.70000
11.769,13.110,10.633,10.15382,-1.70000
11.245,12.538,10.126,10.15382,-1.70000
10.845,12.101,9.739,10.15382,-1.70000
10.517,11.741,9.423,10.15382,-1.70000
10.153,11.336,9.075,10.15382,-1.70000
9.894,11.040,8.832,10.15382,-1.70000
9.703,10.822,8.651,10.15382,-1.70000
9.198,10.242,8.180,10.15382,-1.70000
8.626,9.604,7.640,10.15382,-1.70000
8.066,8.974,7.116,10.15382,-1.70000
8.058,8.965,7.109,10.15382,-1.70000
7.949,8.842,7.006,10.15382,-1.70000
7.846,8.727,6.911,10.15382,-1.70000
7.747,8.616,6.818,10.15382,-1.70000
7.633,8.488,6.712,10.15382,-1.70000
7.522,8.364,6.608,10.15382,-1.70000
7.483,8.320,6.571,10.15382,-1.70000
7.385,8.213,6.479,10.15382,-1.70000
7.266,8.083,6.367,10.15382,-1.70000
7.151,7.957,6.258,10.15382,-1.70000
7.033,7.829,6.146,10.15382,-1.70000
6.925,7.713,6.043,10.15382,-1.70000
6.814,7.594,5.937,10.15382,-1.70000
6.796,7.574,5.920,10.15382,-1.70000
6.780,7.557,5.904,10.15382,-1.70000
6.665,7.436,5.794,10.15382,-1.70000
6.543,7.307,5.676,10.15382,-1.70000
6.388,7.145,5.526,10.15382,-1.70000
6.229,6.980,5.371,10.15382,-1.70000
6.107,6.854,5.250,10.15382,-1.70000
5.991,6.736,5.136,10.15382,-1.70000
5.963,6.708,5.108,10.15382,-1.70000
5.919,6.664,5.064,10.15382,-1.70000
5.789,6.536,4.933,10.15382,-1.70000
5.673,6.424,4.814,10.15382,-1.70000
5.626,6.379,4.765,10.15382,-1.70000
5.589,6.345,4.727,10.15382,-1.70000
5.493,6.257,4.626,10.15382,-1.70000
5.399,6.174,4.525,10.15382,-1.70000
5.313,6.101,4.431,10.15382,-1.70000
5.233,6.034,4.343,10.15382,-1.70000
5.158,5.973,4.260,10.15382,-1.70000
5.081,5.910,4.174,10.15382,-1.70000
4.997,5.839,4.083,10.15382,-1.70000
4.892,5.746,3.971,10.15382,-1.70000
4.792,5.654,3.866,10.15382,-1.70000
4.716,5.582,3.787,10.15382,-1.70000
4.678,5.546,3.748,10.15382,-1.70000
4.573,5.446,3.641,10.15382,-1.70000
4.451,5.329,3.516,10.15382,-1.70000
4.340,5.220,3.403,10.15382,-1.70000
4.226,5.110,3.288,10.15382,-1.70000
4.102,4.990,3.162,10.15382,-1.70000
3.979,4.870,3.038,10.15382,-1.70000
3.859,4.753,2.916,10.15382,-1.70000
3.746,4.642,2.801,10.15382,-1.70000
3.625,4.524,2.679,10.15382,-1.70000
3.498,4.400,2.550,10.15382,-1.70000
3.381,4.286,2.432,10.15382,-1.70000
3.265,4.173,2.314,10.15382,-1.70000
3.146,4.057,2.192,10.15382,-1.70000
3.030,3.944,2.075,10.15382,-1.70000
2.909,3.828,1.952,10.15382,-1.70000
2.793,3.715,1.834,10.15382,-1.70000
2.680,3.605,1.719,10.15382,-1.70000
2.562,3.492,1.599,10.15382,-1.70000
2.445,3.378,1.480,10.15382,-1.70000
2.332,3.270,1.365,10.15382,-1.70000
2.220,3.162,1.251,10.15382,-1.70000
2.102,3.049,1.130,10.15382,-1.70000
1.990,2.941,1.015,10.15382,-1.70000
1.878,2.834,0.901,10.15382,-1.70000
1.763,2.724,0.784,10.15382,-1.70000
1.655,2.621,0.673,10.15382,-1.70000
1.548,2.519,0.564,10.15382,-1.70000
1.446,2.422,0.460,10.15382,-1.70000
1.381,2.360,0.393,10.15382,-1.70000
1.400,2.378,0.413,10.15382,-1.70000
1.383,2.361,0.395,10.15382,-1.70000
1.277,2.261,0.287,10.15382,-1.70000
1.174,2.164,0.181,10.15382,-1.70000
1.068,2.064,0.072,10.15382,-1.70000
0.973,1.974,-0.026,10.15382,-1.70000
0.873,1.881,-0.128,10.15382,-1.70000
0.777,1.792,-0.227,10.15382,-1.70000
0.681,1.702,-0.327,10.15382,-1.70000
0.585,1.614,-0.426,10.15382,-1.70000
0.472,1.510,-0.544,10.15382,-1.70000
0.380,1.426,-0.640,10.15382,-1.70000
0.270,1.328,-0.754,10.15382,-1.70000
0.162,1.232,-0.867,10.15382,-1.70000
0.051,1.133,-0.984,10.15382,-1.70000
-0.048,1.048,-1.088,10.15382,-1.70000
-0.154,0.955,-1.200,10.15382,-1.70000
-0.253,0.871,-1.305,10.15382,-1.70000
-0.350,0.788,-1.407,10.15382,-1.70000
-0.446,0.705,-1.508,10.15382,-1.70000
-0.536,0.628,-1.603,10.15382,-1.70000
-0.629,0.550,-1.702,10.15382,-1.70000
-0.714,0.479,-1.793,10.15382,-1.70000
-0.799,0.408,-1.883,10.15382,-1.70000
-0.889,0.333,-1.979,10.15382,-1.70000
-0.967,0.270,-2.062,10.15382,-1.70000
-1.051,0.201,-2.152,10.15382,-1.70000
-1.131,0.137,-2.238,10.15382,-1.70000
-1.210,0.074,-2.322,10.15382,-1.70000
-1.290,0.010,-2.408,10.15382,-1.70000
-1.364,-0.049,-2.487,10.15382,-1.70000
-1.444,-0.111,-2.573,10.15382,-1.70000
2.607,3.141,1.907,10.15382,-1.70000
2.590,3.128,1.886,10.15382,-1.70000
2.541,3.092,1.828,10.15382,-1.70000
2.537,3.086,1.824,10.15382,-1.70000
2.540,3.087,1.829,10.15382,-1.70000
2.544,3.088,1.836,10.15382,-1.70000
2.549,3.090,1.843,10.15382,-1.70000
2.555,3.092,1.851,10.15382,-1.70000
2.559,3.094,1.858,10.15382,-1.70000
2.563,3.096,1.864,10.15382,-1.70000
2.565,3.097,1.867,10.15382,-1.70000
2.566,3.097,1.868,10.15382,-1.70000
2.564,3.095,1.866,10.15382,-1.70000
2.560,3.093,1.861,10.15382,-1.70000
2.553,3.089,1.851,10.15382,-1.70000
2.551,3.088,1.849,10.15382,-1.70000
2.546,3.085,1.842,10.15382,-1.70000
2.534,3.078,1.826,10.15382,-1.70000
2.522,3.072,1.809,10.15382,-1.70000
2.508,3.065,1.788,10.15382,-1.70000
2.490,3.057,1.763,10.15382,-1.70000
2.471,3.049,1.736,10.15382,-1.70000
2.452,3.042,1.706,10.15382,-1.70000
2.439,3.037,1.687,10.15382,-1.70000
2.432,3.035,1.677,10.15382,-1.70000
2.411,3.029,1.645,10.15382,-1.70000
2.388,3.022,1.609,10.15382,-1.70000
2.364,3.016,1.572,10.15382,-1.70000
2.340,3.010,1.535,10.15382,-1.70000
2.316,3.004,1.499,10.15382,-1.70000
2.293,2.997,1.465,10.15382,-1.70000
2.271,2.990,1.432,10.15382,-1.70000
2.247,2.982,1.399,10.15382,-1.70000
2.220,2.970,1.361,10.15382,-1.70000
2.216,2.973,1.354,10.15382,-1.70000
2.188,2.962,1.314,10.15382,-1.70000
2.147,2.938,1.262,10.15382,-1.70000
2.116,2.919,1.224,10.15382,-1.70000
2.075,2.890,1.176,10.15382,-1.70000
2.043,2.867,1.138,10.15382,-1.70000
1.996,2.832,1.084,10.15382,-1.70000
1.941,2.790,1.023,10.15382,-1.70000
1.889,2.748,0.964,10.15382,-1.70000
1.813,2.685,0.880,10.15382,-1.70000
1.728,2.614,0.789,10.15382,-1.70000
1.640,2.537,0.694,10.15382,-1.70000
1.599,2.501,0.650,10.15382,-1.70000
1.524,2.433,0.571,10.15382,-1.70000
1.430,2.349,0.473,10.15382,-1.70000
1.341,2.268,0.379,10.15382,-1.70000
1.282,2.213,0.317,10.15382,-1.70000
1.225,2.160,0.258,10.15382,-1.70000
1.245,2.179,0.280,10.15382,-1.70000
1.299,2.229,0.336,10.15382,-1.70000
1.276,2.209,0.311,10.15382,-1.70000
1.191,2.132,0.223,10.15382,-1.70000
1.068,2.019,0.094,10.15382,-1.70000
0.945,1.906,-0.035,10.15382,-1.70000
0.820,1.792,-0.164,10.15382,-1.70000
0.713,1.694,-0.276,10.15382,-1.70000
0.608,1.597,-0.386,10.15382,-1.70000
0.505,1.504,-0.492,10.15382,-1.70000
0.406,1.413,-0.595,10.15382,-1.70000
0.304,1.321,-0.701,10.15382,-1.70000
0.203,1.230,-0.808,10.15382,-1.70000
0.102,1.141,-0.914,10.15382,-1.70000
0.002,1.054,-1.019,10.15382,-1.70000
-0.097,0.969,-1.124,10.15382,-1.70000
-0.193,0.886,-1.226,10.15382,-1.70000
-0.290,0.804,-1.329,10.15382,-1.70000
-0.390,0.721,-1.435,10.15382,-1.70000
-0.485,0.642,-1.538,10.15382,-1.70000
-0.581,0.565,-1.641,10.15382,-1.70000
-0.673,0.490,-1.739,10.15382,-1.70000
-0.768,0.412,-1.842,10.15382,-1.70000
-0.861,0.336,-1.941,10.15382,-1.70000
-0.968,0.251,-2.056,10.15382,-1.70000
-0.937,0.276,-2.023,10.15382,-1.70000
-0.958,0.259,-2.046,10.15382,-1.70000
-1.044,0.191,-2.138,10.15382,-1.70000
-1.138,0.118,-2.240,10.15382,-1.70000
-1.213,0.060,-2.321,10.15382,-1.70000
-1.298,-0.005,-2.413,10.15382,-1.70000
-1.316,-0.020,-2.433,10.15382,-1.70000
-1.471,-0.133,-2.602,10.15382,-1.70000
-1.062,0.183,-2.160,10.15382,-1.70000
-0.718,0.457,-1.790,10.15382,-1.70000
-0.261,0.826,-1.297,10.15382,-1.70000
-0.273,0.817,-1.310,10.15382,-1.70000
-0.506,0.629,-1.562,10.15382,-1.70000
-0.887,0.324,-1.973,10.15382,-1.70000
-1.208,0.075,-2.320,10.15382,-1.70000
-1.412,-0.075,-2.543,10.15382,-1.70000
-1.521,-0.149,-2.662,10.15382,-1.70000
-1.573,-0.183,-2.721,10.15382,-1.70000
-1.604,-0.202,-2.755,10.15382,-1.70000
32.169,32.608,31.552,10.15382,-1.70000
