Gmag,G_BPmag,G_RPmag,logAge,MH
14.968,17.290,13.607,10.11394,-1.85000
14.328,16.207,13.044,10.11394,-1.85000
13.922,15.606,12.683,10.11394,-1.85000
13.113,14.585,11.934,10.11394,-1.85000
12.621,14.016,11.466,10.11394,-1.85000
12.240,13.590,11.101,10.11394,-1.85000
11.667,12.963,10.547,10.11394,-1.85000
11.146,12.396,10.042,10.11394,-1.85000
10.745,11.960,9.655,10.11394,-1.85000
10.415,11.599,9.337,10.11394,-1.85000
10.074,11.223,9.010,10.11394,-1.85000
9.650,10.745,8.610,10.11394,-1.85000
9.180,10.214,8.167,10.11394,-1.85000
8.637,9.611,7.653,10.11394,-1.85000
8.099,9.008,7.149,10.11394,-1.85000
8.040,8.940,7.093,10.11394,-1.85000
7.924,8.810,6.985,10.11394,-1.85000
7.817,8.690,6.886,10.11394,-1.85000
7.717,8.578,6.793,10.11394,-1.85000
7.620,8.469,6.703,10.11394,-1.85000
7.542,8.382,6.630,10.11394,-1.85000
7.511,8.347,6.601,10.11394,-1.85000
7.386,8.209,6.483,10.11394,-1.85000
7.263,8.074,6.367,10.11394,-1.85000
7.144,7.943,6.254,10.11394,-1.85000
7.028,7.817,6.144,10.11394,-1.85000
6.924,7.705,6.046,10.11394,-1.85000
6.891,7.669,6.014,10.11394,-1.85000
6.769,7.539,5.898,10.11394,-1.85000
6.658,7.421,5.792,10.11394,-1.85000
6.543,7.299,5.681,10.11394,-1.85000
6.419,7.168,5.561,10.11394,-1.85000
6.261,7.004,5.408,10.11394,-1.85000
6.098,6.834,5.248,10.11394,-1.85000
6.010,6.745,5.162,10.11394,-1.85000
5.926,6.658,5.079,10.11394,-1.85000
5.824,6.555,4.979,10.11394,-1.85000
5.789,6.520,4.944,10.11394,-1.85000
5.643,6.376,4.796,10.11394,-1.85000
5.514,6.252,4.664,10.11394,-1.85000
5.490,6.229,4.639,10.11394,-1.85000
5.462,6.203,4.609,10.11394,-1.85000
5.358,6.108,4.500,10.11394,-1.85000
5.263,6.025,4.397,10.11394,-1.85000
5.175,5.951,4.300,10.11394,-1.85000
5.094,5.886,4.209,10.11394,-1.85000
5.019,5.826,4.125,10.11394,-1.85000
4.943,5.766,4.040,10.11394,-1.85000
4.861,5.698,3.950,10.11394,-1.85000
4.758,5.608,3.839,10.11394,-1.85000
4.659,5.518,3.735,10.11394,-1.85000
4.584,5.448,3.657,10.11394,-1.85000
4.546,5.412,3.618,10.11394,-1.85000
4.441,5.311,3.510,10.11394,-1.85000
4.316,5.191,3.382,10.11394,-1.85000
4.203,5.081,3.267,10.11394,-1.85000
4.088,4.970,3.151,10.11394,-1.85000
3.963,4.848,3.024,10.11394,-1.85000
3.839,4.727,2.898,10.11394,-1.85000
3.718,4.609,2.775,10.11394,-1.85000
3.603,4.497,2.659,10.11394,-1.85000
3.481,4.378,2.535,10.11394,-1.85000
3.352,4.252,2.405,10.11394,-1.85000
3.235,4.138,2.286,10.11394,-1.85000
3.118,4.025,2.167,10.11394,-1.85000
2.998,3.907,2.045,10.11394,-1.85000
2.881,3.794,1.926,10.11394,-1.85000
2.759,3.676,1.803,10.11394,-1.85000
2.642,3.562,1.684,10.11394,-1.85000
2.529,3.452,1.568,10.11394,-1.85000
2.410,3.337,1.447,10.11394,-1.85000
2.292,3.223,1.327,10.11394,-1.85000
2.178,3.114,1.212,10.11394,-1.85000
2.066,3.006,1.097,10.11394,-1.85000
1.947,2.892,0.976,10.11394,-1.85000
1.835,2.784,0.861,10.11394,-1.85000
1.723,2.677,0.747,10.11394,-1.85000
1.607,2.566,0.629,10.11394,-1.85000
1.499,2.463,0.519,10.11394,-1.85000
1.390,2.359,0.407,10.11394,-1.85000
1.280,2.254,0.294,10.11394,-1.85000
1.218,2.195,0.231,10.11394,-1.85000
1.238,2.213,0.252,10.11394,-1.85000
1.220,2.196,0.233,10.11394,-1.85000
1.114,2.096,0.125,10.11394,-1.85000
1.011,1.998,0.019,10.11394,-1.85000
0.906,1.899,-0.089,10.11394,-1.85000
0.812,1.810,-0.185,10.11394,-1.85000
0.715,1.719,-0.285,10.11394,-1.85000
0.623,1.632,-0.380,10.11394,-1.85000
0.529,1.545,-0.477,10.11394,-1.85000
0.436,1.459,-0.573,10.11394,-1.85000
0.325,1.357,-0.687,10.11394,-1.85000
0.237,1.276,-0.780,10.11394,-1.85000
0.132,1.182,-0.889,10.11394,-1.85000
0.028,1.088,-0.998,10.11394,-1.85000
-0.079,0.993,-1.109,10.11394,-1.85000
-0.173,0.911,-1.208,10.11394,-1.85000
-0.273,0.823,-1.314,10.11394,-1.85000
-0.367,0.743,-1.413,10.11394,-1.85000
-0.460,0.663,-1.511,10.11394,-1.85000
-0.551,0.587,-1.608,10.11394,-1.85000
-0.635,0.516,-1.697,10.11394,-1.85000
-0.721,0.443,-1.789,10.11394,-1.85000
-0.801,0.377,-1.873,10.11394,-1.85000
-0.879,0.311,-1.956,10.11394,-1.85000
-0.960,0.244,-2.043,10.11394,-1.85000
-1.031,0.185,-2.118,10.11394,-1.85000
-1.108,0.120,-2.200,10.11394,-1.85000
-1.181,0.061,-2.277,10.11394,-1.85000
-1.251,0.003,-2.353,10.11394,-1.85000
-1.321,-0.053,-2.428,10.11394,-1.85000
-1.386,-0.105,-2.497,10.11394,-1.85000
-1.456,-0.161,-2.571,10.11394,-1.85000
2.596,3.129,1.897,10.11394,-1.85000
2.551,3.095,1.843,10.11394,-1.85000
2.517,3.069,1.802,10.11394,-1.85000
2.519,3.069,1.805,10.11394,-1.85000
2.521,3.069,1.809,10.11394,-1.85000
2.524,3.070,1.813,10.11394,-1.85000
2.526,3.071,1.817,10.11394,-1.85000
2.528,3.071,1.820,10.11394,-1.85000
2.530,3.072,1.823,10.11394,-1.85000
2.532,3.073,1.826,10.11394,-1.85000
2.532,3.073,1.826,10.11394,-1.85000
2.530,3.072,1.824,10.11394,-1.85000
2.527,3.070,1.820,10.11394,-1.85000
2.522,3.067,1.813,10.11394,-1.85000
2.516,3.064,1.804,10.11394,-1.85000
2.513,3.062,1.800,10.11394,-1.85000
2.508,3.060,1.792,10.11394,-1.85000
2.497,3.055,1.777,10.11394,-1.85000
2.485,3.050,1.759,10.11394,-1.85000
2.471,3.044,1.738,10.11394,-1.85000
2.454,3.037,1.713,10.11394,-1.85000
2.436,3.031,1.687,10.11394,-1.85000
2.418,3.025,1.659,10.11394,-1.85000
2.407,3.022,1.642,10.11394,-1.85000
2.388,3.017,1.613,10.11394,-1.85000
2.369,3.012,1.584,10.11394,-1.85000
2.350,3.008,1.554,10.11394,-1.85000
2.329,3.003,1.521,10.11394,-1.85000
2.310,2.999,1.492,10.11394,-1.85000
2.290,2.995,1.461,10.11394,-1.85000
2.271,2.992,1.430,10.11394,-1.85000
2.252,2.989,1.402,10.11394,-1.85000
2.232,2.985,1.372,10.11394,-1.85000
2.211,2.978,1.341,10.11394,-1.85000
2.203,2.975,1.330,10.11394,-1.85000
2.201,2.974,1.327,10.11394,-1.85000
2.199,2.974,1.323,10.11394,-1.85000
2.168,2.959,1.284,10.11394,-1.85000
2.125,2.931,1.231,10.11394,-1.85000
2.052,2.878,1.146,10.11394,-1.85000
1.965,2.810,1.048,10.11394,-1.85000
1.872,2.735,0.944,10.11394,-1.85000
1.773,2.653,0.837,10.11394,-1.85000
1.678,2.571,0.735,10.11394,-1.85000
1.618,2.518,0.671,10.11394,-1.85000
1.517,2.426,0.565,10.11394,-1.85000
1.418,2.336,0.461,10.11394,-1.85000
1.325,2.251,0.364,10.11394,-1.85000
1.238,2.170,0.273,10.11394,-1.85000
1.140,2.079,0.171,10.11394,-1.85000
1.204,2.138,0.238,10.11394,-1.85000
1.289,2.216,0.327,10.11394,-1.85000
1.238,2.171,0.272,10.11394,-1.85000
1.148,2.088,0.179,10.11394,-1.85000
1.050,1.998,0.077,10.11394,-1.85000
0.944,1.900,-0.033,10.11394,-1.85000
0.840,1.804,-0.141,10.11394,-1.85000
0.738,1.709,-0.247,10.11394,-1.85000
0.635,1.614,-0.353,10.11394,-1.85000
0.533,1.520,-0.459,10.11394,-1.85000
0.432,1.426,-0.563,10.11394,-1.85000
0.332,1.334,-0.667,10.11394,-1.85000
0.231,1.241,-0.772,10.11394,-1.85000
0.130,1.149,-0.878,10.11394,-1.85000
0.027,1.058,-0.985,10.11394,-1.85000
-0.073,0.969,-1.090,10.11394,-1.85000
-0.173,0.881,-1.196,10.11394,-1.85000
-0.274,0.793,-1.302,10.11394,-1.85000
-0.377,0.705,-1.411,10.11394,-1.85000
-0.476,0.621,-1.517,10.11394,-1.85000
-0.577,0.537,-1.624,10.11394,-1.85000
-0.675,0.458,-1.730,10.11394,-1.85000
-0.770,0.383,-1.833,10.11394,-1.85000
-0.869,0.302,-1.938,10.11394,-1.85000
-0.970,0.220,-2.046,10.11394,-1.85000
-0.971,0.219,-2.048,10.11394,-1.85000
-1.059,0.148,-2.142,10.11394,-1.85000
-1.156,0.069,-2.246,10.11394,-1.85000
-1.246,-0.002,-2.343,10.11394,-1.85000
-1.249,-0.005,-2.346,10.11394,-1.85000
-1.294,-0.021,-2.402,10.11394,-1.85000
-0.795,0.379,-1.865,10.11394,-1.85000
-0.427,0.674,-1.469,10.11394,-1.85000
0.070,1.097,-0.941,10.11394,-1.85000
0.054,1.084,-0.958,10.11394,-1.85000
-0.176,0.887,-1.202,10.11394,-1.85000
-0.622,0.523,-1.682,10.11394,-1.85000
-0.996,0.223,-2.085,10.11394,-1.85000
-1.240,0.032,-2.348,10.11394,-1.85000
-1.372,-0.068,-2.491,10.11394,-1.85000
-1.439,-0.114,-2.566,10.11394,-1.85000
-1.480,-0.139,-2.611,10.11394,-1.85000
32.172,32.611,31.555,10.11394,-1.85000
