Gmag,G_BPmag,G_RPmag,logAge,MH
16.749,20.877,15.158,10.10551,-0.35000
16.220,20.227,14.639,10.10551,-0.35000
15.314,18.670,13.799,10.10551,-0.35000
14.709,17.683,13.237,10.10551,-0.35000
14.258,16.985,12.817,10.10551,-0.35000
14.053,16.684,12.625,10.10551,-0.35000
13.600,16.051,12.200,10.10551,-0.35000
12.995,15.253,11.626,10.10551,-0.35000
12.538,14.694,11.189,10.10551,-0.35000
12.153,14.233,10.820,10.10551,-0.35000
11.758,13.753,10.443,10.10551,-0.35000
11.368,13.269,10.074,10.10551,-0.35000
11.326,13.217,10.035,10.10551,-0.35000
10.972,12.770,9.704,10.10551,-0.35000
10.854,12.624,9.593,10.10551,-0.35000
10.724,12.460,9.472,10.10551,-0.35000
10.329,11.969,9.104,10.10551,-0.35000
9.793,11.296,8.610,10.10551,-0.35000
9.246,10.590,8.116,10.10551,-0.35000
9.042,10.338,7.930,10.10551,-0.35000
8.724,9.955,7.637,10.10551,-0.35000
8.662,9.883,7.580,10.10551,-0.35000
8.514,9.709,7.442,10.10551,-0.35000
8.383,9.556,7.320,10.10551,-0.35000
8.258,9.412,7.203,10.10551,-0.35000
8.232,9.383,7.179,10.10551,-0.35000
8.163,9.304,7.114,10.10551,-0.35000
8.058,9.185,7.015,10.10551,-0.35000
7.959,9.074,6.922,10.10551,-0.35000
7.823,8.923,6.794,10.10551,-0.35000
7.728,8.816,6.703,10.10551,-0.35000
7.711,8.798,6.687,10.10551,-0.35000
7.608,8.685,6.589,10.10551,-0.35000
7.512,8.581,6.497,10.10551,-0.35000
7.416,8.477,6.405,10.10551,-0.35000
7.317,8.371,6.309,10.10551,-0.35000
7.226,8.274,6.221,10.10551,-0.35000
7.176,8.221,6.173,10.10551,-0.35000
7.072,8.111,6.071,10.10551,-0.35000
6.964,7.999,5.965,10.10551,-0.35000
6.863,7.894,5.866,10.10551,-0.35000
6.843,7.874,5.847,10.10551,-0.35000
6.739,7.769,5.743,10.10551,-0.35000
6.627,7.657,5.630,10.10551,-0.35000
6.505,7.540,5.507,10.10551,-0.35000
6.469,7.507,5.469,10.10551,-0.35000
6.405,7.448,5.402,10.10551,-0.35000
6.311,7.370,5.300,10.10551,-0.35000
6.254,7.336,5.233,10.10551,-0.35000
6.222,7.327,5.190,10.10551,-0.35000
6.185,7.314,5.142,10.10551,-0.35000
6.123,7.272,5.071,10.10551,-0.35000
6.025,7.188,4.966,10.10551,-0.35000
5.991,7.158,4.931,10.10551,-0.35000
5.953,7.123,4.892,10.10551,-0.35000
5.843,7.019,4.778,10.10551,-0.35000
5.741,6.921,4.674,10.10551,-0.35000
5.632,6.816,4.564,10.10551,-0.35000
5.519,6.706,4.449,10.10551,-0.35000
5.413,6.602,4.342,10.10551,-0.35000
5.305,6.497,4.233,10.10551,-0.35000
5.194,6.389,4.121,10.10551,-0.35000
5.089,6.287,4.015,10.10551,-0.35000
4.985,6.186,3.909,10.10551,-0.35000
4.877,6.081,3.800,10.10551,-0.35000
4.766,5.974,3.688,10.10551,-0.35000
4.661,5.873,3.581,10.10551,-0.35000
4.563,5.779,3.481,10.10551,-0.35000
4.456,5.676,3.372,10.10551,-0.35000
4.355,5.580,3.270,10.10551,-0.35000
4.225,5.456,3.137,10.10551,-0.35000
4.099,5.336,3.008,10.10551,-0.35000
4.002,5.243,2.909,10.10551,-0.35000
3.877,5.125,2.782,10.10551,-0.35000
3.758,5.013,2.660,10.10551,-0.35000
3.665,4.925,2.564,10.10551,-0.35000
3.547,4.814,2.444,10.10551,-0.35000
3.433,4.708,2.328,10.10551,-0.35000
3.324,4.606,2.215,10.10551,-0.35000
3.236,4.524,2.124,10.10551,-0.35000
3.279,4.563,2.170,10.10551,-0.35000
3.351,4.628,2.245,10.10551,-0.35000
3.329,4.607,2.221,10.10551,-0.35000
3.215,4.502,2.104,10.10551,-0.35000
3.099,4.395,1.984,10.10551,-0.35000
2.986,4.292,1.869,10.10551,-0.35000
2.874,4.189,1.753,10.10551,-0.35000
2.765,4.090,1.640,10.10551,-0.35000
2.656,3.992,1.528,10.10551,-0.35000
2.549,3.895,1.417,10.10551,-0.35000
2.445,3.801,1.308,10.10551,-0.35000
2.343,3.709,1.203,10.10551,-0.35000
2.241,3.617,1.098,10.10551,-0.35000
2.140,3.526,0.993,10.10551,-0.35000
2.042,3.438,0.891,10.10551,-0.35000
1.945,3.352,0.791,10.10551,-0.35000
1.850,3.266,0.692,10.10551,-0.35000
1.757,3.184,0.597,10.10551,-0.35000
1.663,3.101,0.499,10.10551,-0.35000
1.574,3.022,0.406,10.10551,-0.35000
1.484,2.945,0.311,10.10551,-0.35000
1.395,2.872,0.218,10.10551,-0.35000
1.307,2.799,0.125,10.10551,-0.35000
1.219,2.726,0.031,10.10551,-0.35000
1.136,2.660,-0.056,10.10551,-0.35000
1.051,2.591,-0.147,10.10551,-0.35000
0.969,2.527,-0.234,10.10551,-0.35000
0.892,2.469,-0.317,10.10551,-0.35000
0.812,2.407,-0.403,10.10551,-0.35000
0.736,2.352,-0.485,10.10551,-0.35000
0.646,2.291,-0.583,10.10551,-0.35000
0.575,2.243,-0.661,10.10551,-0.35000
0.487,2.186,-0.758,10.10551,-0.35000
0.409,2.148,-0.846,10.10551,-0.35000
0.333,2.111,-0.932,10.10551,-0.35000
0.259,2.080,-1.016,10.10551,-0.35000
0.190,2.064,-1.097,10.10551,-0.35000
0.125,2.052,-1.174,10.10551,-0.35000
0.065,2.056,-1.248,10.10551,-0.35000
0.010,2.072,-1.316,10.10551,-0.35000
-0.043,2.092,-1.384,10.10551,-0.35000
-0.086,2.140,-1.442,10.10551,-0.35000
-0.126,2.192,-1.497,10.10551,-0.35000
-0.164,2.251,-1.551,10.10551,-0.35000
-0.196,2.328,-1.599,10.10551,-0.35000
-0.226,2.406,-1.645,10.10551,-0.35000
-0.245,2.506,-1.681,10.10551,-0.35000
-0.259,2.641,-1.712,10.10551,-0.35000
-0.262,2.683,-1.722,10.10551,-0.35000
2.960,4.173,1.879,10.10551,-0.35000
2.935,4.151,1.854,10.10551,-0.35000
2.927,4.143,1.845,10.10551,-0.35000
2.924,4.140,1.842,10.10551,-0.35000
2.926,4.140,1.845,10.10551,-0.35000
2.930,4.143,1.849,10.10551,-0.35000
2.936,4.147,1.856,10.10551,-0.35000
2.941,4.151,1.862,10.10551,-0.35000
2.947,4.155,1.869,10.10551,-0.35000
2.952,4.158,1.874,10.10551,-0.35000
2.956,4.161,1.879,10.10551,-0.35000
2.960,4.163,1.883,10.10551,-0.35000
2.963,4.165,1.887,10.10551,-0.35000
2.966,4.167,1.890,10.10551,-0.35000
2.967,4.168,1.892,10.10551,-0.35000
2.968,4.168,1.892,10.10551,-0.35000
2.969,4.168,1.894,10.10551,-0.35000
2.970,4.168,1.895,10.10551,-0.35000
2.970,4.168,1.895,10.10551,-0.35000
2.969,4.167,1.895,10.10551,-0.35000
2.968,4.165,1.893,10.10551,-0.35000
2.965,4.163,1.891,10.10551,-0.35000
2.961,4.160,1.887,10.10551,-0.35000
2.961,4.159,1.887,10.10551,-0.35000
2.959,4.158,1.885,10.10551,-0.35000
2.954,4.153,1.879,10.10551,-0.35000
2.947,4.147,1.872,10.10551,-0.35000
2.939,4.140,1.863,10.10551,-0.35000
2.928,4.131,1.852,10.10551,-0.35000
2.916,4.121,1.839,10.10551,-0.35000
2.903,4.109,1.825,10.10551,-0.35000
2.888,4.096,1.809,10.10551,-0.35000
2.871,4.082,1.791,10.10551,-0.35000
2.865,4.077,1.785,10.10551,-0.35000
2.838,4.053,1.756,10.10551,-0.35000
2.783,4.006,1.698,10.10551,-0.35000
2.694,3.929,1.604,10.10551,-0.35000
2.611,3.858,1.517,10.10551,-0.35000
2.531,3.789,1.432,10.10551,-0.35000
2.448,3.718,1.345,10.10551,-0.35000
2.365,3.646,1.257,10.10551,-0.35000
2.282,3.576,1.170,10.10551,-0.35000
2.197,3.502,1.080,10.10551,-0.35000
2.141,3.452,1.021,10.10551,-0.35000
2.091,3.409,0.969,10.10551,-0.35000
1.988,3.320,0.860,10.10551,-0.35000
1.901,3.245,0.770,10.10551,-0.35000
1.852,3.202,0.718,10.10551,-0.35000
1.924,3.265,0.794,10.10551,-0.35000
1.976,3.310,0.848,10.10551,-0.35000
1.898,3.242,0.766,10.10551,-0.35000
1.812,3.168,0.676,10.10551,-0.35000
1.743,3.109,0.603,10.10551,-0.35000
1.660,3.037,0.516,10.10551,-0.35000
1.576,2.965,0.428,10.10551,-0.35000
1.492,2.893,0.340,10.10551,-0.35000
1.406,2.823,0.249,10.10551,-0.35000
1.321,2.754,0.158,10.10551,-0.35000
1.236,2.685,0.068,10.10551,-0.35000
1.152,2.618,-0.022,10.10551,-0.35000
1.072,2.557,-0.108,10.10551,-0.35000
0.994,2.501,-0.194,10.10551,-0.35000
0.921,2.456,-0.275,10.10551,-0.35000
0.851,2.418,-0.355,10.10551,-0.35000
0.776,2.373,-0.440,10.10551,-0.35000
0.699,2.323,-0.523,10.10551,-0.35000
0.622,2.277,-0.610,10.10551,-0.35000
0.544,2.233,-0.697,10.10551,-0.35000
0.478,2.200,-0.772,10.10551,-0.35000
0.418,2.178,-0.842,10.10551,-0.35000
0.354,2.155,-0.916,10.10551,-0.35000
0.291,2.147,-0.992,10.10551,-0.35000
0.236,2.144,-1.058,10.10551,-0.35000
0.173,2.138,-1.134,10.10551,-0.35000
0.091,2.100,-1.225,10.10551,-0.35000
0.040,1.987,-1.264,10.10551,-0.35000
0.048,1.979,-1.252,10.10551,-0.35000
0.071,1.969,-1.222,10.10551,-0.35000
0.048,1.963,-1.248,10.10551,-0.35000
0.021,1.956,-1.279,10.10551,-0.35000
0.010,1.949,-1.292,10.10551,-0.35000
-0.013,1.935,-1.317,10.10551,-0.35000
-0.047,1.910,-1.352,10.10551,-0.35000
-0.089,1.876,-1.396,10.10551,-0.35000
-0.154,1.792,-1.457,10.10551,-0.35000
-0.244,1.631,-1.531,10.10551,-0.35000
-0.329,1.452,-1.594,10.10551,-0.35000
-0.402,1.296,-1.647,10.10551,-0.35000
-0.440,1.215,-1.674,10.10551,-0.35000
32.313,33.458,31.273,10.10551,-0.35000
