Gmag,G_BPmag,G_RPmag,logAge,MH
16.219,20.057,14.670,10.09691,-0.80000
15.518,18.736,14.025,10.09691,-0.80000
14.675,17.276,13.255,10.09691,-0.80000
14.123,16.436,12.747,10.09691,-0.80000
13.715,15.872,12.368,10.09691,-0.80000
13.673,15.818,12.328,10.09691,-0.80000
13.114,15.112,11.799,10.09691,-0.80000
12.609,14.509,11.315,10.09691,-0.80000
12.560,14.452,11.268,10.09691,-0.80000
12.134,13.957,10.858,10.09691,-0.80000
11.779,13.550,10.517,10.09691,-0.80000
11.405,13.117,10.158,10.09691,-0.80000
10.980,12.620,9.755,10.09691,-0.80000
10.503,12.053,9.304,10.09691,-0.80000
9.963,11.391,8.802,10.09691,-0.80000
9.399,10.692,8.286,10.09691,-0.80000
8.901,10.103,7.825,10.09691,-0.80000
8.875,10.073,7.801,10.09691,-0.80000
8.739,9.915,7.674,10.09691,-0.80000
8.576,9.726,7.522,10.09691,-0.80000
8.425,9.554,7.381,10.09691,-0.80000
8.371,9.493,7.331,10.09691,-0.80000
8.246,9.352,7.212,10.09691,-0.80000
8.112,9.202,7.086,10.09691,-0.80000
7.984,9.060,6.965,10.09691,-0.80000
7.866,8.928,6.853,10.09691,-0.80000
7.861,8.922,6.848,10.09691,-0.80000
7.752,8.802,6.744,10.09691,-0.80000
7.638,8.678,6.636,10.09691,-0.80000
7.532,8.563,6.534,10.09691,-0.80000
7.425,8.448,6.432,10.09691,-0.80000
7.325,8.340,6.335,10.09691,-0.80000
7.291,8.304,6.303,10.09691,-0.80000
7.188,8.195,6.202,10.09691,-0.80000
7.059,8.060,6.076,10.09691,-0.80000
6.931,7.927,5.951,10.09691,-0.80000
6.800,7.792,5.822,10.09691,-0.80000
6.706,7.696,5.729,10.09691,-0.80000
6.638,7.628,5.661,10.09691,-0.80000
6.519,7.511,5.541,10.09691,-0.80000
6.410,7.405,5.431,10.09691,-0.80000
6.361,7.357,5.380,10.09691,-0.80000
6.268,7.271,5.284,10.09691,-0.80000
6.158,7.174,5.168,10.09691,-0.80000
6.066,7.100,5.066,10.09691,-0.80000
6.007,7.061,4.998,10.09691,-0.80000
5.951,7.025,4.931,10.09691,-0.80000
5.883,6.976,4.855,10.09691,-0.80000
5.795,6.902,4.761,10.09691,-0.80000
5.685,6.802,4.645,10.09691,-0.80000
5.668,6.786,4.627,10.09691,-0.80000
5.549,6.674,4.506,10.09691,-0.80000
5.442,6.571,4.396,10.09691,-0.80000
5.312,6.446,4.265,10.09691,-0.80000
5.209,6.346,4.160,10.09691,-0.80000
5.076,6.217,4.026,10.09691,-0.80000
4.968,6.112,3.916,10.09691,-0.80000
4.867,6.013,3.814,10.09691,-0.80000
4.765,5.914,3.711,10.09691,-0.80000
4.660,5.812,3.604,10.09691,-0.80000
4.560,5.715,3.503,10.09691,-0.80000
4.458,5.616,3.400,10.09691,-0.80000
4.333,5.495,3.273,10.09691,-0.80000
4.231,5.397,3.169,10.09691,-0.80000
4.103,5.274,3.039,10.09691,-0.80000
3.979,5.155,2.913,10.09691,-0.80000
3.859,5.040,2.790,10.09691,-0.80000
3.738,4.925,2.668,10.09691,-0.80000
3.627,4.819,2.554,10.09691,-0.80000
3.515,4.712,2.440,10.09691,-0.80000
3.404,4.606,2.326,10.09691,-0.80000
3.297,4.505,2.217,10.09691,-0.80000
3.191,4.405,2.109,10.09691,-0.80000
3.091,4.311,2.006,10.09691,-0.80000
2.994,4.220,1.907,10.09691,-0.80000
2.898,4.130,1.808,10.09691,-0.80000
2.813,4.050,1.721,10.09691,-0.80000
2.749,3.990,1.655,10.09691,-0.80000
2.773,4.012,1.680,10.09691,-0.80000
2.828,4.062,1.737,10.09691,-0.80000
2.812,4.047,1.721,10.09691,-0.80000
2.708,3.950,1.614,10.09691,-0.80000
2.601,3.851,1.503,10.09691,-0.80000
2.493,3.751,1.393,10.09691,-0.80000
2.388,3.654,1.285,10.09691,-0.80000
2.283,3.558,1.176,10.09691,-0.80000
2.182,3.465,1.072,10.09691,-0.80000
2.079,3.371,0.966,10.09691,-0.80000
1.978,3.278,0.862,10.09691,-0.80000
1.877,3.187,0.758,10.09691,-0.80000
1.781,3.100,0.658,10.09691,-0.80000
1.685,3.012,0.559,10.09691,-0.80000
1.591,2.927,0.461,10.09691,-0.80000
1.497,2.843,0.364,10.09691,-0.80000
1.407,2.763,0.271,10.09691,-0.80000
1.316,2.682,0.177,10.09691,-0.80000
1.226,2.604,0.082,10.09691,-0.80000
1.141,2.530,-0.008,10.09691,-0.80000
1.052,2.454,-0.100,10.09691,-0.80000
0.949,2.366,-0.208,10.09691,-0.80000
0.869,2.298,-0.293,10.09691,-0.80000
0.785,2.228,-0.381,10.09691,-0.80000
0.688,2.146,-0.483,10.09691,-0.80000
0.610,2.081,-0.566,10.09691,-0.80000
0.532,2.017,-0.648,10.09691,-0.80000
0.440,1.943,-0.746,10.09691,-0.80000
0.348,1.870,-0.844,10.09691,-0.80000
0.274,1.812,-0.923,10.09691,-0.80000
0.189,1.746,-1.014,10.09691,-0.80000
0.103,1.681,-1.105,10.09691,-0.80000
0.020,1.619,-1.195,10.09691,-0.80000
-0.062,1.557,-1.283,10.09691,-0.80000
-0.139,1.502,-1.366,10.09691,-0.80000
-0.215,1.449,-1.448,10.09691,-0.80000
-0.288,1.399,-1.528,10.09691,-0.80000
-0.360,1.353,-1.607,10.09691,-0.80000
-0.427,1.316,-1.681,10.09691,-0.80000
-0.490,1.282,-1.751,10.09691,-0.80000
-0.551,1.250,-1.819,10.09691,-0.80000
-0.610,1.225,-1.886,10.09691,-0.80000
-0.665,1.203,-1.950,10.09691,-0.80000
-0.704,1.189,-1.995,10.09691,-0.80000
2.895,4.023,1.850,10.09691,-0.80000
2.859,3.989,1.813,10.09691,-0.80000
2.850,3.981,1.804,10.09691,-0.80000
2.846,3.977,1.800,10.09691,-0.80000
2.846,3.975,1.800,10.09691,-0.80000
2.848,3.976,1.803,10.09691,-0.80000
2.851,3.978,1.807,10.09691,-0.80000
2.855,3.980,1.812,10.09691,-0.80000
2.860,3.983,1.817,10.09691,-0.80000
2.864,3.985,1.822,10.09691,-0.80000
2.868,3.988,1.827,10.09691,-0.80000
2.871,3.989,1.830,10.09691,-0.80000
2.874,3.991,1.834,10.09691,-0.80000
2.876,3.992,1.837,10.09691,-0.80000
2.878,3.992,1.839,10.09691,-0.80000
2.878,3.992,1.839,10.09691,-0.80000
2.878,3.992,1.840,10.09691,-0.80000
2.879,3.992,1.841,10.09691,-0.80000
2.879,3.992,1.841,10.09691,-0.80000
2.878,3.990,1.840,10.09691,-0.80000
2.876,3.988,1.838,10.09691,-0.80000
2.873,3.986,1.835,10.09691,-0.80000
2.869,3.982,1.831,10.09691,-0.80000
2.866,3.979,1.827,10.09691,-0.80000
2.865,3.978,1.826,10.09691,-0.80000
2.858,3.973,1.819,10.09691,-0.80000
2.850,3.966,1.811,10.09691,-0.80000
2.841,3.958,1.801,10.09691,-0.80000
2.831,3.950,1.790,10.09691,-0.80000
2.819,3.940,1.778,10.09691,-0.80000
2.806,3.928,1.763,10.09691,-0.80000
2.790,3.915,1.746,10.09691,-0.80000
2.775,3.902,1.730,10.09691,-0.80000
2.762,3.891,1.717,10.09691,-0.80000
2.757,3.887,1.712,10.09691,-0.80000
2.710,3.846,1.661,10.09691,-0.80000
2.636,3.782,1.582,10.09691,-0.80000
2.551,3.709,1.493,10.09691,-0.80000
2.469,3.638,1.406,10.09691,-0.80000
2.377,3.558,1.309,10.09691,-0.80000
2.289,3.482,1.216,10.09691,-0.80000
2.202,3.405,1.124,10.09691,-0.80000
2.123,3.336,1.041,10.09691,-0.80000
2.076,3.295,0.991,10.09691,-0.80000
1.973,3.205,0.884,10.09691,-0.80000
1.888,3.129,0.795,10.09691,-0.80000
1.835,3.082,0.740,10.09691,-0.80000
1.829,3.076,0.733,10.09691,-0.80000
1.825,3.073,0.729,10.09691,-0.80000
1.855,3.099,0.760,10.09691,-0.80000
1.867,3.110,0.773,10.09691,-0.80000
1.878,3.119,0.784,10.09691,-0.80000
1.829,3.077,0.733,10.09691,-0.80000
1.741,3.000,0.641,10.09691,-0.80000
1.612,2.886,0.506,10.09691,-0.80000
1.496,2.785,0.385,10.09691,-0.80000
1.393,2.695,0.276,10.09691,-0.80000
1.293,2.608,0.172,10.09691,-0.80000
1.197,2.526,0.071,10.09691,-0.80000
1.105,2.448,-0.027,10.09691,-0.80000
1.013,2.371,-0.124,10.09691,-0.80000
0.924,2.301,-0.219,10.09691,-0.80000
0.847,2.253,-0.307,10.09691,-0.80000
0.780,2.201,-0.379,10.09691,-0.80000
0.699,2.141,-0.467,10.09691,-0.80000
0.614,2.075,-0.558,10.09691,-0.80000
0.529,2.009,-0.649,10.09691,-0.80000
0.438,1.938,-0.746,10.09691,-0.80000
0.348,1.862,-0.841,10.09691,-0.80000
0.235,1.756,-0.955,10.09691,-0.80000
0.067,1.539,-1.108,10.09691,-0.80000
-0.073,1.311,-1.218,10.09691,-0.80000
32.280,33.885,31.065,10.09691,-0.80000
