Gmag,G_BPmag,G_RPmag,logAge,MH
16.356,20.385,14.788,10.09691,-0.70000
15.637,19.036,14.125,10.09691,-0.70000
14.768,17.512,13.328,10.09691,-0.70000
14.204,16.633,12.808,10.09691,-0.70000
13.785,16.036,12.419,10.09691,-0.70000
13.585,15.769,12.231,10.09691,-0.70000
13.163,15.228,11.833,10.09691,-0.70000
12.620,14.572,11.314,10.09691,-0.70000
12.598,14.545,11.293,10.09691,-0.70000
12.535,14.471,11.233,10.09691,-0.70000
12.166,14.041,10.878,10.09691,-0.70000
11.803,13.619,10.529,10.09691,-0.70000
11.405,13.149,10.150,10.09691,-0.70000
10.959,12.622,9.727,10.09691,-0.70000
10.462,12.027,9.259,10.09691,-0.70000
10.088,11.567,8.912,10.09691,-0.70000
9.896,11.330,8.734,10.09691,-0.70000
9.330,10.624,8.218,10.09691,-0.70000
8.923,10.137,7.841,10.09691,-0.70000
8.792,9.986,7.720,10.09691,-0.70000
8.696,9.873,7.630,10.09691,-0.70000
8.560,9.716,7.503,10.09691,-0.70000
8.434,9.572,7.386,10.09691,-0.70000
8.317,9.440,7.276,10.09691,-0.70000
8.283,9.400,7.244,10.09691,-0.70000
8.246,9.359,7.209,10.09691,-0.70000
8.113,9.210,7.083,10.09691,-0.70000
7.986,9.069,6.964,10.09691,-0.70000
7.869,8.938,6.853,10.09691,-0.70000
7.763,8.820,6.752,10.09691,-0.70000
7.755,8.812,6.745,10.09691,-0.70000
7.642,8.689,6.637,10.09691,-0.70000
7.538,8.575,6.537,10.09691,-0.70000
7.432,8.462,6.436,10.09691,-0.70000
7.334,8.356,6.341,10.09691,-0.70000
7.231,8.247,6.241,10.09691,-0.70000
7.172,8.185,6.184,10.09691,-0.70000
7.075,8.083,6.089,10.09691,-0.70000
6.952,7.955,5.968,10.09691,-0.70000
6.826,7.825,5.844,10.09691,-0.70000
6.736,7.733,5.755,10.09691,-0.70000
6.668,7.665,5.688,10.09691,-0.70000
6.549,7.547,5.568,10.09691,-0.70000
6.417,7.419,5.434,10.09691,-0.70000
6.393,7.396,5.410,10.09691,-0.70000
6.337,7.344,5.352,10.09691,-0.70000
6.303,7.313,5.317,10.09691,-0.70000
6.198,7.220,5.205,10.09691,-0.70000
6.112,7.152,5.110,10.09691,-0.70000
6.059,7.118,5.047,10.09691,-0.70000
6.009,7.089,4.987,10.09691,-0.70000
5.947,7.046,4.916,10.09691,-0.70000
5.864,6.978,4.826,10.09691,-0.70000
5.759,6.884,4.716,10.09691,-0.70000
5.742,6.868,4.698,10.09691,-0.70000
5.625,6.758,4.579,10.09691,-0.70000
5.519,6.657,4.471,10.09691,-0.70000
5.391,6.533,4.340,10.09691,-0.70000
5.289,6.434,4.237,10.09691,-0.70000
5.156,6.305,4.102,10.09691,-0.70000
5.049,6.201,3.994,10.09691,-0.70000
4.948,6.102,3.892,10.09691,-0.70000
4.846,6.003,3.789,10.09691,-0.70000
4.742,5.902,3.683,10.09691,-0.70000
4.643,5.806,3.583,10.09691,-0.70000
4.542,5.708,3.481,10.09691,-0.70000
4.418,5.588,3.355,10.09691,-0.70000
4.317,5.490,3.252,10.09691,-0.70000
4.189,5.367,3.122,10.09691,-0.70000
4.066,5.249,2.996,10.09691,-0.70000
3.947,5.136,2.875,10.09691,-0.70000
3.828,5.022,2.754,10.09691,-0.70000
3.717,4.917,2.641,10.09691,-0.70000
3.606,4.811,2.528,10.09691,-0.70000
3.496,4.707,2.415,10.09691,-0.70000
3.392,4.608,2.308,10.09691,-0.70000
3.289,4.511,2.203,10.09691,-0.70000
3.191,4.419,2.102,10.09691,-0.70000
3.095,4.329,2.005,10.09691,-0.70000
3.002,4.242,1.909,10.09691,-0.70000
2.923,4.168,1.827,10.09691,-0.70000
2.857,4.106,1.760,10.09691,-0.70000
2.881,4.128,1.785,10.09691,-0.70000
2.943,4.184,1.849,10.09691,-0.70000
2.928,4.170,1.834,10.09691,-0.70000
2.823,4.073,1.726,10.09691,-0.70000
2.715,3.973,1.615,10.09691,-0.70000
2.607,3.873,1.504,10.09691,-0.70000
2.502,3.777,1.395,10.09691,-0.70000
2.397,3.680,1.286,10.09691,-0.70000
2.296,3.588,1.182,10.09691,-0.70000
2.192,3.493,1.075,10.09691,-0.70000
2.092,3.402,0.972,10.09691,-0.70000
1.991,3.309,0.867,10.09691,-0.70000
1.894,3.222,0.767,10.09691,-0.70000
1.796,3.133,0.667,10.09691,-0.70000
1.702,3.048,0.569,10.09691,-0.70000
1.608,2.964,0.471,10.09691,-0.70000
1.517,2.882,0.377,10.09691,-0.70000
1.425,2.800,0.282,10.09691,-0.70000
1.335,2.721,0.188,10.09691,-0.70000
1.248,2.647,0.097,10.09691,-0.70000
1.159,2.569,0.003,10.09691,-0.70000
1.054,2.481,-0.107,10.09691,-0.70000
0.972,2.412,-0.194,10.09691,-0.70000
0.886,2.339,-0.284,10.09691,-0.70000
0.787,2.258,-0.388,10.09691,-0.70000
0.707,2.191,-0.473,10.09691,-0.70000
0.626,2.124,-0.559,10.09691,-0.70000
0.531,2.048,-0.659,10.09691,-0.70000
0.437,1.974,-0.760,10.09691,-0.70000
0.359,1.913,-0.843,10.09691,-0.70000
0.271,1.846,-0.937,10.09691,-0.70000
0.182,1.781,-1.033,10.09691,-0.70000
0.095,1.716,-1.126,10.09691,-0.70000
0.010,1.655,-1.219,10.09691,-0.70000
-0.070,1.600,-1.306,10.09691,-0.70000
-0.151,1.546,-1.393,10.09691,-0.70000
-0.226,1.501,-1.477,10.09691,-0.70000
-0.301,1.461,-1.560,10.09691,-0.70000
-0.371,1.425,-1.639,10.09691,-0.70000
-0.435,1.402,-1.713,10.09691,-0.70000
-0.497,1.383,-1.785,10.09691,-0.70000
-0.559,1.363,-1.857,10.09691,-0.70000
-0.615,1.360,-1.923,10.09691,-0.70000
-0.654,1.359,-1.970,10.09691,-0.70000
2.903,4.047,1.850,10.09691,-0.70000
2.871,4.018,1.817,10.09691,-0.70000
2.862,4.010,1.809,10.09691,-0.70000
2.858,4.006,1.805,10.09691,-0.70000
2.858,4.004,1.805,10.09691,-0.70000
2.860,4.005,1.808,10.09691,-0.70000
2.864,4.007,1.812,10.09691,-0.70000
2.869,4.010,1.818,10.09691,-0.70000
2.873,4.013,1.823,10.09691,-0.70000
2.877,4.015,1.828,10.09691,-0.70000
2.881,4.017,1.832,10.09691,-0.70000
2.884,4.019,1.836,10.09691,-0.70000
2.887,4.020,1.840,10.09691,-0.70000
2.889,4.021,1.842,10.09691,-0.70000
2.891,4.022,1.845,10.09691,-0.70000
2.891,4.022,1.845,10.09691,-0.70000
2.891,4.022,1.845,10.09691,-0.70000
2.892,4.022,1.846,10.09691,-0.70000
2.892,4.022,1.847,10.09691,-0.70000
2.892,4.021,1.846,10.09691,-0.70000
2.890,4.019,1.845,10.09691,-0.70000
2.888,4.017,1.843,10.09691,-0.70000
2.885,4.014,1.839,10.09691,-0.70000
2.880,4.010,1.834,10.09691,-0.70000
2.879,4.009,1.833,10.09691,-0.70000
2.873,4.004,1.827,10.09691,-0.70000
2.866,3.998,1.819,10.09691,-0.70000
2.857,3.990,1.810,10.09691,-0.70000
2.847,3.982,1.800,10.09691,-0.70000
2.837,3.973,1.788,10.09691,-0.70000
2.825,3.963,1.776,10.09691,-0.70000
2.813,3.953,1.763,10.09691,-0.70000
2.812,3.952,1.761,10.09691,-0.70000
2.797,3.939,1.745,10.09691,-0.70000
2.768,3.914,1.714,10.09691,-0.70000
2.720,3.873,1.663,10.09691,-0.70000
2.644,3.808,1.583,10.09691,-0.70000
2.559,3.734,1.493,10.09691,-0.70000
2.475,3.661,1.405,10.09691,-0.70000
2.383,3.582,1.307,10.09691,-0.70000
2.296,3.505,1.215,10.09691,-0.70000
2.211,3.432,1.126,10.09691,-0.70000
2.134,3.364,1.045,10.09691,-0.70000
2.088,3.324,0.997,10.09691,-0.70000
2.087,3.323,0.996,10.09691,-0.70000
2.073,3.311,0.981,10.09691,-0.70000
1.957,3.209,0.860,10.09691,-0.70000
1.866,3.129,0.764,10.09691,-0.70000
1.834,3.100,0.731,10.09691,-0.70000
1.902,3.160,0.802,10.09691,-0.70000
1.880,3.142,0.780,10.09691,-0.70000
1.779,3.053,0.673,10.09691,-0.70000
1.692,2.978,0.582,10.09691,-0.70000
1.610,2.906,0.496,10.09691,-0.70000
1.521,2.828,0.403,10.09691,-0.70000
1.435,2.753,0.313,10.09691,-0.70000
1.349,2.679,0.223,10.09691,-0.70000
1.266,2.608,0.135,10.09691,-0.70000
1.183,2.538,0.047,10.09691,-0.70000
1.101,2.470,-0.039,10.09691,-0.70000
1.022,2.405,-0.123,10.09691,-0.70000
0.982,2.373,-0.166,10.09691,-0.70000
0.906,2.311,-0.248,10.09691,-0.70000
0.838,2.269,-0.324,10.09691,-0.70000
0.769,2.225,-0.401,10.09691,-0.70000
0.694,2.170,-0.483,10.09691,-0.70000
0.619,2.111,-0.563,10.09691,-0.70000
0.543,2.053,-0.645,10.09691,-0.70000
0.465,1.993,-0.728,10.09691,-0.70000
0.392,1.937,-0.806,10.09691,-0.70000
0.331,1.887,-0.871,10.09691,-0.70000
0.268,1.833,-0.937,10.09691,-0.70000
0.190,1.759,-1.016,10.09691,-0.70000
0.103,1.662,-1.099,10.09691,-0.70000
-0.006,1.504,-1.193,10.09691,-0.70000
-0.086,1.371,-1.255,10.09691,-0.70000
32.240,33.724,31.062,10.09691,-0.70000
