Gmag,G_BPmag,G_RPmag,logAge,MH
16.090,19.760,14.559,10.14613,-0.90000
15.613,18.849,14.121,10.14613,-0.90000
15.341,18.335,13.874,10.14613,-0.90000
14.477,16.886,13.087,10.14613,-0.90000
13.929,16.091,12.581,10.14613,-0.90000
13.527,15.567,12.203,10.14613,-0.90000
12.919,14.826,11.624,10.14613,-0.90000
12.368,14.184,11.095,10.14613,-0.90000
11.946,13.702,10.688,10.14613,-0.90000
11.595,13.307,10.349,10.14613,-0.90000
11.181,12.829,9.953,10.14613,-0.90000
10.698,12.267,9.494,10.14613,-0.90000
10.145,11.596,8.977,10.14613,-0.90000
9.507,10.809,8.390,10.14613,-0.90000
8.931,10.131,7.856,10.14613,-0.90000
8.757,9.930,7.694,10.14613,-0.90000
8.583,9.728,7.531,10.14613,-0.90000
8.408,9.530,7.368,10.14613,-0.90000
8.367,9.483,7.328,10.14613,-0.90000
8.251,9.354,7.219,10.14613,-0.90000
8.119,9.206,7.094,10.14613,-0.90000
8.000,9.073,6.981,10.14613,-0.90000
7.879,8.940,6.867,10.14613,-0.90000
7.793,8.845,6.784,10.14613,-0.90000
7.760,8.809,6.753,10.14613,-0.90000
7.626,8.664,6.625,10.14613,-0.90000
7.493,8.520,6.498,10.14613,-0.90000
7.364,8.381,6.372,10.14613,-0.90000
7.243,8.253,6.256,10.14613,-0.90000
7.121,8.124,6.137,10.14613,-0.90000
7.087,8.089,6.104,10.14613,-0.90000
6.984,7.982,6.002,10.14613,-0.90000
6.832,7.827,5.853,10.14613,-0.90000
6.796,7.790,5.817,10.14613,-0.90000
6.728,7.722,5.749,10.14613,-0.90000
6.579,7.575,5.599,10.14613,-0.90000
6.446,7.446,5.464,10.14613,-0.90000
6.394,7.398,5.410,10.14613,-0.90000
6.286,7.300,5.297,10.14613,-0.90000
6.199,7.224,5.203,10.14613,-0.90000
6.111,7.155,5.107,10.14613,-0.90000
6.045,7.106,5.032,10.14613,-0.90000
5.969,7.048,4.948,10.14613,-0.90000
5.876,6.971,4.846,10.14613,-0.90000
5.778,6.885,4.744,10.14613,-0.90000
5.701,6.814,4.663,10.14613,-0.90000
5.681,6.794,4.643,10.14613,-0.90000
5.571,6.690,4.530,10.14613,-0.90000
5.470,6.593,4.427,10.14613,-0.90000
5.348,6.475,4.304,10.14613,-0.90000
5.226,6.357,4.180,10.14613,-0.90000
5.093,6.227,4.046,10.14613,-0.90000
4.964,6.101,3.915,10.14613,-0.90000
4.845,5.985,3.794,10.14613,-0.90000
4.744,5.887,3.692,10.14613,-0.90000
4.626,5.773,3.573,10.14613,-0.90000
4.624,5.770,3.571,10.14613,-0.90000
4.498,5.648,3.443,10.14613,-0.90000
4.373,5.527,3.317,10.14613,-0.90000
4.253,5.411,3.194,10.14613,-0.90000
4.135,5.297,3.075,10.14613,-0.90000
4.019,5.186,2.957,10.14613,-0.90000
3.902,5.074,2.837,10.14613,-0.90000
3.788,4.965,2.722,10.14613,-0.90000
3.673,4.854,2.604,10.14613,-0.90000
3.562,4.749,2.491,10.14613,-0.90000
3.454,4.646,2.381,10.14613,-0.90000
3.346,4.543,2.270,10.14613,-0.90000
3.242,4.444,2.164,10.14613,-0.90000
3.136,4.344,2.056,10.14613,-0.90000
3.034,4.248,1.952,10.14613,-0.90000
2.935,4.155,1.850,10.14613,-0.90000
2.838,4.064,1.751,10.14613,-0.90000
2.747,3.978,1.657,10.14613,-0.90000
2.701,3.934,1.610,10.14613,-0.90000
2.751,3.980,1.662,10.14613,-0.90000
2.760,3.988,1.672,10.14613,-0.90000
2.672,3.906,1.581,10.14613,-0.90000
2.571,3.812,1.477,10.14613,-0.90000
2.467,3.715,1.371,10.14613,-0.90000
2.366,3.621,1.266,10.14613,-0.90000
2.262,3.526,1.159,10.14613,-0.90000
2.161,3.432,1.055,10.14613,-0.90000
2.060,3.340,0.952,10.14613,-0.90000
1.961,3.249,0.850,10.14613,-0.90000
1.863,3.159,0.748,10.14613,-0.90000
1.767,3.072,0.649,10.14613,-0.90000
1.671,2.986,0.550,10.14613,-0.90000
1.578,2.901,0.453,10.14613,-0.90000
1.485,2.817,0.357,10.14613,-0.90000
1.396,2.737,0.264,10.14613,-0.90000
1.284,2.638,0.148,10.14613,-0.90000
1.194,2.560,0.055,10.14613,-0.90000
1.088,2.468,-0.056,10.14613,-0.90000
0.980,2.375,-0.170,10.14613,-0.90000
0.893,2.300,-0.261,10.14613,-0.90000
0.791,2.214,-0.368,10.14613,-0.90000
0.687,2.126,-0.478,10.14613,-0.90000
0.580,2.036,-0.590,10.14613,-0.90000
0.483,1.956,-0.693,10.14613,-0.90000
0.384,1.877,-0.798,10.14613,-0.90000
0.282,1.795,-0.906,10.14613,-0.90000
0.186,1.719,-1.010,10.14613,-0.90000
0.090,1.645,-1.112,10.14613,-0.90000
-0.007,1.570,-1.215,10.14613,-0.90000
-0.105,1.496,-1.320,10.14613,-0.90000
-0.195,1.430,-1.417,10.14613,-0.90000
-0.289,1.361,-1.517,10.14613,-0.90000
-0.381,1.299,-1.618,10.14613,-0.90000
-0.470,1.241,-1.716,10.14613,-0.90000
-0.556,1.190,-1.810,10.14613,-0.90000
-0.639,1.141,-1.902,10.14613,-0.90000
-0.718,1.098,-1.990,10.14613,-0.90000
-0.735,1.090,-2.009,10.14613,-0.90000
2.930,4.030,1.898,10.14613,-0.90000
2.896,3.998,1.863,10.14613,-0.90000
2.887,3.989,1.853,10.14613,-0.90000
2.884,3.986,1.850,10.14613,-0.90000
2.883,3.984,1.850,10.14613,-0.90000
2.885,3.985,1.853,10.14613,-0.90000
2.888,3.986,1.857,10.14613,-0.90000
2.893,3.989,1.863,10.14613,-0.90000
2.898,3.992,1.869,10.14613,-0.90000
2.903,3.995,1.875,10.14613,-0.90000
2.907,3.997,1.879,10.14613,-0.90000
2.911,3.999,1.884,10.14613,-0.90000
2.915,4.001,1.889,10.14613,-0.90000
2.918,4.003,1.892,10.14613,-0.90000
2.920,4.004,1.895,10.14613,-0.90000
2.920,4.004,1.896,10.14613,-0.90000
2.921,4.004,1.896,10.14613,-0.90000
2.921,4.004,1.897,10.14613,-0.90000
2.922,4.004,1.898,10.14613,-0.90000
2.921,4.003,1.897,10.14613,-0.90000
2.919,4.001,1.895,10.14613,-0.90000
2.915,3.998,1.891,10.14613,-0.90000
2.911,3.994,1.887,10.14613,-0.90000
2.904,3.988,1.879,10.14613,-0.90000
2.904,3.988,1.879,10.14613,-0.90000
2.897,3.983,1.872,10.14613,-0.90000
2.887,3.975,1.860,10.14613,-0.90000
2.875,3.965,1.848,10.14613,-0.90000
2.863,3.956,1.835,10.14613,-0.90000
2.850,3.945,1.820,10.14613,-0.90000
2.836,3.933,1.805,10.14613,-0.90000
2.820,3.920,1.788,10.14613,-0.90000
2.810,3.911,1.777,10.14613,-0.90000
2.805,3.907,1.772,10.14613,-0.90000
2.809,3.909,1.776,10.14613,-0.90000
2.787,3.892,1.752,10.14613,-0.90000
2.742,3.853,1.704,10.14613,-0.90000
2.675,3.796,1.633,10.14613,-0.90000
2.583,3.716,1.536,10.14613,-0.90000
2.488,3.634,1.434,10.14613,-0.90000
2.395,3.554,1.336,10.14613,-0.90000
2.300,3.472,1.236,10.14613,-0.90000
2.210,3.393,1.140,10.14613,-0.90000
2.125,3.319,1.051,10.14613,-0.90000
2.101,3.299,1.026,10.14613,-0.90000
2.098,3.296,1.022,10.14613,-0.90000
1.999,3.209,0.918,10.14613,-0.90000
1.910,3.131,0.825,10.14613,-0.90000
1.844,3.073,0.756,10.14613,-0.90000
1.832,3.062,0.743,10.14613,-0.90000
1.870,3.095,0.783,10.14613,-0.90000
1.897,3.119,0.812,10.14613,-0.90000
1.906,3.127,0.821,10.14613,-0.90000
1.890,3.113,0.804,10.14613,-0.90000
1.809,3.042,0.719,10.14613,-0.90000
1.694,2.941,0.599,10.14613,-0.90000
1.566,2.828,0.465,10.14613,-0.90000
1.460,2.735,0.354,10.14613,-0.90000
1.360,2.648,0.249,10.14613,-0.90000
1.264,2.564,0.149,10.14613,-0.90000
1.172,2.485,0.052,10.14613,-0.90000
1.084,2.410,-0.041,10.14613,-0.90000
0.996,2.336,-0.134,10.14613,-0.90000
0.910,2.264,-0.226,10.14613,-0.90000
0.849,2.219,-0.292,10.14613,-0.90000
0.781,2.184,-0.372,10.14613,-0.90000
0.697,2.117,-0.461,10.14613,-0.90000
0.612,2.045,-0.551,10.14613,-0.90000
0.523,1.969,-0.643,10.14613,-0.90000
0.426,1.873,-0.741,10.14613,-0.90000
0.305,1.729,-0.853,10.14613,-0.90000
0.219,1.603,-0.926,10.14613,-0.90000
32.497,34.690,31.146,10.14613,-0.90000
