Gmag,G_BPmag,G_RPmag,logAge,MH
16.484,20.618,14.905,10.10551,-0.60000
15.882,19.526,14.344,10.10551,-0.60000
15.768,19.320,14.239,10.10551,-0.60000
14.872,17.756,13.413,10.10551,-0.60000
14.293,16.839,12.879,10.10551,-0.60000
13.863,16.217,12.479,10.10551,-0.60000
13.219,15.359,11.874,10.10551,-0.60000
12.641,14.653,11.322,10.10551,-0.60000
12.206,14.141,10.903,10.10551,-0.60000
11.834,13.707,10.546,10.10551,-0.60000
11.410,13.197,10.144,10.10551,-0.60000
11.146,12.879,9.894,10.10551,-0.60000
10.942,12.637,9.701,10.10551,-0.60000
10.423,12.008,9.213,10.10551,-0.60000
9.825,11.268,8.661,10.10551,-0.60000
9.251,10.546,8.139,10.10551,-0.60000
9.145,10.417,8.041,10.10551,-0.60000
8.697,9.887,7.627,10.10551,-0.60000
8.667,9.852,7.599,10.10551,-0.60000
8.550,9.716,7.490,10.10551,-0.60000
8.442,9.592,7.389,10.10551,-0.60000
8.342,9.478,7.295,10.10551,-0.60000
8.246,9.370,7.205,10.10551,-0.60000
8.174,9.288,7.137,10.10551,-0.60000
8.137,9.246,7.102,10.10551,-0.60000
8.011,9.105,6.983,10.10551,-0.60000
7.894,8.975,6.873,10.10551,-0.60000
7.781,8.850,6.766,10.10551,-0.60000
7.670,8.726,6.660,10.10551,-0.60000
7.635,8.689,6.627,10.10551,-0.60000
7.566,8.614,6.561,10.10551,-0.60000
7.462,8.502,6.461,10.10551,-0.60000
7.365,8.397,6.367,10.10551,-0.60000
7.264,8.290,6.269,10.10551,-0.60000
7.168,8.188,6.176,10.10551,-0.60000
7.044,8.058,6.055,10.10551,-0.60000
7.007,8.020,6.019,10.10551,-0.60000
6.992,8.004,6.004,10.10551,-0.60000
6.871,7.880,5.885,10.10551,-0.60000
6.784,7.790,5.799,10.10551,-0.60000
6.716,7.722,5.732,10.10551,-0.60000
6.597,7.604,5.612,10.10551,-0.60000
6.465,7.476,5.478,10.10551,-0.60000
6.441,7.453,5.453,10.10551,-0.60000
6.334,7.355,5.342,10.10551,-0.60000
6.226,7.263,5.226,10.10551,-0.60000
6.153,7.210,5.142,10.10551,-0.60000
6.102,7.181,5.080,10.10551,-0.60000
6.050,7.149,5.019,10.10551,-0.60000
5.973,7.091,4.934,10.10551,-0.60000
5.944,7.068,4.902,10.10551,-0.60000
5.846,6.981,4.799,10.10551,-0.60000
5.830,6.966,4.782,10.10551,-0.60000
5.716,6.859,4.665,10.10551,-0.60000
5.612,6.760,4.559,10.10551,-0.60000
5.484,6.637,4.429,10.10551,-0.60000
5.383,6.538,4.326,10.10551,-0.60000
5.251,6.410,4.192,10.10551,-0.60000
5.144,6.306,4.084,10.10551,-0.60000
5.043,6.208,3.983,10.10551,-0.60000
4.942,6.109,3.880,10.10551,-0.60000
4.838,6.008,3.775,10.10551,-0.60000
4.740,5.913,3.676,10.10551,-0.60000
4.640,5.816,3.574,10.10551,-0.60000
4.517,5.696,3.449,10.10551,-0.60000
4.415,5.598,3.347,10.10551,-0.60000
4.288,5.476,3.217,10.10551,-0.60000
4.166,5.359,3.093,10.10551,-0.60000
4.047,5.246,2.972,10.10551,-0.60000
3.929,5.133,2.851,10.10551,-0.60000
3.819,5.029,2.739,10.10551,-0.60000
3.709,4.924,2.626,10.10551,-0.60000
3.601,4.822,2.516,10.10551,-0.60000
3.497,4.723,2.409,10.10551,-0.60000
3.395,4.627,2.305,10.10551,-0.60000
3.299,4.537,2.207,10.10551,-0.60000
3.205,4.449,2.110,10.10551,-0.60000
3.114,4.364,2.016,10.10551,-0.60000
3.040,4.296,1.941,10.10551,-0.60000
2.973,4.233,1.872,10.10551,-0.60000
3.002,4.259,1.902,10.10551,-0.60000
3.063,4.314,1.966,10.10551,-0.60000
3.051,4.302,1.953,10.10551,-0.60000
2.944,4.204,1.843,10.10551,-0.60000
2.835,4.103,1.731,10.10551,-0.60000
2.728,4.004,1.620,10.10551,-0.60000
2.622,3.908,1.512,10.10551,-0.60000
2.516,3.810,1.402,10.10551,-0.60000
2.415,3.718,1.298,10.10551,-0.60000
2.313,3.625,1.192,10.10551,-0.60000
2.212,3.534,1.088,10.10551,-0.60000
2.111,3.441,0.984,10.10551,-0.60000
2.014,3.353,0.883,10.10551,-0.60000
1.916,3.265,0.783,10.10551,-0.60000
1.821,3.179,0.684,10.10551,-0.60000
1.726,3.093,0.586,10.10551,-0.60000
1.635,3.011,0.491,10.10551,-0.60000
1.543,2.930,0.396,10.10551,-0.60000
1.452,2.848,0.302,10.10551,-0.60000
1.365,2.773,0.210,10.10551,-0.60000
1.274,2.696,0.115,10.10551,-0.60000
1.168,2.606,0.003,10.10551,-0.60000
1.084,2.535,-0.086,10.10551,-0.60000
0.996,2.461,-0.178,10.10551,-0.60000
0.895,2.378,-0.285,10.10551,-0.60000
0.812,2.309,-0.372,10.10551,-0.60000
0.728,2.241,-0.461,10.10551,-0.60000
0.631,2.163,-0.565,10.10551,-0.60000
0.533,2.087,-0.669,10.10551,-0.60000
0.452,2.024,-0.756,10.10551,-0.60000
0.361,1.957,-0.853,10.10551,-0.60000
0.268,1.889,-0.953,10.10551,-0.60000
0.178,1.826,-1.051,10.10551,-0.60000
0.089,1.764,-1.148,10.10551,-0.60000
0.005,1.710,-1.240,10.10551,-0.60000
-0.076,1.664,-1.331,10.10551,-0.60000
-0.156,1.621,-1.420,10.10551,-0.60000
-0.232,1.590,-1.507,10.10551,-0.60000
-0.303,1.569,-1.589,10.10551,-0.60000
-0.370,1.553,-1.668,10.10551,-0.60000
-0.430,1.559,-1.742,10.10551,-0.60000
-0.491,1.564,-1.816,10.10551,-0.60000
-0.548,1.580,-1.886,10.10551,-0.60000
-0.584,1.602,-1.933,10.10551,-0.60000
2.919,4.081,1.860,10.10551,-0.60000
2.890,4.053,1.829,10.10551,-0.60000
2.881,4.045,1.820,10.10551,-0.60000
2.878,4.041,1.817,10.10551,-0.60000
2.878,4.040,1.818,10.10551,-0.60000
2.880,4.042,1.821,10.10551,-0.60000
2.885,4.044,1.826,10.10551,-0.60000
2.890,4.047,1.832,10.10551,-0.60000
2.895,4.051,1.838,10.10551,-0.60000
2.899,4.053,1.843,10.10551,-0.60000
2.903,4.056,1.847,10.10551,-0.60000
2.907,4.058,1.852,10.10551,-0.60000
2.910,4.059,1.855,10.10551,-0.60000
2.912,4.061,1.858,10.10551,-0.60000
2.914,4.062,1.860,10.10551,-0.60000
2.914,4.062,1.861,10.10551,-0.60000
2.914,4.062,1.861,10.10551,-0.60000
2.915,4.062,1.862,10.10551,-0.60000
2.916,4.062,1.863,10.10551,-0.60000
2.915,4.061,1.863,10.10551,-0.60000
2.914,4.059,1.861,10.10551,-0.60000
2.912,4.057,1.859,10.10551,-0.60000
2.908,4.054,1.856,10.10551,-0.60000
2.904,4.050,1.851,10.10551,-0.60000
2.903,4.049,1.850,10.10551,-0.60000
2.897,4.044,1.843,10.10551,-0.60000
2.890,4.038,1.836,10.10551,-0.60000
2.881,4.031,1.826,10.10551,-0.60000
2.871,4.022,1.816,10.10551,-0.60000
2.860,4.013,1.804,10.10551,-0.60000
2.847,4.002,1.790,10.10551,-0.60000
2.832,3.989,1.774,10.10551,-0.60000
2.824,3.982,1.766,10.10551,-0.60000
2.820,3.978,1.762,10.10551,-0.60000
2.795,3.958,1.735,10.10551,-0.60000
2.747,3.917,1.684,10.10551,-0.60000
2.674,3.853,1.606,10.10551,-0.60000
2.586,3.777,1.514,10.10551,-0.60000
2.501,3.703,1.424,10.10551,-0.60000
2.407,3.622,1.324,10.10551,-0.60000
2.319,3.546,1.232,10.10551,-0.60000
2.231,3.469,1.139,10.10551,-0.60000
2.149,3.398,1.053,10.10551,-0.60000
2.102,3.357,1.003,10.10551,-0.60000
2.086,3.343,0.987,10.10551,-0.60000
1.970,3.242,0.866,10.10551,-0.60000
1.883,3.166,0.775,10.10551,-0.60000
1.848,3.135,0.738,10.10551,-0.60000
1.916,3.194,0.808,10.10551,-0.60000
1.894,3.175,0.786,10.10551,-0.60000
1.793,3.087,0.679,10.10551,-0.60000
1.710,3.015,0.593,10.10551,-0.60000
1.633,2.948,0.511,10.10551,-0.60000
1.546,2.872,0.420,10.10551,-0.60000
1.459,2.797,0.330,10.10551,-0.60000
1.375,2.725,0.242,10.10551,-0.60000
1.292,2.655,0.154,10.10551,-0.60000
1.208,2.586,0.065,10.10551,-0.60000
1.126,2.518,-0.022,10.10551,-0.60000
1.046,2.452,-0.108,10.10551,-0.60000
1.005,2.419,-0.152,10.10551,-0.60000
0.932,2.366,-0.231,10.10551,-0.60000
0.863,2.322,-0.309,10.10551,-0.60000
0.795,2.281,-0.385,10.10551,-0.60000
0.718,2.223,-0.468,10.10551,-0.60000
0.643,2.167,-0.549,10.10551,-0.60000
0.566,2.109,-0.632,10.10551,-0.60000
0.487,2.049,-0.717,10.10551,-0.60000
0.411,1.993,-0.800,10.10551,-0.60000
0.342,1.942,-0.873,10.10551,-0.60000
0.273,1.885,-0.946,10.10551,-0.60000
0.185,1.804,-1.035,10.10551,-0.60000
0.085,1.689,-1.131,10.10551,-0.60000
-0.038,1.506,-1.237,10.10551,-0.60000
-0.145,1.321,-1.318,10.10551,-0.60000
32.212,33.625,31.059,10.10551,-0.60000
