Gmag,G_BPmag,G_RPmag,logAge,MH
16.283,20.213,14.725,10.16879,-0.75000
15.778,19.266,14.259,10.16879,-0.75000
15.574,18.879,14.071,10.16879,-0.75000
14.717,17.384,13.287,10.16879,-0.75000
14.270,16.693,12.875,10.16879,-0.75000
14.158,16.526,12.773,10.16879,-0.75000
13.743,15.940,12.387,10.16879,-0.75000
13.127,15.156,11.805,10.16879,-0.75000
12.567,14.485,11.269,10.16879,-0.75000
12.141,13.989,10.860,10.16879,-0.75000
11.782,13.575,10.515,10.16879,-0.75000
11.394,13.121,10.144,10.16879,-0.75000
10.954,12.602,9.726,10.16879,-0.75000
10.458,12.011,9.258,10.16879,-0.75000
9.887,11.308,8.729,10.16879,-0.75000
9.743,11.126,8.597,10.16879,-0.75000
9.299,10.580,8.191,10.16879,-0.75000
8.745,9.929,7.677,10.16879,-0.75000
8.632,9.798,7.571,10.16879,-0.75000
8.508,9.655,7.455,10.16879,-0.75000
8.383,9.513,7.338,10.16879,-0.75000
8.235,9.347,7.199,10.16879,-0.75000
8.205,9.313,7.170,10.16879,-0.75000
8.194,9.300,7.160,10.16879,-0.75000
8.072,9.165,7.044,10.16879,-0.75000
7.954,9.034,6.933,10.16879,-0.75000
7.837,8.905,6.822,10.16879,-0.75000
7.729,8.786,6.718,10.16879,-0.75000
7.619,8.667,6.614,10.16879,-0.75000
7.619,8.666,6.613,10.16879,-0.75000
7.517,8.556,6.515,10.16879,-0.75000
7.410,8.442,6.412,10.16879,-0.75000
7.307,8.333,6.312,10.16879,-0.75000
7.172,8.191,6.181,10.16879,-0.75000
7.036,8.049,6.048,10.16879,-0.75000
6.928,7.937,5.941,10.16879,-0.75000
6.886,7.894,5.900,10.16879,-0.75000
6.860,7.868,5.874,10.16879,-0.75000
6.817,7.825,5.831,10.16879,-0.75000
6.697,7.705,5.710,10.16879,-0.75000
6.561,7.574,5.573,10.16879,-0.75000
6.537,7.550,5.548,10.16879,-0.75000
6.426,7.447,5.432,10.16879,-0.75000
6.309,7.346,5.308,10.16879,-0.75000
6.222,7.279,5.211,10.16879,-0.75000
6.156,7.232,5.136,10.16879,-0.75000
6.090,7.183,5.061,10.16879,-0.75000
6.002,7.111,4.966,10.16879,-0.75000
5.906,7.027,4.865,10.16879,-0.75000
5.852,6.978,4.809,10.16879,-0.75000
5.829,6.955,4.785,10.16879,-0.75000
5.717,6.850,4.671,10.16879,-0.75000
5.614,6.750,4.565,10.16879,-0.75000
5.503,6.643,4.453,10.16879,-0.75000
5.403,6.546,4.351,10.16879,-0.75000
5.284,6.431,4.232,10.16879,-0.75000
5.178,6.326,4.124,10.16879,-0.75000
5.068,6.220,4.013,10.16879,-0.75000
4.965,6.119,3.908,10.16879,-0.75000
4.850,6.007,3.792,10.16879,-0.75000
4.743,5.903,3.684,10.16879,-0.75000
4.631,5.794,3.570,10.16879,-0.75000
4.525,5.691,3.463,10.16879,-0.75000
4.423,5.593,3.360,10.16879,-0.75000
4.317,5.491,3.252,10.16879,-0.75000
4.217,5.394,3.150,10.16879,-0.75000
4.122,5.303,3.053,10.16879,-0.75000
4.024,5.209,2.954,10.16879,-0.75000
3.900,5.091,2.828,10.16879,-0.75000
3.809,5.003,2.734,10.16879,-0.75000
3.693,4.893,2.617,10.16879,-0.75000
3.605,4.809,2.526,10.16879,-0.75000
3.493,4.702,2.412,10.16879,-0.75000
3.388,4.603,2.305,10.16879,-0.75000
3.282,4.503,2.196,10.16879,-0.75000
3.185,4.413,2.097,10.16879,-0.75000
3.093,4.326,2.002,10.16879,-0.75000
3.007,4.246,1.915,10.16879,-0.75000
2.936,4.179,1.841,10.16879,-0.75000
2.891,4.136,1.795,10.16879,-0.75000
2.936,4.177,1.842,10.16879,-0.75000
2.957,4.196,1.864,10.16879,-0.75000
2.942,4.182,1.849,10.16879,-0.75000
2.839,4.086,1.743,10.16879,-0.75000
2.731,3.986,1.632,10.16879,-0.75000
2.624,3.887,1.521,10.16879,-0.75000
2.519,3.790,1.413,10.16879,-0.75000
2.413,3.693,1.304,10.16879,-0.75000
2.312,3.601,1.200,10.16879,-0.75000
2.209,3.506,1.093,10.16879,-0.75000
2.107,3.413,0.989,10.16879,-0.75000
2.006,3.321,0.885,10.16879,-0.75000
1.910,3.233,0.785,10.16879,-0.75000
1.812,3.144,0.684,10.16879,-0.75000
1.717,3.059,0.586,10.16879,-0.75000
1.623,2.974,0.488,10.16879,-0.75000
1.532,2.893,0.394,10.16879,-0.75000
1.440,2.810,0.298,10.16879,-0.75000
1.349,2.731,0.204,10.16879,-0.75000
1.263,2.657,0.113,10.16879,-0.75000
1.173,2.579,0.019,10.16879,-0.75000
1.068,2.490,-0.092,10.16879,-0.75000
0.985,2.421,-0.178,10.16879,-0.75000
0.899,2.348,-0.269,10.16879,-0.75000
0.800,2.265,-0.374,10.16879,-0.75000
0.720,2.198,-0.459,10.16879,-0.75000
0.638,2.131,-0.545,10.16879,-0.75000
0.542,2.054,-0.646,10.16879,-0.75000
0.448,1.979,-0.747,10.16879,-0.75000
0.369,1.918,-0.831,10.16879,-0.75000
0.280,1.849,-0.926,10.16879,-0.75000
0.191,1.782,-1.022,10.16879,-0.75000
0.103,1.717,-1.117,10.16879,-0.75000
0.016,1.653,-1.210,10.16879,-0.75000
-0.065,1.598,-1.298,10.16879,-0.75000
-0.146,1.542,-1.386,10.16879,-0.75000
-0.224,1.492,-1.471,10.16879,-0.75000
-0.299,1.450,-1.555,10.16879,-0.75000
-0.370,1.412,-1.635,10.16879,-0.75000
-0.438,1.382,-1.711,10.16879,-0.75000
-0.502,1.358,-1.785,10.16879,-0.75000
-0.566,1.336,-1.858,10.16879,-0.75000
-0.624,1.322,-1.927,10.16879,-0.75000
-0.665,1.318,-1.975,10.16879,-0.75000
2.946,4.068,1.904,10.16879,-0.75000
2.915,4.040,1.872,10.16879,-0.75000
2.906,4.031,1.862,10.16879,-0.75000
2.903,4.027,1.859,10.16879,-0.75000
2.902,4.026,1.860,10.16879,-0.75000
2.905,4.027,1.863,10.16879,-0.75000
2.909,4.029,1.868,10.16879,-0.75000
2.914,4.032,1.874,10.16879,-0.75000
2.920,4.036,1.880,10.16879,-0.75000
2.925,4.039,1.886,10.16879,-0.75000
2.929,4.041,1.891,10.16879,-0.75000
2.933,4.044,1.896,10.16879,-0.75000
2.936,4.046,1.900,10.16879,-0.75000
2.940,4.047,1.904,10.16879,-0.75000
2.942,4.049,1.907,10.16879,-0.75000
2.943,4.049,1.908,10.16879,-0.75000
2.943,4.049,1.908,10.16879,-0.75000
2.944,4.049,1.910,10.16879,-0.75000
2.945,4.049,1.910,10.16879,-0.75000
2.944,4.048,1.910,10.16879,-0.75000
2.942,4.047,1.908,10.16879,-0.75000
2.940,4.044,1.905,10.16879,-0.75000
2.936,4.041,1.901,10.16879,-0.75000
2.931,4.037,1.896,10.16879,-0.75000
2.929,4.036,1.894,10.16879,-0.75000
2.928,4.035,1.893,10.16879,-0.75000
2.921,4.029,1.885,10.16879,-0.75000
2.912,4.021,1.875,10.16879,-0.75000
2.901,4.013,1.864,10.16879,-0.75000
2.889,4.003,1.851,10.16879,-0.75000
2.876,3.991,1.836,10.16879,-0.75000
2.862,3.980,1.822,10.16879,-0.75000
2.846,3.967,1.804,10.16879,-0.75000
2.828,3.952,1.786,10.16879,-0.75000
2.829,3.952,1.786,10.16879,-0.75000
2.823,3.947,1.780,10.16879,-0.75000
2.789,3.918,1.743,10.16879,-0.75000
2.731,3.868,1.682,10.16879,-0.75000
2.641,3.791,1.587,10.16879,-0.75000
2.553,3.716,1.493,10.16879,-0.75000
2.467,3.641,1.401,10.16879,-0.75000
2.384,3.570,1.314,10.16879,-0.75000
2.299,3.496,1.223,10.16879,-0.75000
2.216,3.425,1.136,10.16879,-0.75000
2.135,3.355,1.051,10.16879,-0.75000
2.110,3.333,1.024,10.16879,-0.75000
2.090,3.316,1.003,10.16879,-0.75000
2.003,3.238,0.912,10.16879,-0.75000
1.925,3.170,0.831,10.16879,-0.75000
1.873,3.124,0.776,10.16879,-0.75000
1.858,3.111,0.760,10.16879,-0.75000
1.887,3.136,0.791,10.16879,-0.75000
1.923,3.168,0.829,10.16879,-0.75000
1.941,3.184,0.848,10.16879,-0.75000
1.951,3.192,0.858,10.16879,-0.75000
1.871,3.122,0.774,10.16879,-0.75000
1.762,3.027,0.659,10.16879,-0.75000
1.618,2.902,0.508,10.16879,-0.75000
1.489,2.790,0.373,10.16879,-0.75000
1.373,2.689,0.251,10.16879,-0.75000
1.261,2.595,0.134,10.16879,-0.75000
1.153,2.504,0.019,10.16879,-0.75000
1.044,2.413,-0.096,10.16879,-0.75000
0.942,2.335,-0.207,10.16879,-0.75000
0.843,2.263,-0.316,10.16879,-0.75000
0.743,2.187,-0.423,10.16879,-0.75000
0.647,2.118,-0.528,10.16879,-0.75000
0.539,2.026,-0.641,10.16879,-0.75000
0.411,1.899,-0.769,10.16879,-0.75000
0.312,1.772,-0.859,10.16879,-0.75000
0.217,1.623,-0.936,10.16879,-0.75000
32.452,34.488,31.132,10.16879,-0.75000
