Gmag,G_BPmag,G_RPmag,logAge,MH
16.159,19.918,14.619,9.95424,-0.85000
15.965,19.554,14.439,9.95424,-0.85000
15.466,18.606,13.983,9.95424,-0.85000
15.245,18.214,13.780,9.95424,-0.85000
14.636,17.177,13.225,9.95424,-0.85000
14.091,16.356,12.724,9.95424,-0.85000
13.692,15.810,12.352,9.95424,-0.85000
13.109,15.078,11.800,9.95424,-0.85000
12.564,14.432,11.278,9.95424,-0.85000
12.138,13.939,10.868,9.95424,-0.85000
11.783,13.535,10.527,9.95424,-0.85000
11.422,13.120,10.179,9.95424,-0.85000
11.015,12.647,9.791,9.95424,-0.85000
10.559,12.109,9.360,9.95424,-0.85000
10.055,11.495,8.891,9.95424,-0.85000
9.523,10.835,8.404,9.95424,-0.85000
9.037,10.254,7.955,9.95424,-0.85000
9.035,10.252,7.953,9.95424,-0.85000
8.778,9.952,7.714,9.95424,-0.85000
8.575,9.716,7.525,9.95424,-0.85000
8.469,9.596,7.426,9.95424,-0.85000
8.283,9.386,7.251,9.95424,-0.85000
8.129,9.212,7.106,9.95424,-0.85000
8.121,9.202,7.098,9.95424,-0.85000
7.973,9.036,6.960,9.95424,-0.85000
7.833,8.880,6.828,9.95424,-0.85000
7.708,8.740,6.709,9.95424,-0.85000
7.690,8.721,6.692,9.95424,-0.85000
7.614,8.638,6.620,9.95424,-0.85000
7.514,8.530,6.524,9.95424,-0.85000
7.422,8.430,6.436,9.95424,-0.85000
7.328,8.329,6.346,9.95424,-0.85000
7.223,8.216,6.244,9.95424,-0.85000
7.220,8.213,6.241,9.95424,-0.85000
7.110,8.097,6.135,9.95424,-0.85000
7.007,7.988,6.035,9.95424,-0.85000
6.907,7.883,5.938,9.95424,-0.85000
6.805,7.775,5.838,9.95424,-0.85000
6.666,7.631,5.702,9.95424,-0.85000
6.618,7.581,5.655,9.95424,-0.85000
6.495,7.455,5.534,9.95424,-0.85000
6.382,7.339,5.422,9.95424,-0.85000
6.369,7.326,5.409,9.95424,-0.85000
6.314,7.271,5.355,9.95424,-0.85000
6.204,7.162,5.244,9.95424,-0.85000
6.067,7.030,5.104,9.95424,-0.85000
6.016,6.981,5.052,9.95424,-0.85000
5.918,6.891,4.949,9.95424,-0.85000
5.849,6.832,4.875,9.95424,-0.85000
5.805,6.794,4.828,9.95424,-0.85000
5.718,6.728,4.731,9.95424,-0.85000
5.672,6.701,4.675,9.95424,-0.85000
5.645,6.691,4.639,9.95424,-0.85000
5.617,6.681,4.602,9.95424,-0.85000
5.567,6.651,4.543,9.95424,-0.85000
5.487,6.585,4.457,9.95424,-0.85000
5.384,6.493,4.348,9.95424,-0.85000
5.311,6.425,4.274,9.95424,-0.85000
5.212,6.330,4.171,9.95424,-0.85000
5.089,6.213,4.047,9.95424,-0.85000
4.965,6.093,3.920,9.95424,-0.85000
4.864,5.995,3.818,9.95424,-0.85000
4.761,5.895,3.714,9.95424,-0.85000
4.633,5.771,3.584,9.95424,-0.85000
4.508,5.650,3.457,9.95424,-0.85000
4.376,5.521,3.323,9.95424,-0.85000
4.253,5.403,3.198,9.95424,-0.85000
4.125,5.279,3.068,9.95424,-0.85000
4.005,5.164,2.946,9.95424,-0.85000
3.882,5.046,2.821,9.95424,-0.85000
3.757,4.926,2.694,9.95424,-0.85000
3.640,4.815,2.575,9.95424,-0.85000
3.522,4.702,2.454,9.95424,-0.85000
3.412,4.597,2.342,9.95424,-0.85000
3.298,4.489,2.225,9.95424,-0.85000
3.188,4.385,2.113,9.95424,-0.85000
3.077,4.280,2.000,9.95424,-0.85000
2.971,4.180,1.891,9.95424,-0.85000
2.867,4.082,1.784,9.95424,-0.85000
2.762,3.984,1.676,9.95424,-0.85000
2.663,3.891,1.574,9.95424,-0.85000
2.566,3.800,1.475,9.95424,-0.85000
2.531,3.767,1.439,9.95424,-0.85000
2.573,3.806,1.483,9.95424,-0.85000
2.633,3.861,1.545,9.95424,-0.85000
2.640,3.867,1.552,9.95424,-0.85000
2.543,3.776,1.452,9.95424,-0.85000
2.435,3.676,1.341,9.95424,-0.85000
2.333,3.582,1.236,9.95424,-0.85000
2.230,3.487,1.130,9.95424,-0.85000
2.130,3.394,1.026,9.95424,-0.85000
2.025,3.299,0.919,9.95424,-0.85000
1.926,3.208,0.816,9.95424,-0.85000
1.824,3.115,0.712,9.95424,-0.85000
1.728,3.027,0.612,9.95424,-0.85000
1.631,2.939,0.512,9.95424,-0.85000
1.537,2.854,0.414,9.95424,-0.85000
1.443,2.769,0.318,9.95424,-0.85000
1.351,2.685,0.222,9.95424,-0.85000
1.260,2.605,0.128,9.95424,-0.85000
1.168,2.523,0.032,9.95424,-0.85000
1.083,2.449,-0.057,9.95424,-0.85000
0.996,2.374,-0.148,9.95424,-0.85000
0.912,2.302,-0.236,9.95424,-0.85000
0.830,2.232,-0.322,9.95424,-0.85000
0.748,2.161,-0.409,9.95424,-0.85000
0.650,2.079,-0.512,9.95424,-0.85000
0.570,2.012,-0.596,9.95424,-0.85000
0.493,1.947,-0.677,9.95424,-0.85000
0.399,1.870,-0.777,9.95424,-0.85000
0.307,1.796,-0.874,9.95424,-0.85000
0.233,1.736,-0.953,9.95424,-0.85000
0.145,1.667,-1.046,9.95424,-0.85000
0.060,1.601,-1.137,9.95424,-0.85000
-0.026,1.534,-1.229,9.95424,-0.85000
-0.110,1.469,-1.318,9.95424,-0.85000
-0.187,1.412,-1.402,9.95424,-0.85000
-0.265,1.355,-1.486,9.95424,-0.85000
-0.341,1.299,-1.567,9.95424,-0.85000
-0.414,1.248,-1.646,9.95424,-0.85000
-0.483,1.203,-1.722,9.95424,-0.85000
-0.550,1.159,-1.795,9.95424,-0.85000
-0.613,1.123,-1.865,9.95424,-0.85000
-0.673,1.090,-1.932,9.95424,-0.85000
-0.730,1.058,-1.996,9.95424,-0.85000
-0.747,1.049,-2.014,9.95424,-0.85000
2.797,3.932,1.748,9.95424,-0.85000
2.762,3.900,1.712,9.95424,-0.85000
2.752,3.892,1.702,9.95424,-0.85000
2.747,3.886,1.697,9.95424,-0.85000
2.746,3.884,1.696,9.95424,-0.85000
2.746,3.883,1.697,9.95424,-0.85000
2.748,3.884,1.699,9.95424,-0.85000
2.750,3.885,1.702,9.95424,-0.85000
2.753,3.885,1.706,9.95424,-0.85000
2.755,3.886,1.708,9.95424,-0.85000
2.756,3.886,1.710,9.95424,-0.85000
2.758,3.887,1.712,9.95424,-0.85000
2.759,3.887,1.714,9.95424,-0.85000
2.760,3.886,1.715,9.95424,-0.85000
2.760,3.886,1.716,9.95424,-0.85000
2.760,3.886,1.716,9.95424,-0.85000
2.760,3.886,1.716,9.95424,-0.85000
2.760,3.885,1.716,9.95424,-0.85000
2.759,3.884,1.716,9.95424,-0.85000
2.758,3.882,1.715,9.95424,-0.85000
2.757,3.880,1.714,9.95424,-0.85000
2.754,3.878,1.711,9.95424,-0.85000
2.751,3.874,1.708,9.95424,-0.85000
2.747,3.870,1.704,9.95424,-0.85000
2.746,3.870,1.703,9.95424,-0.85000
2.741,3.865,1.698,9.95424,-0.85000
2.734,3.859,1.690,9.95424,-0.85000
2.726,3.852,1.682,9.95424,-0.85000
2.717,3.845,1.673,9.95424,-0.85000
2.707,3.835,1.661,9.95424,-0.85000
2.694,3.824,1.648,9.95424,-0.85000
2.681,3.812,1.634,9.95424,-0.85000
2.665,3.799,1.617,9.95424,-0.85000
2.650,3.786,1.601,9.95424,-0.85000
2.645,3.782,1.596,9.95424,-0.85000
2.602,3.745,1.551,9.95424,-0.85000
2.522,3.675,1.465,9.95424,-0.85000
2.435,3.599,1.373,9.95424,-0.85000
2.346,3.521,1.280,9.95424,-0.85000
2.262,3.448,1.192,9.95424,-0.85000
2.186,3.381,1.111,9.95424,-0.85000
2.111,3.315,1.033,9.95424,-0.85000
2.027,3.240,0.945,9.95424,-0.85000
1.999,3.216,0.916,9.95424,-0.85000
1.925,3.150,0.838,9.95424,-0.85000
1.834,3.068,0.743,9.95424,-0.85000
1.763,3.005,0.669,9.95424,-0.85000
1.737,2.982,0.642,9.95424,-0.85000
1.706,2.954,0.610,9.95424,-0.85000
1.774,3.015,0.681,9.95424,-0.85000
1.807,3.044,0.715,9.95424,-0.85000
1.793,3.031,0.700,9.95424,-0.85000
1.746,2.991,0.652,9.95424,-0.85000
1.641,2.897,0.542,9.95424,-0.85000
1.514,2.785,0.409,9.95424,-0.85000
1.408,2.692,0.299,9.95424,-0.85000
1.308,2.604,0.194,9.95424,-0.85000
1.212,2.519,0.094,9.95424,-0.85000
1.120,2.439,-0.003,9.95424,-0.85000
1.031,2.364,-0.096,9.95424,-0.85000
0.944,2.290,-0.188,9.95424,-0.85000
0.857,2.216,-0.280,9.95424,-0.85000
0.822,2.197,-0.321,9.95424,-0.85000
0.747,2.148,-0.405,9.95424,-0.85000
0.663,2.080,-0.495,9.95424,-0.85000
0.581,2.015,-0.582,9.95424,-0.85000
0.498,1.948,-0.671,9.95424,-0.85000
0.419,1.886,-0.755,9.95424,-0.85000
0.340,1.827,-0.841,9.95424,-0.85000
0.259,1.767,-0.928,9.95424,-0.85000
0.182,1.711,-1.011,9.95424,-0.85000
0.116,1.662,-1.083,9.95424,-0.85000
0.046,1.612,-1.158,9.95424,-0.85000
-0.030,1.557,-1.241,9.95424,-0.85000
-0.101,1.506,-1.318,9.95424,-0.85000
-0.175,1.448,-1.396,9.95424,-0.85000
-0.271,1.355,-1.493,9.95424,-0.85000
-0.286,1.322,-1.503,9.95424,-0.85000
-0.282,1.323,-1.498,9.95424,-0.85000
-0.276,1.325,-1.491,9.95424,-0.85000
-0.282,1.318,-1.497,9.95424,-0.85000
-0.297,1.303,-1.512,9.95424,-0.85000
-0.323,1.280,-1.538,9.95424,-0.85000
-0.341,1.263,-1.556,9.95424,-0.85000
-0.373,1.231,-1.589,9.95424,-0.85000
-0.425,1.152,-1.633,9.95424,-0.85000
-0.510,1.010,-1.701,9.95424,-0.85000
-0.561,0.923,-1.739,9.95424,-0.85000
-0.588,0.877,-1.760,9.95424,-0.85000
32.425,33.523,31.408,9.95424,-0.85000
