Gmag,G_BPmag,G_RPmag,logAge,MH
16.592,20.724,15.007,9.96614,-0.50000
15.974,19.722,14.423,9.96614,-0.50000
15.924,19.633,14.377,9.96614,-0.50000
15.020,18.076,13.539,9.96614,-0.50000
14.428,17.123,12.992,9.96614,-0.50000
13.993,16.478,12.587,9.96614,-0.50000
13.346,15.590,11.981,9.96614,-0.50000
12.760,14.856,11.423,9.96614,-0.50000
12.316,14.327,10.997,9.96614,-0.50000
12.025,13.986,10.717,9.96614,-0.50000
11.929,13.874,10.625,9.96614,-0.50000
11.661,13.548,10.370,9.96614,-0.50000
11.508,13.364,10.225,9.96614,-0.50000
11.127,12.898,9.865,9.96614,-0.50000
11.045,12.799,9.787,9.96614,-0.50000
10.540,12.181,9.315,9.96614,-0.50000
9.982,11.490,8.796,9.96614,-0.50000
9.440,10.801,8.304,9.96614,-0.50000
9.066,10.335,7.963,9.96614,-0.50000
8.910,10.147,7.820,9.96614,-0.50000
8.774,9.987,7.694,9.96614,-0.50000
8.604,9.788,7.537,9.96614,-0.50000
8.450,9.609,7.393,9.96614,-0.50000
8.431,9.586,7.375,9.96614,-0.50000
8.342,9.484,7.292,9.96614,-0.50000
8.208,9.331,7.167,9.96614,-0.50000
8.087,9.194,7.054,9.96614,-0.50000
7.985,9.078,6.958,9.96614,-0.50000
7.896,8.978,6.874,9.96614,-0.50000
7.789,8.860,6.773,9.96614,-0.50000
7.687,8.747,6.676,9.96614,-0.50000
7.591,8.641,6.584,9.96614,-0.50000
7.546,8.592,6.542,9.96614,-0.50000
7.539,8.584,6.535,9.96614,-0.50000
7.427,8.462,6.427,9.96614,-0.50000
7.324,8.351,6.329,9.96614,-0.50000
7.220,8.240,6.229,9.96614,-0.50000
7.124,8.137,6.137,9.96614,-0.50000
7.076,8.085,6.090,9.96614,-0.50000
7.039,8.046,6.054,9.96614,-0.50000
6.890,7.890,5.909,9.96614,-0.50000
6.749,7.742,5.771,9.96614,-0.50000
6.629,7.619,5.653,9.96614,-0.50000
6.528,7.515,5.553,9.96614,-0.50000
6.522,7.509,5.547,9.96614,-0.50000
6.502,7.489,5.527,9.96614,-0.50000
6.481,7.468,5.506,9.96614,-0.50000
6.353,7.340,5.378,9.96614,-0.50000
6.232,7.222,5.255,9.96614,-0.50000
6.153,7.146,5.175,9.96614,-0.50000
6.104,7.102,5.124,9.96614,-0.50000
5.993,7.003,5.006,9.96614,-0.50000
5.912,6.942,4.915,9.96614,-0.50000
5.870,6.922,4.862,9.96614,-0.50000
5.853,6.929,4.834,9.96614,-0.50000
5.832,6.930,4.803,9.96614,-0.50000
5.781,6.899,4.741,9.96614,-0.50000
5.690,6.825,4.643,9.96614,-0.50000
5.670,6.807,4.622,9.96614,-0.50000
5.643,6.783,4.594,9.96614,-0.50000
5.608,6.751,4.558,9.96614,-0.50000
5.478,6.629,4.424,9.96614,-0.50000
5.358,6.514,4.301,9.96614,-0.50000
5.249,6.408,4.190,9.96614,-0.50000
5.123,6.287,4.063,9.96614,-0.50000
5.022,6.188,3.960,9.96614,-0.50000
4.916,6.086,3.853,9.96614,-0.50000
4.790,5.964,3.726,9.96614,-0.50000
4.657,5.835,3.591,9.96614,-0.50000
4.526,5.708,3.458,9.96614,-0.50000
4.397,5.583,3.327,9.96614,-0.50000
4.296,5.487,3.225,9.96614,-0.50000
4.175,5.371,3.101,9.96614,-0.50000
4.050,5.252,2.973,9.96614,-0.50000
3.927,5.135,2.848,9.96614,-0.50000
3.801,5.015,2.720,9.96614,-0.50000
3.686,4.906,2.601,9.96614,-0.50000
3.568,4.794,2.481,9.96614,-0.50000
3.449,4.682,2.359,9.96614,-0.50000
3.331,4.572,2.239,9.96614,-0.50000
3.216,4.464,2.121,9.96614,-0.50000
3.102,4.358,2.003,9.96614,-0.50000
2.994,4.257,1.892,9.96614,-0.50000
2.910,4.179,1.805,9.96614,-0.50000
2.945,4.211,1.842,9.96614,-0.50000
3.023,4.281,1.923,9.96614,-0.50000
3.043,4.300,1.944,9.96614,-0.50000
3.018,4.277,1.918,9.96614,-0.50000
2.912,4.178,1.808,9.96614,-0.50000
2.802,4.077,1.695,9.96614,-0.50000
2.696,3.980,1.586,9.96614,-0.50000
2.587,3.880,1.473,9.96614,-0.50000
2.483,3.786,1.366,9.96614,-0.50000
2.378,3.691,1.258,9.96614,-0.50000
2.279,3.601,1.155,9.96614,-0.50000
2.178,3.509,1.050,9.96614,-0.50000
2.076,3.416,0.946,9.96614,-0.50000
1.979,3.328,0.845,9.96614,-0.50000
1.880,3.239,0.743,9.96614,-0.50000
1.786,3.154,0.645,9.96614,-0.50000
1.690,3.068,0.546,9.96614,-0.50000
1.599,2.986,0.451,9.96614,-0.50000
1.507,2.904,0.356,9.96614,-0.50000
1.417,2.824,0.263,9.96614,-0.50000
1.329,2.747,0.170,9.96614,-0.50000
1.238,2.670,0.075,9.96614,-0.50000
1.152,2.597,-0.016,9.96614,-0.50000
1.065,2.525,-0.107,9.96614,-0.50000
0.980,2.454,-0.196,9.96614,-0.50000
0.898,2.386,-0.283,9.96614,-0.50000
0.814,2.317,-0.372,9.96614,-0.50000
0.735,2.254,-0.456,9.96614,-0.50000
0.656,2.190,-0.541,9.96614,-0.50000
0.575,2.125,-0.626,9.96614,-0.50000
0.482,2.055,-0.726,9.96614,-0.50000
0.391,1.988,-0.824,9.96614,-0.50000
0.316,1.932,-0.905,9.96614,-0.50000
0.229,1.873,-1.000,9.96614,-0.50000
0.144,1.815,-1.092,9.96614,-0.50000
0.062,1.762,-1.182,9.96614,-0.50000
-0.015,1.720,-1.269,9.96614,-0.50000
-0.092,1.680,-1.354,9.96614,-0.50000
-0.162,1.650,-1.435,9.96614,-0.50000
-0.230,1.632,-1.514,9.96614,-0.50000
-0.293,1.618,-1.589,9.96614,-0.50000
-0.351,1.622,-1.660,9.96614,-0.50000
-0.404,1.635,-1.727,9.96614,-0.50000
-0.459,1.648,-1.794,9.96614,-0.50000
-0.503,1.687,-1.853,9.96614,-0.50000
-0.550,1.730,-1.915,9.96614,-0.50000
2.859,4.051,1.787,9.96614,-0.50000
2.833,4.027,1.760,9.96614,-0.50000
2.823,4.018,1.749,9.96614,-0.50000
2.820,4.014,1.746,9.96614,-0.50000
2.821,4.014,1.748,9.96614,-0.50000
2.823,4.016,1.751,9.96614,-0.50000
2.827,4.018,1.755,9.96614,-0.50000
2.831,4.020,1.760,9.96614,-0.50000
2.835,4.023,1.765,9.96614,-0.50000
2.838,4.025,1.768,9.96614,-0.50000
2.841,4.027,1.772,9.96614,-0.50000
2.844,4.028,1.775,9.96614,-0.50000
2.846,4.029,1.777,9.96614,-0.50000
2.847,4.029,1.779,9.96614,-0.50000
2.848,4.029,1.780,9.96614,-0.50000
2.848,4.029,1.781,9.96614,-0.50000
2.849,4.029,1.781,9.96614,-0.50000
2.849,4.029,1.782,9.96614,-0.50000
2.848,4.028,1.781,9.96614,-0.50000
2.847,4.026,1.780,9.96614,-0.50000
2.845,4.024,1.778,9.96614,-0.50000
2.842,4.021,1.775,9.96614,-0.50000
2.838,4.018,1.771,9.96614,-0.50000
2.838,4.017,1.771,9.96614,-0.50000
2.833,4.013,1.766,9.96614,-0.50000
2.826,4.007,1.759,9.96614,-0.50000
2.819,4.000,1.751,9.96614,-0.50000
2.810,3.992,1.741,9.96614,-0.50000
2.799,3.983,1.730,9.96614,-0.50000
2.788,3.973,1.718,9.96614,-0.50000
2.774,3.961,1.704,9.96614,-0.50000
2.759,3.948,1.688,9.96614,-0.50000
2.740,3.931,1.667,9.96614,-0.50000
2.744,3.935,1.673,9.96614,-0.50000
2.706,3.902,1.632,9.96614,-0.50000
2.637,3.842,1.559,9.96614,-0.50000
2.549,3.766,1.467,9.96614,-0.50000
2.454,3.683,1.366,9.96614,-0.50000
2.361,3.602,1.268,9.96614,-0.50000
2.271,3.524,1.174,9.96614,-0.50000
2.183,3.448,1.082,9.96614,-0.50000
2.094,3.369,0.988,9.96614,-0.50000
2.051,3.332,0.943,9.96614,-0.50000
1.969,3.259,0.857,9.96614,-0.50000
1.872,3.174,0.756,9.96614,-0.50000
1.781,3.095,0.661,9.96614,-0.50000
1.806,3.116,0.687,9.96614,-0.50000
1.892,3.192,0.777,9.96614,-0.50000
1.821,3.130,0.703,9.96614,-0.50000
1.720,3.042,0.597,9.96614,-0.50000
1.644,2.975,0.517,9.96614,-0.50000
1.555,2.897,0.424,9.96614,-0.50000
1.465,2.819,0.330,9.96614,-0.50000
1.375,2.741,0.236,9.96614,-0.50000
1.286,2.665,0.142,9.96614,-0.50000
1.197,2.590,0.047,9.96614,-0.50000
1.107,2.515,-0.048,9.96614,-0.50000
1.018,2.443,-0.142,9.96614,-0.50000
0.934,2.377,-0.232,9.96614,-0.50000
0.881,2.350,-0.293,9.96614,-0.50000
0.806,2.300,-0.378,9.96614,-0.50000
0.722,2.236,-0.467,9.96614,-0.50000
0.639,2.173,-0.556,9.96614,-0.50000
0.558,2.113,-0.645,9.96614,-0.50000
0.476,2.056,-0.734,9.96614,-0.50000
0.390,1.998,-0.828,9.96614,-0.50000
0.300,1.941,-0.928,9.96614,-0.50000
0.220,1.893,-1.017,9.96614,-0.50000
0.143,1.852,-1.104,9.96614,-0.50000
0.069,1.824,-1.189,9.96614,-0.50000
-0.002,1.802,-1.272,9.96614,-0.50000
-0.066,1.801,-1.352,9.96614,-0.50000
-0.122,1.797,-1.420,9.96614,-0.50000
-0.141,1.793,-1.442,9.96614,-0.50000
-0.165,1.796,-1.471,9.96614,-0.50000
-0.170,1.775,-1.473,9.96614,-0.50000
-0.167,1.772,-1.469,9.96614,-0.50000
-0.168,1.771,-1.470,9.96614,-0.50000
-0.169,1.769,-1.471,9.96614,-0.50000
-0.159,1.768,-1.459,9.96614,-0.50000
-0.171,1.763,-1.472,9.96614,-0.50000
-0.221,1.776,-1.534,9.96614,-0.50000
-0.257,1.784,-1.579,9.96614,-0.50000
-0.297,1.790,-1.629,9.96614,-0.50000
-0.339,1.781,-1.678,9.96614,-0.50000
-0.434,1.659,-1.767,9.96614,-0.50000
-0.547,1.404,-1.851,9.96614,-0.50000
34.580,35.083,33.936,9.96614,-0.50000
