Gmag,G_BPmag,G_RPmag,logAge,MH
15.986,19.510,14.470,10.03141,-1.00000
15.226,18.057,13.780,10.03141,-1.00000
14.376,16.666,13.006,10.03141,-1.00000
13.845,15.924,12.514,10.03141,-1.00000
13.454,15.425,12.145,10.03141,-1.00000
12.858,14.709,11.576,10.03141,-1.00000
12.311,14.079,11.050,10.03141,-1.00000
11.890,13.604,10.643,10.03141,-1.00000
11.543,13.217,10.308,10.03141,-1.00000
11.139,12.756,9.920,10.03141,-1.00000
10.668,12.209,9.471,10.03141,-1.00000
10.130,11.558,8.970,10.03141,-1.00000
9.533,10.827,8.420,10.03141,-1.00000
8.996,10.197,7.920,10.03141,-1.00000
8.823,9.996,7.759,10.03141,-1.00000
8.626,9.769,7.576,10.03141,-1.00000
8.477,9.599,7.437,10.03141,-1.00000
8.331,9.435,7.299,10.03141,-1.00000
8.181,9.266,7.158,10.03141,-1.00000
8.044,9.111,7.028,10.03141,-1.00000
7.980,9.040,6.968,10.03141,-1.00000
7.938,8.993,6.928,10.03141,-1.00000
7.834,8.878,6.830,10.03141,-1.00000
7.734,8.768,6.735,10.03141,-1.00000
7.638,8.662,6.644,10.03141,-1.00000
7.542,8.558,6.552,10.03141,-1.00000
7.454,8.462,6.468,10.03141,-1.00000
7.425,8.430,6.439,10.03141,-1.00000
7.310,8.308,6.329,10.03141,-1.00000
7.202,8.194,6.225,10.03141,-1.00000
7.096,8.081,6.121,10.03141,-1.00000
6.986,7.966,6.014,10.03141,-1.00000
6.832,7.805,5.864,10.03141,-1.00000
6.806,7.778,5.838,10.03141,-1.00000
6.770,7.741,5.803,10.03141,-1.00000
6.626,7.592,5.661,10.03141,-1.00000
6.504,7.468,5.540,10.03141,-1.00000
6.500,7.464,5.536,10.03141,-1.00000
6.439,7.403,5.475,10.03141,-1.00000
6.305,7.270,5.340,10.03141,-1.00000
6.177,7.147,5.210,10.03141,-1.00000
6.151,7.123,5.183,10.03141,-1.00000
6.051,7.032,5.079,10.03141,-1.00000
5.933,6.929,4.953,10.03141,-1.00000
5.845,6.858,4.855,10.03141,-1.00000
5.777,6.811,4.777,10.03141,-1.00000
5.713,6.769,4.702,10.03141,-1.00000
5.641,6.717,4.621,10.03141,-1.00000
5.573,6.661,4.547,10.03141,-1.00000
5.490,6.588,4.460,10.03141,-1.00000
5.420,6.523,4.386,10.03141,-1.00000
5.384,6.489,4.349,10.03141,-1.00000
5.283,6.394,4.246,10.03141,-1.00000
5.176,6.292,4.138,10.03141,-1.00000
5.066,6.185,4.025,10.03141,-1.00000
4.941,6.064,3.899,10.03141,-1.00000
4.828,5.954,3.784,10.03141,-1.00000
4.705,5.834,3.659,10.03141,-1.00000
4.583,5.716,3.536,10.03141,-1.00000
4.456,5.593,3.408,10.03141,-1.00000
4.339,5.478,3.289,10.03141,-1.00000
4.221,5.364,3.169,10.03141,-1.00000
4.103,5.250,3.049,10.03141,-1.00000
3.982,5.134,2.926,10.03141,-1.00000
3.871,5.027,2.813,10.03141,-1.00000
3.755,4.916,2.696,10.03141,-1.00000
3.638,4.804,2.576,10.03141,-1.00000
3.524,4.694,2.460,10.03141,-1.00000
3.409,4.585,2.343,10.03141,-1.00000
3.302,4.482,2.233,10.03141,-1.00000
3.189,4.375,2.118,10.03141,-1.00000
3.080,4.272,2.007,10.03141,-1.00000
2.969,4.166,1.893,10.03141,-1.00000
2.859,4.062,1.780,10.03141,-1.00000
2.753,3.962,1.672,10.03141,-1.00000
2.645,3.862,1.562,10.03141,-1.00000
2.549,3.771,1.463,10.03141,-1.00000
2.464,3.691,1.376,10.03141,-1.00000
2.515,3.738,1.429,10.03141,-1.00000
2.544,3.765,1.459,10.03141,-1.00000
2.454,3.680,1.367,10.03141,-1.00000
2.354,3.586,1.263,10.03141,-1.00000
2.251,3.490,1.157,10.03141,-1.00000
2.150,3.397,1.054,10.03141,-1.00000
2.046,3.301,0.947,10.03141,-1.00000
1.946,3.209,0.844,10.03141,-1.00000
1.846,3.117,0.741,10.03141,-1.00000
1.748,3.027,0.640,10.03141,-1.00000
1.650,2.938,0.539,10.03141,-1.00000
1.556,2.852,0.441,10.03141,-1.00000
1.461,2.766,0.343,10.03141,-1.00000
1.369,2.683,0.248,10.03141,-1.00000
1.278,2.600,0.153,10.03141,-1.00000
1.188,2.520,0.061,10.03141,-1.00000
1.081,2.426,-0.052,10.03141,-1.00000
0.994,2.350,-0.143,10.03141,-1.00000
0.892,2.262,-0.249,10.03141,-1.00000
0.788,2.173,-0.358,10.03141,-1.00000
0.705,2.101,-0.446,10.03141,-1.00000
0.608,2.018,-0.547,10.03141,-1.00000
0.509,1.934,-0.651,10.03141,-1.00000
0.409,1.850,-0.756,10.03141,-1.00000
0.319,1.776,-0.852,10.03141,-1.00000
0.226,1.701,-0.950,10.03141,-1.00000
0.134,1.627,-1.049,10.03141,-1.00000
0.044,1.555,-1.144,10.03141,-1.00000
-0.044,1.486,-1.237,10.03141,-1.00000
-0.130,1.419,-1.330,10.03141,-1.00000
-0.219,1.350,-1.425,10.03141,-1.00000
-0.300,1.289,-1.511,10.03141,-1.00000
-0.383,1.227,-1.600,10.03141,-1.00000
-0.465,1.167,-1.689,10.03141,-1.00000
-0.544,1.112,-1.775,10.03141,-1.00000
-0.619,1.062,-1.856,10.03141,-1.00000
-0.691,1.016,-1.935,10.03141,-1.00000
-0.762,0.970,-2.013,10.03141,-1.00000
-0.776,0.962,-2.027,10.03141,-1.00000
2.841,3.949,1.804,10.03141,-1.00000
2.800,3.912,1.763,10.03141,-1.00000
2.792,3.904,1.754,10.03141,-1.00000
2.787,3.899,1.750,10.03141,-1.00000
2.786,3.897,1.748,10.03141,-1.00000
2.787,3.897,1.750,10.03141,-1.00000
2.789,3.897,1.752,10.03141,-1.00000
2.792,3.899,1.756,10.03141,-1.00000
2.795,3.900,1.760,10.03141,-1.00000
2.798,3.902,1.764,10.03141,-1.00000
2.801,3.903,1.768,10.03141,-1.00000
2.804,3.904,1.771,10.03141,-1.00000
2.806,3.905,1.774,10.03141,-1.00000
2.808,3.906,1.776,10.03141,-1.00000
2.809,3.906,1.778,10.03141,-1.00000
2.809,3.906,1.778,10.03141,-1.00000
2.810,3.906,1.779,10.03141,-1.00000
2.810,3.905,1.779,10.03141,-1.00000
2.809,3.904,1.779,10.03141,-1.00000
2.807,3.902,1.777,10.03141,-1.00000
2.805,3.900,1.775,10.03141,-1.00000
2.801,3.896,1.771,10.03141,-1.00000
2.797,3.892,1.766,10.03141,-1.00000
2.796,3.892,1.765,10.03141,-1.00000
2.794,3.890,1.764,10.03141,-1.00000
2.788,3.885,1.758,10.03141,-1.00000
2.781,3.879,1.750,10.03141,-1.00000
2.773,3.872,1.741,10.03141,-1.00000
2.764,3.864,1.731,10.03141,-1.00000
2.752,3.855,1.719,10.03141,-1.00000
2.739,3.844,1.705,10.03141,-1.00000
2.725,3.832,1.690,10.03141,-1.00000
2.712,3.820,1.675,10.03141,-1.00000
2.694,3.805,1.656,10.03141,-1.00000
2.690,3.801,1.652,10.03141,-1.00000
2.647,3.765,1.607,10.03141,-1.00000
2.579,3.705,1.534,10.03141,-1.00000
2.489,3.627,1.439,10.03141,-1.00000
2.398,3.547,1.343,10.03141,-1.00000
2.309,3.470,1.249,10.03141,-1.00000
2.221,3.392,1.156,10.03141,-1.00000
2.130,3.312,1.061,10.03141,-1.00000
2.048,3.239,0.975,10.03141,-1.00000
2.040,3.232,0.966,10.03141,-1.00000
2.038,3.231,0.965,10.03141,-1.00000
1.962,3.163,0.885,10.03141,-1.00000
1.876,3.086,0.795,10.03141,-1.00000
1.805,3.023,0.721,10.03141,-1.00000
1.786,3.006,0.701,10.03141,-1.00000
1.818,3.035,0.735,10.03141,-1.00000
1.824,3.040,0.740,10.03141,-1.00000
1.727,2.954,0.639,10.03141,-1.00000
1.629,2.867,0.537,10.03141,-1.00000
1.535,2.784,0.439,10.03141,-1.00000
1.427,2.687,0.326,10.03141,-1.00000
1.325,2.597,0.220,10.03141,-1.00000
1.227,2.511,0.117,10.03141,-1.00000
1.130,2.426,0.016,10.03141,-1.00000
1.035,2.344,-0.084,10.03141,-1.00000
0.943,2.265,-0.181,10.03141,-1.00000
0.854,2.190,-0.274,10.03141,-1.00000
0.776,2.138,-0.362,10.03141,-1.00000
0.739,2.116,-0.404,10.03141,-1.00000
0.656,2.050,-0.494,10.03141,-1.00000
0.570,1.979,-0.585,10.03141,-1.00000
0.485,1.911,-0.675,10.03141,-1.00000
0.402,1.845,-0.764,10.03141,-1.00000
0.320,1.781,-0.852,10.03141,-1.00000
0.235,1.713,-0.942,10.03141,-1.00000
0.150,1.642,-1.031,10.03141,-1.00000
0.066,1.562,-1.117,10.03141,-1.00000
-0.040,1.440,-1.217,10.03141,-1.00000
-0.189,1.212,-1.339,10.03141,-1.00000
32.224,33.659,31.062,10.03141,-1.00000
