Gmag,G_BPmag,G_RPmag,logAge,MH
12.281,13.304,11.282,10.13033,-2.19174
12.039,13.013,11.065,10.13033,-2.19174
11.861,12.800,10.903,10.13033,-2.19174
11.526,12.410,10.597,10.13033,-2.19174
11.192,12.025,10.291,10.13033,-2.19174
10.752,11.538,9.877,10.13033,-2.19174
10.415,11.173,9.558,10.13033,-2.19174
9.878,10.595,9.047,10.13033,-2.19174
9.384,10.066,8.575,10.13033,-2.19174
9.000,9.654,8.210,10.13033,-2.19174
8.811,9.451,8.030,10.13033,-2.19174
8.673,9.303,7.900,10.13033,-2.19174
8.613,9.239,7.844,10.13033,-2.19174
8.345,8.950,7.590,10.13033,-2.19174
7.946,8.512,7.219,10.13033,-2.19174
7.502,8.027,6.807,10.13033,-2.19174
6.956,7.431,6.305,10.13033,-2.19174
6.851,7.314,6.209,10.13033,-2.19174
6.401,6.816,5.802,10.13033,-2.19174
6.324,6.731,5.734,10.13033,-2.19174
6.214,6.608,5.635,10.13033,-2.19174
6.083,6.463,5.519,10.13033,-2.19174
5.967,6.334,5.415,10.13033,-2.19174
5.853,6.210,5.313,10.13033,-2.19174
5.811,6.164,5.275,10.13033,-2.19174
5.735,6.080,5.205,10.13033,-2.19174
5.620,5.956,5.100,10.13033,-2.19174
5.514,5.842,5.004,10.13033,-2.19174
5.408,5.728,4.906,10.13033,-2.19174
5.275,5.586,4.784,10.13033,-2.19174
5.145,5.447,4.664,10.13033,-2.19174
5.119,5.419,4.640,10.13033,-2.19174
5.078,5.376,4.602,10.13033,-2.19174
4.960,5.251,4.491,10.13033,-2.19174
4.836,5.121,4.374,10.13033,-2.19174
4.701,4.980,4.246,10.13033,-2.19174
4.528,4.802,4.081,10.13033,-2.19174
4.347,4.615,3.906,10.13033,-2.19174
4.206,4.472,3.769,10.13033,-2.19174
4.073,4.337,3.637,10.13033,-2.19174
4.041,4.305,3.605,10.13033,-2.19174
3.993,4.258,3.557,10.13033,-2.19174
3.993,4.258,3.557,10.13033,-2.19174
3.856,4.123,3.416,10.13033,-2.19174
3.747,4.018,3.302,10.13033,-2.19174
3.722,3.995,3.277,10.13033,-2.19174
3.694,3.969,3.247,10.13033,-2.19174
3.591,3.873,3.133,10.13033,-2.19174
3.497,3.790,3.026,10.13033,-2.19174
3.411,3.717,2.924,10.13033,-2.19174
3.332,3.652,2.829,10.13033,-2.19174
3.256,3.590,2.739,10.13033,-2.19174
3.178,3.525,2.646,10.13033,-2.19174
3.092,3.451,2.548,10.13033,-2.19174
2.985,3.355,2.430,10.13033,-2.19174
2.885,3.262,2.322,10.13033,-2.19174
2.809,3.191,2.243,10.13033,-2.19174
2.735,3.120,2.166,10.13033,-2.19174
2.634,3.022,2.060,10.13033,-2.19174
2.525,2.917,1.949,10.13033,-2.19174
2.416,2.810,1.836,10.13033,-2.19174
2.292,2.689,1.709,10.13033,-2.19174
2.180,2.580,1.595,10.13033,-2.19174
2.058,2.460,1.470,10.13033,-2.19174
1.927,2.332,1.336,10.13033,-2.19174
1.811,2.219,1.218,10.13033,-2.19174
1.690,2.101,1.094,10.13033,-2.19174
1.570,1.984,0.972,10.13033,-2.19174
1.452,1.869,0.851,10.13033,-2.19174
1.336,1.756,0.732,10.13033,-2.19174
1.216,1.638,0.609,10.13033,-2.19174
1.098,1.523,0.489,10.13033,-2.19174
0.984,1.412,0.372,10.13033,-2.19174
0.872,1.303,0.257,10.13033,-2.19174
0.757,1.191,0.139,10.13033,-2.19174
0.645,1.084,0.024,10.13033,-2.19174
0.533,0.975,-0.091,10.13033,-2.19174
0.421,0.867,-0.206,10.13033,-2.19174
0.313,0.763,-0.317,10.13033,-2.19174
0.206,0.659,-0.428,10.13033,-2.19174
0.094,0.551,-0.544,10.13033,-2.19174
-0.010,0.451,-0.651,10.13033,-2.19174
-0.114,0.351,-0.759,10.13033,-2.19174
-0.222,0.247,-0.870,10.13033,-2.19174
-0.324,0.150,-0.975,10.13033,-2.19174
-0.425,0.052,-1.081,10.13033,-2.19174
-0.528,-0.046,-1.187,10.13033,-2.19174
-0.602,-0.117,-1.264,10.13033,-2.19174
-0.593,-0.108,-1.254,10.13033,-2.19174
-0.609,-0.124,-1.271,10.13033,-2.19174
-0.707,-0.217,-1.372,10.13033,-2.19174
-0.812,-0.317,-1.481,10.13033,-2.19174
-0.906,-0.407,-1.580,10.13033,-2.19174
-1.005,-0.501,-1.683,10.13033,-2.19174
-1.104,-0.595,-1.786,10.13033,-2.19174
-1.196,-0.682,-1.882,10.13033,-2.19174
-1.295,-0.773,-1.987,10.13033,-2.19174
-1.389,-0.860,-2.086,10.13033,-2.19174
-1.482,-0.945,-2.185,10.13033,-2.19174
-1.576,-1.030,-2.285,10.13033,-2.19174
-1.684,-1.128,-2.401,10.13033,-2.19174
-1.776,-1.210,-2.501,10.13033,-2.19174
-1.879,-1.300,-2.612,10.13033,-2.19174
-1.969,-1.379,-2.710,10.13033,-2.19174
-2.065,-1.461,-2.816,10.13033,-2.19174
-2.151,-1.536,-2.910,10.13033,-2.19174
-2.245,-1.613,-3.015,10.13033,-2.19174
-2.347,-1.697,-3.129,10.13033,-2.19174
-2.435,-1.766,-3.228,10.13033,-2.19174
-2.513,-1.826,-3.318,10.13033,-2.19174
-2.598,-1.895,-3.414,10.13033,-2.19174
-2.691,-1.972,-3.516,10.13033,-2.19174
-2.773,-2.040,-3.607,10.13033,-2.19174
-2.859,-2.110,-3.703,10.13033,-2.19174
-2.937,-2.174,-3.790,10.13033,-2.19174
-2.958,-2.192,-3.813,10.13033,-2.19174
1.180,1.215,1.106,10.13033,-2.19174
1.135,1.173,1.057,10.13033,-2.19174
1.048,1.090,0.962,10.13033,-2.19174
1.043,1.085,0.955,10.13033,-2.19174
1.041,1.084,0.953,10.13033,-2.19174
1.038,1.081,0.950,10.13033,-2.19174
1.033,1.076,0.944,10.13033,-2.19174
1.026,1.070,0.935,10.13033,-2.19174
1.016,1.061,0.923,10.13033,-2.19174
1.004,1.051,0.910,10.13033,-2.19174
0.991,1.039,0.894,10.13033,-2.19174
0.976,1.025,0.876,10.13033,-2.19174
0.957,1.009,0.854,10.13033,-2.19174
0.938,0.991,0.830,10.13033,-2.19174
0.916,0.973,0.804,10.13033,-2.19174
0.892,0.952,0.774,10.13033,-2.19174
0.866,0.930,0.742,10.13033,-2.19174
0.838,0.905,0.705,10.13033,-2.19174
0.809,0.882,0.668,10.13033,-2.19174
0.781,0.859,0.628,10.13033,-2.19174
0.752,0.837,0.588,10.13033,-2.19174
0.724,0.816,0.546,10.13033,-2.19174
0.718,0.812,0.538,10.13033,-2.19174
0.706,0.804,0.519,10.13033,-2.19174
0.679,0.786,0.478,10.13033,-2.19174
0.655,0.772,0.437,10.13033,-2.19174
0.632,0.760,0.395,10.13033,-2.19174
0.610,0.751,0.353,10.13033,-2.19174
0.590,0.743,0.314,10.13033,-2.19174
0.571,0.737,0.275,10.13033,-2.19174
0.554,0.732,0.240,10.13033,-2.19174
0.537,0.728,0.205,10.13033,-2.19174
0.520,0.723,0.170,10.13033,-2.19174
0.498,0.717,0.125,10.13033,-2.19174
0.475,0.711,0.079,10.13033,-2.19174
0.450,0.704,0.031,10.13033,-2.19174
0.420,0.692,-0.022,10.13033,-2.19174
0.393,0.681,-0.069,10.13033,-2.19174
0.366,0.669,-0.115,10.13033,-2.19174
0.341,0.658,-0.157,10.13033,-2.19174
0.313,0.644,-0.200,10.13033,-2.19174
0.278,0.623,-0.251,10.13033,-2.19174
0.229,0.589,-0.316,10.13033,-2.19174
0.176,0.549,-0.383,10.13033,-2.19174
0.115,0.501,-0.456,10.13033,-2.19174
0.061,0.456,-0.519,10.13033,-2.19174
-0.010,0.394,-0.598,10.13033,-2.19174
-0.098,0.315,-0.694,10.13033,-2.19174
-0.189,0.231,-0.794,10.13033,-2.19174
-0.279,0.148,-0.890,10.13033,-2.19174
-0.358,0.076,-0.974,10.13033,-2.19174
-0.372,0.062,-0.989,10.13033,-2.19174
-0.336,0.095,-0.950,10.13033,-2.19174
-0.375,0.061,-0.994,10.13033,-2.19174
-0.470,-0.027,-1.096,10.13033,-2.19174
-0.596,-0.143,-1.229,10.13033,-2.19174
-0.698,-0.238,-1.338,10.13033,-2.19174
-0.799,-0.333,-1.444,10.13033,-2.19174
-0.900,-0.427,-1.551,10.13033,-2.19174
-1.000,-0.521,-1.656,10.13033,-2.19174
-1.100,-0.614,-1.762,10.13033,-2.19174
-1.198,-0.706,-1.865,10.13033,-2.19174
-1.297,-0.799,-1.970,10.13033,-2.19174
-1.395,-0.889,-2.073,10.13033,-2.19174
-1.492,-0.980,-2.176,10.13033,-2.19174
-1.590,-1.069,-2.280,10.13033,-2.19174
-1.687,-1.157,-2.385,10.13033,-2.19174
-1.785,-1.244,-2.490,10.13033,-2.19174
-1.882,-1.329,-2.596,10.13033,-2.19174
-1.980,-1.415,-2.703,10.13033,-2.19174
-2.075,-1.496,-2.808,10.13033,-2.19174
-2.168,-1.575,-2.911,10.13033,-2.19174
-2.255,-1.647,-3.008,10.13033,-2.19174
-2.345,-1.720,-3.110,10.13033,-2.19174
-2.427,-1.785,-3.203,10.13033,-2.19174
-2.518,-1.855,-3.307,10.13033,-2.19174
-2.536,-1.869,-3.329,10.13033,-2.19174
-2.563,-1.888,-3.360,10.13033,-2.19174
-2.601,-1.916,-3.405,10.13033,-2.19174
-2.649,-1.951,-3.461,10.13033,-2.19174
-2.716,-2.004,-3.536,10.13033,-2.19174
-2.793,-2.066,-3.624,10.13033,-2.19174
-2.824,-2.078,-3.667,10.13033,-2.19174
-2.325,-1.687,-3.098,10.13033,-2.19174
-1.956,-1.383,-2.684,10.13033,-2.19174
-1.438,-0.927,-2.121,10.13033,-2.19174
-1.448,-0.936,-2.133,10.13033,-2.19174
-1.623,-1.092,-2.322,10.13033,-2.19174
-2.071,-1.475,-2.816,10.13033,-2.19174
-2.464,-1.781,-3.266,10.13033,-2.19174
-2.717,-1.980,-3.554,10.13033,-2.19174
-2.853,-2.086,-3.708,10.13033,-2.19174
-2.915,-2.131,-3.780,10.13033,-2.19174
-2.946,-2.151,-3.817,10.13033,-2.19174
30.304,30.339,30.220,10.13033,-2.19174
