Gmag,G_BPmag,G_RPmag,logAge,MH
12.913,14.185,11.813,10.10037,-2.05000
12.259,13.313,11.248,10.10037,-2.05000
12.143,13.163,11.145,10.10037,-2.05000
11.812,12.768,10.846,10.10037,-2.05000
11.390,12.273,10.461,10.10037,-2.05000
11.263,12.130,10.344,10.10037,-2.05000
10.919,11.744,10.022,10.10037,-2.05000
10.557,11.348,9.680,10.10037,-2.05000
9.996,10.742,9.147,10.10037,-2.05000
9.483,10.189,8.658,10.10037,-2.05000
9.085,9.761,8.280,10.10037,-2.05000
8.752,9.401,7.965,10.10037,-2.05000
8.603,9.240,7.825,10.10037,-2.05000
8.417,9.039,7.650,10.10037,-2.05000
8.075,8.662,7.335,10.10037,-2.05000
8.004,8.582,7.268,10.10037,-2.05000
7.546,8.079,6.847,10.10037,-2.05000
7.002,7.483,6.345,10.10037,-2.05000
6.694,7.141,6.066,10.10037,-2.05000
6.454,6.876,5.850,10.10037,-2.05000
6.345,6.754,5.752,10.10037,-2.05000
6.232,6.629,5.651,10.10037,-2.05000
6.123,6.508,5.554,10.10037,-2.05000
5.994,6.365,5.439,10.10037,-2.05000
5.881,6.240,5.338,10.10037,-2.05000
5.765,6.114,5.233,10.10037,-2.05000
5.649,5.988,5.128,10.10037,-2.05000
5.536,5.865,5.024,10.10037,-2.05000
5.431,5.753,4.928,10.10037,-2.05000
5.326,5.640,4.832,10.10037,-2.05000
5.251,5.559,4.763,10.10037,-2.05000
5.135,5.436,4.655,10.10037,-2.05000
5.008,5.301,4.536,10.10037,-2.05000
4.891,5.178,4.427,10.10037,-2.05000
4.770,5.052,4.313,10.10037,-2.05000
4.639,4.915,4.189,10.10037,-2.05000
4.473,4.743,4.030,10.10037,-2.05000
4.359,4.626,3.920,10.10037,-2.05000
4.253,4.518,3.818,10.10037,-2.05000
4.124,4.385,3.693,10.10037,-2.05000
4.009,4.269,3.579,10.10037,-2.05000
3.961,4.221,3.531,10.10037,-2.05000
3.822,4.084,3.389,10.10037,-2.05000
3.711,3.978,3.273,10.10037,-2.05000
3.686,3.954,3.246,10.10037,-2.05000
3.658,3.928,3.216,10.10037,-2.05000
3.557,3.835,3.105,10.10037,-2.05000
3.465,3.754,3.000,10.10037,-2.05000
3.382,3.684,2.901,10.10037,-2.05000
3.306,3.622,2.809,10.10037,-2.05000
3.235,3.565,2.721,10.10037,-2.05000
3.162,3.507,2.634,10.10037,-2.05000
3.083,3.440,2.541,10.10037,-2.05000
2.982,3.351,2.429,10.10037,-2.05000
2.885,3.261,2.323,10.10037,-2.05000
2.811,3.192,2.245,10.10037,-2.05000
2.737,3.121,2.167,10.10037,-2.05000
2.635,3.023,2.062,10.10037,-2.05000
2.527,2.919,1.950,10.10037,-2.05000
2.417,2.811,1.837,10.10037,-2.05000
2.292,2.690,1.709,10.10037,-2.05000
2.179,2.580,1.594,10.10037,-2.05000
2.056,2.460,1.468,10.10037,-2.05000
1.925,2.331,1.334,10.10037,-2.05000
1.809,2.218,1.215,10.10037,-2.05000
1.687,2.099,1.091,10.10037,-2.05000
1.568,1.983,0.969,10.10037,-2.05000
1.451,1.868,0.849,10.10037,-2.05000
1.335,1.756,0.731,10.10037,-2.05000
1.216,1.639,0.609,10.10037,-2.05000
1.099,1.526,0.489,10.10037,-2.05000
0.987,1.416,0.374,10.10037,-2.05000
0.875,1.308,0.260,10.10037,-2.05000
0.762,1.198,0.143,10.10037,-2.05000
0.652,1.092,0.030,10.10037,-2.05000
0.542,0.985,-0.084,10.10037,-2.05000
0.432,0.879,-0.197,10.10037,-2.05000
0.326,0.777,-0.306,10.10037,-2.05000
0.221,0.676,-0.414,10.10037,-2.05000
0.112,0.571,-0.526,10.10037,-2.05000
0.012,0.474,-0.631,10.10037,-2.05000
-0.089,0.377,-0.734,10.10037,-2.05000
-0.192,0.278,-0.841,10.10037,-2.05000
-0.288,0.187,-0.941,10.10037,-2.05000
-0.383,0.096,-1.039,10.10037,-2.05000
-0.473,0.010,-1.132,10.10037,-2.05000
-0.546,-0.060,-1.208,10.10037,-2.05000
-0.531,-0.046,-1.192,10.10037,-2.05000
-0.547,-0.062,-1.209,10.10037,-2.05000
-0.647,-0.156,-1.312,10.10037,-2.05000
-0.753,-0.258,-1.423,10.10037,-2.05000
-0.849,-0.348,-1.523,10.10037,-2.05000
-0.949,-0.443,-1.627,10.10037,-2.05000
-1.049,-0.539,-1.732,10.10037,-2.05000
-1.143,-0.626,-1.831,10.10037,-2.05000
-1.244,-0.720,-1.937,10.10037,-2.05000
-1.340,-0.808,-2.039,10.10037,-2.05000
-1.434,-0.894,-2.139,10.10037,-2.05000
-1.530,-0.981,-2.242,10.10037,-2.05000
-1.640,-1.079,-2.360,10.10037,-2.05000
-1.736,-1.164,-2.463,10.10037,-2.05000
-1.840,-1.255,-2.577,10.10037,-2.05000
-1.933,-1.337,-2.679,10.10037,-2.05000
-2.032,-1.420,-2.788,10.10037,-2.05000
-2.121,-1.497,-2.885,10.10037,-2.05000
-2.218,-1.577,-2.994,10.10037,-2.05000
-2.324,-1.662,-3.113,10.10037,-2.05000
-2.414,-1.731,-3.216,10.10037,-2.05000
-2.496,-1.800,-3.306,10.10037,-2.05000
-2.585,-1.874,-3.405,10.10037,-2.05000
-2.682,-1.954,-3.513,10.10037,-2.05000
-2.768,-2.024,-3.609,10.10037,-2.05000
-2.859,-2.099,-3.709,10.10037,-2.05000
-2.942,-2.166,-3.803,10.10037,-2.05000
-2.963,-2.183,-3.826,10.10037,-2.05000
0.880,0.952,0.739,10.10037,-2.05000
0.846,0.923,0.698,10.10037,-2.05000
0.783,0.867,0.620,10.10037,-2.05000
0.783,0.867,0.621,10.10037,-2.05000
0.785,0.868,0.624,10.10037,-2.05000
0.786,0.869,0.626,10.10037,-2.05000
0.786,0.869,0.626,10.10037,-2.05000
0.786,0.869,0.626,10.10037,-2.05000
0.785,0.868,0.624,10.10037,-2.05000
0.782,0.866,0.620,10.10037,-2.05000
0.778,0.863,0.614,10.10037,-2.05000
0.773,0.859,0.606,10.10037,-2.05000
0.765,0.854,0.595,10.10037,-2.05000
0.756,0.847,0.581,10.10037,-2.05000
0.745,0.839,0.564,10.10037,-2.05000
0.733,0.831,0.545,10.10037,-2.05000
0.718,0.822,0.522,10.10037,-2.05000
0.703,0.813,0.497,10.10037,-2.05000
0.687,0.804,0.470,10.10037,-2.05000
0.671,0.795,0.440,10.10037,-2.05000
0.654,0.788,0.406,10.10037,-2.05000
0.638,0.783,0.374,10.10037,-2.05000
0.636,0.782,0.371,10.10037,-2.05000
0.633,0.781,0.365,10.10037,-2.05000
0.618,0.777,0.333,10.10037,-2.05000
0.604,0.774,0.301,10.10037,-2.05000
0.589,0.772,0.267,10.10037,-2.05000
0.574,0.770,0.233,10.10037,-2.05000
0.560,0.769,0.200,10.10037,-2.05000
0.545,0.768,0.167,10.10037,-2.05000
0.531,0.767,0.134,10.10037,-2.05000
0.517,0.766,0.103,10.10037,-2.05000
0.503,0.765,0.073,10.10037,-2.05000
0.485,0.762,0.037,10.10037,-2.05000
0.486,0.765,0.035,10.10037,-2.05000
0.463,0.757,-0.006,10.10037,-2.05000
0.430,0.741,-0.060,10.10037,-2.05000
0.371,0.704,-0.144,10.10037,-2.05000
0.298,0.652,-0.241,10.10037,-2.05000
0.221,0.593,-0.336,10.10037,-2.05000
0.138,0.526,-0.435,10.10037,-2.05000
0.057,0.457,-0.528,10.10037,-2.05000
0.003,0.410,-0.589,10.10037,-2.05000
-0.020,0.389,-0.614,10.10037,-2.05000
-0.117,0.301,-0.720,10.10037,-2.05000
-0.214,0.212,-0.824,10.10037,-2.05000
-0.307,0.127,-0.923,10.10037,-2.05000
-0.391,0.049,-1.013,10.10037,-2.05000
-0.448,-0.004,-1.074,10.10037,-2.05000
-0.391,0.049,-1.012,10.10037,-2.05000
-0.363,0.076,-0.983,10.10037,-2.05000
-0.429,0.015,-1.054,10.10037,-2.05000
-0.542,-0.090,-1.175,10.10037,-2.05000
-0.646,-0.186,-1.285,10.10037,-2.05000
-0.748,-0.281,-1.394,10.10037,-2.05000
-0.849,-0.375,-1.500,10.10037,-2.05000
-0.948,-0.468,-1.605,10.10037,-2.05000
-1.047,-0.560,-1.710,10.10037,-2.05000
-1.145,-0.652,-1.813,10.10037,-2.05000
-1.243,-0.743,-1.916,10.10037,-2.05000
-1.340,-0.833,-2.019,10.10037,-2.05000
-1.436,-0.922,-2.120,10.10037,-2.05000
-1.532,-1.009,-2.223,10.10037,-2.05000
-1.628,-1.096,-2.327,10.10037,-2.05000
-1.724,-1.181,-2.431,10.10037,-2.05000
-1.819,-1.264,-2.534,10.10037,-2.05000
-1.914,-1.347,-2.639,10.10037,-2.05000
-2.011,-1.429,-2.745,10.10037,-2.05000
-2.105,-1.509,-2.850,10.10037,-2.05000
-2.199,-1.588,-2.955,10.10037,-2.05000
-2.291,-1.661,-3.058,10.10037,-2.05000
-2.385,-1.734,-3.166,10.10037,-2.05000
-2.481,-1.807,-3.277,10.10037,-2.05000
-2.533,-1.846,-3.338,10.10037,-2.05000
-2.531,-1.845,-3.336,10.10037,-2.05000
-2.527,-1.842,-3.331,10.10037,-2.05000
-2.527,-1.841,-3.331,10.10037,-2.05000
-2.542,-1.853,-3.348,10.10037,-2.05000
-2.557,-1.866,-3.365,10.10037,-2.05000
-2.578,-1.882,-3.388,10.10037,-2.05000
-2.628,-1.923,-3.444,10.10037,-2.05000
-2.738,-2.011,-3.568,10.10037,-2.05000
-2.867,-2.113,-3.714,10.10037,-2.05000
-2.886,-2.127,-3.736,10.10037,-2.05000
-2.873,-2.101,-3.730,10.10037,-2.05000
-2.387,-1.713,-3.184,10.10037,-2.05000
-2.034,-1.436,-2.781,10.10037,-2.05000
-1.533,-1.007,-2.227,10.10037,-2.05000
-1.543,-1.015,-2.238,10.10037,-2.05000
-1.731,-1.178,-2.445,10.10037,-2.05000
-2.161,-1.532,-2.928,10.10037,-2.05000
-2.530,-1.816,-3.352,10.10037,-2.05000
-2.769,-2.005,-3.622,10.10037,-2.05000
-2.894,-2.100,-3.765,10.10037,-2.05000
-2.951,-2.139,-3.832,10.10037,-2.05000
-2.978,-2.154,-3.865,10.10037,-2.05000
30.301,30.336,30.218,10.10037,-2.05000
