Gmag,G_BPmag,G_RPmag,logAge,MH
13.360,14.878,12.184,10.10380,-1.95000
12.500,13.636,11.453,10.10380,-1.95000
12.345,13.431,11.319,10.10380,-1.95000
12.137,13.176,11.131,10.10380,-1.95000
11.529,12.448,10.581,10.10380,-1.95000
11.034,11.888,10.121,10.10380,-1.95000
10.653,11.468,9.763,10.10380,-1.95000
10.523,11.326,9.639,10.10380,-1.95000
10.077,10.843,9.214,10.10380,-1.95000
9.550,10.275,8.714,10.10380,-1.95000
9.144,9.836,8.329,10.10380,-1.95000
8.806,9.470,8.010,10.10380,-1.95000
8.543,9.184,7.763,10.10380,-1.95000
8.465,9.099,7.689,10.10380,-1.95000
8.038,8.626,7.297,10.10380,-1.95000
7.566,8.102,6.864,10.10380,-1.95000
7.013,7.497,6.355,10.10380,-1.95000
6.890,7.360,6.243,10.10380,-1.95000
6.458,6.881,5.853,10.10380,-1.95000
6.360,6.773,5.765,10.10380,-1.95000
6.247,6.647,5.664,10.10380,-1.95000
6.138,6.526,5.566,10.10380,-1.95000
6.009,6.382,5.451,10.10380,-1.95000
5.893,6.255,5.348,10.10380,-1.95000
5.880,6.240,5.336,10.10380,-1.95000
5.780,6.131,5.245,10.10380,-1.95000
5.665,6.006,5.141,10.10380,-1.95000
5.552,5.884,5.037,10.10380,-1.95000
5.448,5.772,4.942,10.10380,-1.95000
5.344,5.660,4.847,10.10380,-1.95000
5.248,5.557,4.758,10.10380,-1.95000
5.154,5.457,4.671,10.10380,-1.95000
5.027,5.323,4.553,10.10380,-1.95000
4.912,5.202,4.445,10.10380,-1.95000
4.792,5.076,4.332,10.10380,-1.95000
4.663,4.942,4.210,10.10380,-1.95000
4.500,4.773,4.054,10.10380,-1.95000
4.350,4.619,3.909,10.10380,-1.95000
4.286,4.553,3.847,10.10380,-1.95000
4.160,4.424,3.725,10.10380,-1.95000
4.048,4.310,3.614,10.10380,-1.95000
4.000,4.263,3.566,10.10380,-1.95000
3.859,4.124,3.423,10.10380,-1.95000
3.747,4.016,3.306,10.10380,-1.95000
3.721,3.991,3.279,10.10380,-1.95000
3.694,3.966,3.249,10.10380,-1.95000
3.593,3.873,3.139,10.10380,-1.95000
3.503,3.793,3.036,10.10380,-1.95000
3.420,3.723,2.939,10.10380,-1.95000
3.345,3.662,2.848,10.10380,-1.95000
3.275,3.606,2.762,10.10380,-1.95000
3.205,3.550,2.677,10.10380,-1.95000
3.128,3.485,2.587,10.10380,-1.95000
3.030,3.399,2.476,10.10380,-1.95000
2.933,3.310,2.372,10.10380,-1.95000
2.860,3.241,2.294,10.10380,-1.95000
2.786,3.171,2.217,10.10380,-1.95000
2.685,3.074,2.112,10.10380,-1.95000
2.577,2.970,2.000,10.10380,-1.95000
2.467,2.862,1.887,10.10380,-1.95000
2.342,2.741,1.759,10.10380,-1.95000
2.230,2.631,1.644,10.10380,-1.95000
2.107,2.511,1.518,10.10380,-1.95000
1.976,2.383,1.385,10.10380,-1.95000
1.860,2.269,1.266,10.10380,-1.95000
1.738,2.151,1.142,10.10380,-1.95000
1.619,2.034,1.020,10.10380,-1.95000
1.502,1.920,0.900,10.10380,-1.95000
1.387,1.807,0.782,10.10380,-1.95000
1.267,1.691,0.660,10.10380,-1.95000
1.151,1.578,0.541,10.10380,-1.95000
1.039,1.469,0.426,10.10380,-1.95000
0.928,1.361,0.313,10.10380,-1.95000
0.815,1.251,0.196,10.10380,-1.95000
0.705,1.145,0.084,10.10380,-1.95000
0.595,1.039,-0.030,10.10380,-1.95000
0.486,0.933,-0.143,10.10380,-1.95000
0.381,0.832,-0.251,10.10380,-1.95000
0.276,0.731,-0.359,10.10380,-1.95000
0.167,0.626,-0.471,10.10380,-1.95000
0.067,0.530,-0.575,10.10380,-1.95000
-0.032,0.434,-0.678,10.10380,-1.95000
-0.134,0.336,-0.783,10.10380,-1.95000
-0.228,0.246,-0.881,10.10380,-1.95000
-0.320,0.159,-0.976,10.10380,-1.95000
-0.408,0.075,-1.067,10.10380,-1.95000
-0.479,0.007,-1.141,10.10380,-1.95000
-0.462,0.023,-1.123,10.10380,-1.95000
-0.478,0.008,-1.139,10.10380,-1.95000
-0.579,-0.088,-1.245,10.10380,-1.95000
-0.687,-0.191,-1.356,10.10380,-1.95000
-0.784,-0.283,-1.458,10.10380,-1.95000
-0.885,-0.379,-1.564,10.10380,-1.95000
-0.987,-0.475,-1.670,10.10380,-1.95000
-1.083,-0.564,-1.771,10.10380,-1.95000
-1.186,-0.660,-1.879,10.10380,-1.95000
-1.283,-0.749,-1.983,10.10380,-1.95000
-1.379,-0.837,-2.086,10.10380,-1.95000
-1.478,-0.926,-2.191,10.10380,-1.95000
-1.590,-1.026,-2.313,10.10380,-1.95000
-1.688,-1.113,-2.418,10.10380,-1.95000
-1.796,-1.206,-2.536,10.10380,-1.95000
-1.891,-1.290,-2.639,10.10380,-1.95000
-1.993,-1.376,-2.753,10.10380,-1.95000
-2.085,-1.454,-2.853,10.10380,-1.95000
-2.186,-1.537,-2.967,10.10380,-1.95000
-2.295,-1.625,-3.090,10.10380,-1.95000
-2.388,-1.701,-3.194,10.10380,-1.95000
-2.475,-1.774,-3.289,10.10380,-1.95000
-2.568,-1.850,-3.393,10.10380,-1.95000
-2.670,-1.935,-3.505,10.10380,-1.95000
-2.760,-2.008,-3.606,10.10380,-1.95000
-2.856,-2.086,-3.712,10.10380,-1.95000
-2.945,-2.158,-3.812,10.10380,-1.95000
-2.967,-2.175,-3.837,10.10380,-1.95000
0.816,0.908,0.640,10.10380,-1.95000
0.782,0.880,0.595,10.10380,-1.95000
0.734,0.840,0.533,10.10380,-1.95000
0.735,0.841,0.536,10.10380,-1.95000
0.737,0.842,0.540,10.10380,-1.95000
0.739,0.843,0.543,10.10380,-1.95000
0.741,0.843,0.546,10.10380,-1.95000
0.742,0.844,0.548,10.10380,-1.95000
0.742,0.844,0.549,10.10380,-1.95000
0.741,0.843,0.548,10.10380,-1.95000
0.739,0.842,0.545,10.10380,-1.95000
0.736,0.840,0.540,10.10380,-1.95000
0.731,0.837,0.533,10.10380,-1.95000
0.724,0.832,0.522,10.10380,-1.95000
0.717,0.828,0.508,10.10380,-1.95000
0.708,0.823,0.492,10.10380,-1.95000
0.696,0.817,0.472,10.10380,-1.95000
0.685,0.812,0.451,10.10380,-1.95000
0.673,0.807,0.427,10.10380,-1.95000
0.660,0.803,0.400,10.10380,-1.95000
0.646,0.798,0.370,10.10380,-1.95000
0.632,0.795,0.341,10.10380,-1.95000
0.631,0.795,0.338,10.10380,-1.95000
0.628,0.794,0.333,10.10380,-1.95000
0.615,0.792,0.303,10.10380,-1.95000
0.603,0.791,0.273,10.10380,-1.95000
0.588,0.790,0.240,10.10380,-1.95000
0.574,0.789,0.206,10.10380,-1.95000
0.562,0.789,0.177,10.10380,-1.95000
0.548,0.789,0.144,10.10380,-1.95000
0.535,0.790,0.113,10.10380,-1.95000
0.522,0.791,0.084,10.10380,-1.95000
0.509,0.790,0.055,10.10380,-1.95000
0.491,0.785,0.021,10.10380,-1.95000
0.494,0.789,0.024,10.10380,-1.95000
0.469,0.778,-0.018,10.10380,-1.95000
0.433,0.757,-0.072,10.10380,-1.95000
0.371,0.714,-0.155,10.10380,-1.95000
0.295,0.657,-0.250,10.10380,-1.95000
0.215,0.593,-0.348,10.10380,-1.95000
0.127,0.520,-0.450,10.10380,-1.95000
0.041,0.446,-0.548,10.10380,-1.95000
-0.014,0.398,-0.609,10.10380,-1.95000
-0.015,0.397,-0.610,10.10380,-1.95000
-0.040,0.374,-0.637,10.10380,-1.95000
-0.136,0.286,-0.742,10.10380,-1.95000
-0.233,0.197,-0.846,10.10380,-1.95000
-0.325,0.113,-0.944,10.10380,-1.95000
-0.405,0.038,-1.030,10.10380,-1.95000
-0.464,-0.017,-1.092,10.10380,-1.95000
-0.402,0.040,-1.026,10.10380,-1.95000
-0.366,0.075,-0.988,10.10380,-1.95000
-0.425,0.021,-1.052,10.10380,-1.95000
-0.537,-0.082,-1.171,10.10380,-1.95000
-0.641,-0.179,-1.282,10.10380,-1.95000
-0.745,-0.276,-1.392,10.10380,-1.95000
-0.846,-0.370,-1.499,10.10380,-1.95000
-0.945,-0.462,-1.604,10.10380,-1.95000
-1.044,-0.554,-1.708,10.10380,-1.95000
-1.141,-0.644,-1.811,10.10380,-1.95000
-1.238,-0.735,-1.914,10.10380,-1.95000
-1.334,-0.824,-2.016,10.10380,-1.95000
-1.430,-0.912,-2.118,10.10380,-1.95000
-1.526,-0.998,-2.221,10.10380,-1.95000
-1.622,-1.083,-2.325,10.10380,-1.95000
-1.716,-1.167,-2.427,10.10380,-1.95000
-1.810,-1.248,-2.530,10.10380,-1.95000
-1.905,-1.330,-2.635,10.10380,-1.95000
-2.000,-1.411,-2.740,10.10380,-1.95000
-2.094,-1.489,-2.844,10.10380,-1.95000
-2.187,-1.566,-2.949,10.10380,-1.95000
-2.278,-1.639,-3.053,10.10380,-1.95000
-2.374,-1.712,-3.163,10.10380,-1.95000
-2.468,-1.784,-3.272,10.10380,-1.95000
-2.519,-1.825,-3.328,10.10380,-1.95000
-2.526,-1.831,-3.336,10.10380,-1.95000
-2.524,-1.829,-3.334,10.10380,-1.95000
-2.523,-1.829,-3.333,10.10380,-1.95000
-2.529,-1.833,-3.339,10.10380,-1.95000
-2.534,-1.838,-3.345,10.10380,-1.95000
-2.541,-1.843,-3.353,10.10380,-1.95000
-2.561,-1.860,-3.375,10.10380,-1.95000
-2.663,-1.941,-3.489,10.10380,-1.95000
-2.813,-2.060,-3.659,10.10380,-1.95000
-2.833,-2.076,-3.682,10.10380,-1.95000
-2.815,-2.042,-3.674,10.10380,-1.95000
-2.325,-1.649,-3.122,10.10380,-1.95000
-1.974,-1.375,-2.721,10.10380,-1.95000
-1.488,-0.961,-2.182,10.10380,-1.95000
-1.501,-0.972,-2.197,10.10380,-1.95000
-1.706,-1.149,-2.424,10.10380,-1.95000
-2.137,-1.500,-2.910,10.10380,-1.95000
-2.504,-1.784,-3.329,10.10380,-1.95000
-2.742,-1.971,-3.599,10.10380,-1.95000
-2.869,-2.066,-3.745,10.10380,-1.95000
-2.930,-2.108,-3.817,10.10380,-1.95000
-2.965,-2.128,-3.859,10.10380,-1.95000
30.300,30.334,30.217,10.10380,-1.95000
