Gmag,G_BPmag,G_RPmag,logAge,MH
12.275,13.298,11.277,10.11727,-2.19174
11.857,12.796,10.901,10.11727,-2.19174
11.191,12.024,10.291,10.11727,-2.19174
10.752,11.538,9.879,10.11727,-2.19174
10.417,11.174,9.560,10.11727,-2.19174
9.880,10.596,9.048,10.11727,-2.19174
9.385,10.067,8.576,10.11727,-2.19174
9.001,9.655,8.210,10.11727,-2.19174
8.674,9.304,7.900,10.11727,-2.19174
8.347,8.953,7.592,10.11727,-2.19174
7.950,8.517,7.223,10.11727,-2.19174
7.509,8.036,6.814,10.11727,-2.19174
6.969,7.445,6.316,10.11727,-2.19174
6.420,6.837,5.820,10.11727,-2.19174
6.396,6.810,5.799,10.11727,-2.19174
6.283,6.684,5.697,10.11727,-2.19174
6.173,6.562,5.599,10.11727,-2.19174
6.043,6.418,5.484,10.11727,-2.19174
5.927,6.289,5.380,10.11727,-2.19174
5.840,6.195,5.302,10.11727,-2.19174
5.813,6.164,5.277,10.11727,-2.19174
5.696,6.037,5.171,10.11727,-2.19174
5.581,5.913,5.066,10.11727,-2.19174
5.475,5.799,4.969,10.11727,-2.19174
5.369,5.685,4.872,10.11727,-2.19174
5.237,5.543,4.750,10.11727,-2.19174
5.176,5.479,4.694,10.11727,-2.19174
5.173,5.475,4.691,10.11727,-2.19174
5.043,5.337,4.569,10.11727,-2.19174
4.924,5.213,4.459,10.11727,-2.19174
4.801,5.083,4.342,10.11727,-2.19174
4.666,4.943,4.214,10.11727,-2.19174
4.495,4.766,4.050,10.11727,-2.19174
4.314,4.580,3.876,10.11727,-2.19174
4.174,4.438,3.740,10.11727,-2.19174
4.158,4.421,3.724,10.11727,-2.19174
4.132,4.394,3.698,10.11727,-2.19174
4.009,4.271,3.578,10.11727,-2.19174
3.962,4.224,3.530,10.11727,-2.19174
3.824,4.088,3.389,10.11727,-2.19174
3.715,3.984,3.275,10.11727,-2.19174
3.691,3.960,3.249,10.11727,-2.19174
3.663,3.934,3.219,10.11727,-2.19174
3.559,3.839,3.105,10.11727,-2.19174
3.466,3.757,2.998,10.11727,-2.19174
3.381,3.685,2.897,10.11727,-2.19174
3.302,3.621,2.802,10.11727,-2.19174
3.227,3.560,2.712,10.11727,-2.19174
3.150,3.496,2.620,10.11727,-2.19174
3.066,3.424,2.522,10.11727,-2.19174
2.960,3.329,2.405,10.11727,-2.19174
2.860,3.236,2.298,10.11727,-2.19174
2.785,3.166,2.218,10.11727,-2.19174
2.710,3.094,2.141,10.11727,-2.19174
2.608,2.996,2.035,10.11727,-2.19174
2.500,2.891,1.923,10.11727,-2.19174
2.390,2.784,1.810,10.11727,-2.19174
2.265,2.663,1.683,10.11727,-2.19174
2.153,2.553,1.568,10.11727,-2.19174
2.031,2.433,1.443,10.11727,-2.19174
1.900,2.305,1.309,10.11727,-2.19174
1.784,2.192,1.191,10.11727,-2.19174
1.662,2.073,1.067,10.11727,-2.19174
1.543,1.957,0.945,10.11727,-2.19174
1.425,1.842,0.824,10.11727,-2.19174
1.309,1.729,0.705,10.11727,-2.19174
1.189,1.611,0.582,10.11727,-2.19174
1.072,1.497,0.462,10.11727,-2.19174
0.958,1.386,0.346,10.11727,-2.19174
0.846,1.277,0.231,10.11727,-2.19174
0.731,1.166,0.113,10.11727,-2.19174
0.620,1.058,-0.001,10.11727,-2.19174
0.508,0.950,-0.116,10.11727,-2.19174
0.397,0.843,-0.231,10.11727,-2.19174
0.290,0.739,-0.341,10.11727,-2.19174
0.183,0.636,-0.451,10.11727,-2.19174
0.072,0.529,-0.566,10.11727,-2.19174
-0.031,0.430,-0.672,10.11727,-2.19174
-0.134,0.331,-0.779,10.11727,-2.19174
-0.241,0.228,-0.889,10.11727,-2.19174
-0.341,0.132,-0.993,10.11727,-2.19174
-0.442,0.036,-1.097,10.11727,-2.19174
-0.541,-0.060,-1.200,10.11727,-2.19174
-0.616,-0.131,-1.277,10.11727,-2.19174
-0.606,-0.121,-1.267,10.11727,-2.19174
-0.622,-0.137,-1.284,10.11727,-2.19174
-0.720,-0.230,-1.385,10.11727,-2.19174
-0.824,-0.330,-1.494,10.11727,-2.19174
-0.919,-0.420,-1.592,10.11727,-2.19174
-1.017,-0.513,-1.695,10.11727,-2.19174
-1.116,-0.607,-1.798,10.11727,-2.19174
-1.208,-0.694,-1.894,10.11727,-2.19174
-1.307,-0.785,-1.998,10.11727,-2.19174
-1.400,-0.872,-2.097,10.11727,-2.19174
-1.493,-0.956,-2.196,10.11727,-2.19174
-1.586,-1.040,-2.295,10.11727,-2.19174
-1.694,-1.138,-2.411,10.11727,-2.19174
-1.786,-1.219,-2.510,10.11727,-2.19174
-1.888,-1.309,-2.621,10.11727,-2.19174
-1.977,-1.387,-2.718,10.11727,-2.19174
-2.073,-1.469,-2.824,10.11727,-2.19174
-2.158,-1.543,-2.917,10.11727,-2.19174
-2.252,-1.620,-3.021,10.11727,-2.19174
-2.353,-1.702,-3.135,10.11727,-2.19174
-2.439,-1.770,-3.234,10.11727,-2.19174
-2.517,-1.829,-3.322,10.11727,-2.19174
-2.601,-1.897,-3.417,10.11727,-2.19174
-2.692,-1.972,-3.518,10.11727,-2.19174
-2.774,-2.039,-3.609,10.11727,-2.19174
-2.859,-2.109,-3.703,10.11727,-2.19174
-2.936,-2.172,-3.789,10.11727,-2.19174
-2.956,-2.188,-3.812,10.11727,-2.19174
1.108,1.149,1.024,10.11727,-2.19174
1.072,1.115,0.984,10.11727,-2.19174
0.982,1.031,0.884,10.11727,-2.19174
0.976,1.025,0.877,10.11727,-2.19174
0.976,1.025,0.877,10.11727,-2.19174
0.974,1.023,0.874,10.11727,-2.19174
0.970,1.020,0.870,10.11727,-2.19174
0.964,1.015,0.862,10.11727,-2.19174
0.956,1.007,0.853,10.11727,-2.19174
0.947,0.999,0.841,10.11727,-2.19174
0.935,0.989,0.827,10.11727,-2.19174
0.921,0.977,0.810,10.11727,-2.19174
0.905,0.963,0.790,10.11727,-2.19174
0.888,0.948,0.769,10.11727,-2.19174
0.869,0.932,0.744,10.11727,-2.19174
0.847,0.913,0.716,10.11727,-2.19174
0.824,0.894,0.687,10.11727,-2.19174
0.798,0.873,0.652,10.11727,-2.19174
0.773,0.854,0.617,10.11727,-2.19174
0.747,0.834,0.580,10.11727,-2.19174
0.720,0.815,0.541,10.11727,-2.19174
0.695,0.798,0.500,10.11727,-2.19174
0.690,0.794,0.493,10.11727,-2.19174
0.679,0.787,0.474,10.11727,-2.19174
0.656,0.774,0.435,10.11727,-2.19174
0.635,0.764,0.397,10.11727,-2.19174
0.614,0.755,0.357,10.11727,-2.19174
0.594,0.748,0.317,10.11727,-2.19174
0.576,0.742,0.279,10.11727,-2.19174
0.559,0.739,0.243,10.11727,-2.19174
0.542,0.735,0.206,10.11727,-2.19174
0.526,0.732,0.171,10.11727,-2.19174
0.509,0.728,0.135,10.11727,-2.19174
0.488,0.724,0.092,10.11727,-2.19174
0.467,0.719,0.048,10.11727,-2.19174
0.443,0.715,0.001,10.11727,-2.19174
0.412,0.702,-0.053,10.11727,-2.19174
0.386,0.690,-0.097,10.11727,-2.19174
0.354,0.672,-0.145,10.11727,-2.19174
0.329,0.659,-0.183,10.11727,-2.19174
0.297,0.639,-0.227,10.11727,-2.19174
0.263,0.616,-0.274,10.11727,-2.19174
0.213,0.579,-0.338,10.11727,-2.19174
0.162,0.540,-0.401,10.11727,-2.19174
0.103,0.492,-0.471,10.11727,-2.19174
0.048,0.446,-0.534,10.11727,-2.19174
-0.023,0.383,-0.613,10.11727,-2.19174
-0.111,0.304,-0.709,10.11727,-2.19174
-0.203,0.219,-0.809,10.11727,-2.19174
-0.294,0.135,-0.906,10.11727,-2.19174
-0.374,0.061,-0.991,10.11727,-2.19174
-0.378,0.057,-0.995,10.11727,-2.19174
-0.349,0.084,-0.965,10.11727,-2.19174
-0.385,0.052,-1.005,10.11727,-2.19174
-0.473,-0.029,-1.099,10.11727,-2.19174
-0.600,-0.147,-1.234,10.11727,-2.19174
-0.703,-0.243,-1.343,10.11727,-2.19174
-0.804,-0.338,-1.450,10.11727,-2.19174
-0.905,-0.432,-1.556,10.11727,-2.19174
-1.006,-0.527,-1.663,10.11727,-2.19174
-1.106,-0.620,-1.768,10.11727,-2.19174
-1.205,-0.713,-1.872,10.11727,-2.19174
-1.304,-0.806,-1.977,10.11727,-2.19174
-1.402,-0.897,-2.080,10.11727,-2.19174
-1.500,-0.988,-2.184,10.11727,-2.19174
-1.599,-1.078,-2.289,10.11727,-2.19174
-1.697,-1.166,-2.395,10.11727,-2.19174
-1.795,-1.253,-2.501,10.11727,-2.19174
-1.893,-1.340,-2.608,10.11727,-2.19174
-1.992,-1.426,-2.716,10.11727,-2.19174
-2.088,-1.508,-2.822,10.11727,-2.19174
-2.183,-1.588,-2.927,10.11727,-2.19174
-2.270,-1.660,-3.024,10.11727,-2.19174
-2.359,-1.732,-3.126,10.11727,-2.19174
-2.442,-1.797,-3.221,10.11727,-2.19174
-2.534,-1.867,-3.326,10.11727,-2.19174
-2.560,-1.886,-3.357,10.11727,-2.19174
-2.601,-1.915,-3.405,10.11727,-2.19174
-2.658,-1.957,-3.472,10.11727,-2.19174
-2.725,-2.010,-3.548,10.11727,-2.19174
-2.803,-2.072,-3.636,10.11727,-2.19174
-2.876,-2.130,-3.718,10.11727,-2.19174
-2.914,-2.160,-3.761,10.11727,-2.19174
-2.904,-2.139,-3.758,10.11727,-2.19174
-2.416,-1.758,-3.203,10.11727,-2.19174
-2.053,-1.467,-2.792,10.11727,-2.19174
-1.533,-1.015,-2.221,10.11727,-2.19174
-1.539,-1.020,-2.229,10.11727,-2.19174
-1.708,-1.168,-2.413,10.11727,-2.19174
-2.143,-1.535,-2.896,10.11727,-2.19174
-2.523,-1.824,-3.336,10.11727,-2.19174
-2.768,-2.018,-3.612,10.11727,-2.19174
-2.893,-2.115,-3.755,10.11727,-2.19174
-2.946,-2.152,-3.817,10.11727,-2.19174
-2.967,-2.163,-3.844,10.11727,-2.19174
30.305,30.340,30.221,10.11727,-2.19174
