Gmag,G_BPmag,G_RPmag,logAge,MH
14.132,16.587,12.754,10.04532,-1.05000
13.569,15.585,12.265,10.04532,-1.05000
13.275,15.089,12.014,10.04532,-1.05000
12.338,13.701,11.202,10.04532,-1.05000
11.769,12.967,10.694,10.04532,-1.05000
11.355,12.469,10.314,10.04532,-1.05000
10.727,11.746,9.730,10.04532,-1.05000
10.159,11.111,9.194,10.04532,-1.05000
9.724,10.634,8.782,10.04532,-1.05000
9.554,10.448,8.621,10.04532,-1.05000
9.369,10.245,8.445,10.04532,-1.05000
8.948,9.776,8.051,10.04532,-1.05000
8.449,9.209,7.593,10.04532,-1.05000
7.862,8.518,7.074,10.04532,-1.05000
7.209,7.749,6.508,10.04532,-1.05000
6.628,7.086,5.996,10.04532,-1.05000
6.541,6.988,5.920,10.04532,-1.05000
6.341,6.761,5.743,10.04532,-1.05000
6.159,6.557,5.582,10.04532,-1.05000
6.065,6.452,5.499,10.04532,-1.05000
5.996,6.376,5.437,10.04532,-1.05000
5.834,6.198,5.292,10.04532,-1.05000
5.686,6.034,5.159,10.04532,-1.05000
5.548,5.882,5.035,10.04532,-1.05000
5.524,5.856,5.014,10.04532,-1.05000
5.460,5.786,4.956,10.04532,-1.05000
5.353,5.671,4.859,10.04532,-1.05000
5.250,5.559,4.766,10.04532,-1.05000
5.148,5.450,4.672,10.04532,-1.05000
5.047,5.341,4.579,10.04532,-1.05000
4.945,5.233,4.485,10.04532,-1.05000
4.904,5.190,4.446,10.04532,-1.05000
4.791,5.071,4.340,10.04532,-1.05000
4.680,4.954,4.234,10.04532,-1.05000
4.564,4.834,4.125,10.04532,-1.05000
4.403,4.667,3.971,10.04532,-1.05000
4.242,4.502,3.815,10.04532,-1.05000
4.219,4.478,3.793,10.04532,-1.05000
4.186,4.444,3.761,10.04532,-1.05000
4.059,4.315,3.636,10.04532,-1.05000
4.055,4.311,3.632,10.04532,-1.05000
3.994,4.250,3.571,10.04532,-1.05000
3.861,4.118,3.436,10.04532,-1.05000
3.736,3.998,3.307,10.04532,-1.05000
3.711,3.973,3.281,10.04532,-1.05000
3.617,3.886,3.178,10.04532,-1.05000
3.506,3.788,3.053,10.04532,-1.05000
3.426,3.722,2.954,10.04532,-1.05000
3.367,3.681,2.876,10.04532,-1.05000
3.313,3.645,2.801,10.04532,-1.05000
3.250,3.599,2.721,10.04532,-1.05000
3.172,3.533,2.631,10.04532,-1.05000
3.090,3.459,2.540,10.04532,-1.05000
3.043,3.416,2.490,10.04532,-1.05000
3.024,3.397,2.470,10.04532,-1.05000
2.916,3.295,2.357,10.04532,-1.05000
2.816,3.199,2.253,10.04532,-1.05000
2.696,3.082,2.130,10.04532,-1.05000
2.575,2.965,2.005,10.04532,-1.05000
2.443,2.835,1.870,10.04532,-1.05000
2.314,2.710,1.738,10.04532,-1.05000
2.196,2.595,1.617,10.04532,-1.05000
2.097,2.498,1.516,10.04532,-1.05000
1.978,2.382,1.394,10.04532,-1.05000
1.853,2.261,1.266,10.04532,-1.05000
1.729,2.141,1.138,10.04532,-1.05000
1.611,2.026,1.017,10.04532,-1.05000
1.495,1.914,0.897,10.04532,-1.05000
1.381,1.804,0.779,10.04532,-1.05000
1.266,1.694,0.660,10.04532,-1.05000
1.156,1.587,0.546,10.04532,-1.05000
1.043,1.479,0.429,10.04532,-1.05000
0.935,1.376,0.317,10.04532,-1.05000
0.832,1.276,0.209,10.04532,-1.05000
0.727,1.177,0.100,10.04532,-1.05000
0.627,1.082,-0.004,10.04532,-1.05000
0.526,0.986,-0.110,10.04532,-1.05000
0.428,0.894,-0.212,10.04532,-1.05000
0.333,0.804,-0.312,10.04532,-1.05000
0.243,0.719,-0.406,10.04532,-1.05000
0.166,0.646,-0.487,10.04532,-1.05000
0.111,0.594,-0.545,10.04532,-1.05000
0.170,0.649,-0.481,10.04532,-1.05000
0.182,0.659,-0.469,10.04532,-1.05000
0.095,0.578,-0.560,10.04532,-1.05000
-0.002,0.487,-0.663,10.04532,-1.05000
-0.101,0.394,-0.767,10.04532,-1.05000
-0.198,0.304,-0.869,10.04532,-1.05000
-0.297,0.213,-0.975,10.04532,-1.05000
-0.393,0.126,-1.077,10.04532,-1.05000
-0.489,0.039,-1.180,10.04532,-1.05000
-0.582,-0.046,-1.280,10.04532,-1.05000
-0.675,-0.129,-1.380,10.04532,-1.05000
-0.765,-0.210,-1.477,10.04532,-1.05000
-0.856,-0.291,-1.575,10.04532,-1.05000
-0.943,-0.368,-1.669,10.04532,-1.05000
-1.030,-0.445,-1.763,10.04532,-1.05000
-1.114,-0.519,-1.854,10.04532,-1.05000
-1.215,-0.607,-1.965,10.04532,-1.05000
-1.296,-0.678,-2.054,10.04532,-1.05000
-1.391,-0.761,-2.158,10.04532,-1.05000
-1.488,-0.844,-2.264,10.04532,-1.05000
-1.566,-0.911,-2.350,10.04532,-1.05000
-1.656,-0.988,-2.449,10.04532,-1.05000
-1.748,-1.065,-2.550,10.04532,-1.05000
-1.840,-1.143,-2.652,10.04532,-1.05000
-1.923,-1.211,-2.745,10.04532,-1.05000
-2.008,-1.279,-2.839,10.04532,-1.05000
-2.092,-1.347,-2.935,10.04532,-1.05000
-2.174,-1.411,-3.027,10.04532,-1.05000
-2.253,-1.474,-3.116,10.04532,-1.05000
-2.331,-1.534,-3.205,10.04532,-1.05000
-2.411,-1.596,-3.295,10.04532,-1.05000
-2.483,-1.650,-3.378,10.04532,-1.05000
-2.558,-1.707,-3.463,10.04532,-1.05000
-2.631,-1.760,-3.547,10.04532,-1.05000
-2.700,-1.807,-3.627,10.04532,-1.05000
-2.767,-1.852,-3.705,10.04532,-1.05000
-2.829,-1.892,-3.779,10.04532,-1.05000
-2.890,-1.932,-3.851,10.04532,-1.05000
-2.902,-1.939,-3.865,10.04532,-1.05000
0.468,0.840,-0.084,10.04532,-1.05000
0.428,0.802,-0.126,10.04532,-1.05000
0.420,0.794,-0.135,10.04532,-1.05000
0.416,0.790,-0.139,10.04532,-1.05000
0.414,0.787,-0.140,10.04532,-1.05000
0.414,0.786,-0.139,10.04532,-1.05000
0.415,0.786,-0.136,10.04532,-1.05000
0.418,0.787,-0.132,10.04532,-1.05000
0.420,0.788,-0.128,10.04532,-1.05000
0.422,0.789,-0.124,10.04532,-1.05000
0.424,0.789,-0.121,10.04532,-1.05000
0.426,0.790,-0.118,10.04532,-1.05000
0.428,0.790,-0.115,10.04532,-1.05000
0.429,0.790,-0.113,10.04532,-1.05000
0.430,0.790,-0.111,10.04532,-1.05000
0.430,0.790,-0.111,10.04532,-1.05000
0.430,0.790,-0.111,10.04532,-1.05000
0.430,0.789,-0.110,10.04532,-1.05000
0.429,0.788,-0.110,10.04532,-1.05000
0.427,0.786,-0.111,10.04532,-1.05000
0.425,0.784,-0.114,10.04532,-1.05000
0.422,0.781,-0.117,10.04532,-1.05000
0.418,0.778,-0.121,10.04532,-1.05000
0.415,0.775,-0.125,10.04532,-1.05000
0.414,0.774,-0.126,10.04532,-1.05000
0.408,0.769,-0.133,10.04532,-1.05000
0.401,0.763,-0.141,10.04532,-1.05000
0.393,0.756,-0.151,10.04532,-1.05000
0.384,0.748,-0.161,10.04532,-1.05000
0.373,0.740,-0.173,10.04532,-1.05000
0.361,0.730,-0.187,10.04532,-1.05000
0.348,0.718,-0.202,10.04532,-1.05000
0.332,0.705,-0.220,10.04532,-1.05000
0.316,0.691,-0.239,10.04532,-1.05000
0.318,0.693,-0.236,10.04532,-1.05000
0.278,0.658,-0.282,10.04532,-1.05000
0.215,0.603,-0.354,10.04532,-1.05000
0.130,0.530,-0.448,10.04532,-1.05000
0.045,0.455,-0.544,10.04532,-1.05000
-0.037,0.383,-0.635,10.04532,-1.05000
-0.117,0.312,-0.725,10.04532,-1.05000
-0.204,0.235,-0.821,10.04532,-1.05000
-0.287,0.161,-0.911,10.04532,-1.05000
-0.294,0.155,-0.920,10.04532,-1.05000
-0.384,0.074,-1.018,10.04532,-1.05000
-0.458,0.008,-1.099,10.04532,-1.05000
-0.515,-0.042,-1.160,10.04532,-1.05000
-0.522,-0.049,-1.169,10.04532,-1.05000
-0.521,-0.048,-1.167,10.04532,-1.05000
-0.490,-0.020,-1.133,10.04532,-1.05000
-0.476,-0.008,-1.118,10.04532,-1.05000
-0.467,0.000,-1.108,10.04532,-1.05000
-0.529,-0.055,-1.177,10.04532,-1.05000
-0.614,-0.130,-1.269,10.04532,-1.05000
-0.735,-0.237,-1.402,10.04532,-1.05000
-0.861,-0.347,-1.541,10.04532,-1.05000
-0.970,-0.442,-1.661,10.04532,-1.05000
-1.071,-0.529,-1.772,10.04532,-1.05000
-1.168,-0.612,-1.879,10.04532,-1.05000
-1.260,-0.690,-1.982,10.04532,-1.05000
-1.351,-0.766,-2.084,10.04532,-1.05000
-1.432,-0.828,-2.179,10.04532,-1.05000
-1.500,-0.870,-2.267,10.04532,-1.05000
-1.561,-0.916,-2.338,10.04532,-1.05000
-1.645,-0.985,-2.432,10.04532,-1.05000
-1.727,-1.051,-2.524,10.04532,-1.05000
-1.808,-1.117,-2.616,10.04532,-1.05000
-1.892,-1.182,-2.711,10.04532,-1.05000
-1.976,-1.251,-2.805,10.04532,-1.05000
-2.081,-1.348,-2.914,10.04532,-1.05000
-2.244,-1.542,-3.057,10.04532,-1.05000
-2.383,-1.742,-3.155,10.04532,-1.05000
30.044,30.776,29.207,10.04532,-1.05000
