Gmag,G_BPmag,G_RPmag,logAge,MH
13.956,16.204,12.614,10.06819,-1.20000
13.909,16.119,12.574,10.06819,-1.20000
13.072,14.691,11.863,10.06819,-1.20000
12.158,13.399,11.067,10.06819,-1.20000
11.612,12.724,10.573,10.06819,-1.20000
11.207,12.249,10.200,10.06819,-1.20000
10.586,11.545,9.619,10.06819,-1.20000
10.358,11.293,9.404,10.06819,-1.20000
10.027,10.929,9.089,10.06819,-1.20000
9.602,10.465,8.686,10.06819,-1.20000
9.256,10.088,8.357,10.06819,-1.20000
8.842,9.628,7.970,10.06819,-1.20000
8.342,9.059,7.512,10.06819,-1.20000
7.743,8.353,6.988,10.06819,-1.20000
7.101,7.609,6.425,10.06819,-1.20000
6.525,6.960,5.913,10.06819,-1.20000
6.490,6.920,5.882,10.06819,-1.20000
6.316,6.725,5.728,10.06819,-1.20000
6.168,6.559,5.597,10.06819,-1.20000
6.026,6.403,5.470,10.06819,-1.20000
5.956,6.325,5.407,10.06819,-1.20000
5.876,6.237,5.336,10.06819,-1.20000
5.729,6.075,5.205,10.06819,-1.20000
5.592,5.924,5.082,10.06819,-1.20000
5.465,5.786,4.966,10.06819,-1.20000
5.395,5.710,4.903,10.06819,-1.20000
5.385,5.699,4.894,10.06819,-1.20000
5.244,5.548,4.765,10.06819,-1.20000
5.109,5.403,4.641,10.06819,-1.20000
4.975,5.260,4.516,10.06819,-1.20000
4.852,5.130,4.401,10.06819,-1.20000
4.753,5.026,4.308,10.06819,-1.20000
4.621,4.889,4.183,10.06819,-1.20000
4.484,4.746,4.052,10.06819,-1.20000
4.348,4.606,3.922,10.06819,-1.20000
4.220,4.475,3.797,10.06819,-1.20000
4.098,4.351,3.678,10.06819,-1.20000
4.060,4.312,3.641,10.06819,-1.20000
4.022,4.275,3.603,10.06819,-1.20000
3.872,4.126,3.451,10.06819,-1.20000
3.830,4.085,3.408,10.06819,-1.20000
3.745,4.003,3.320,10.06819,-1.20000
3.721,3.980,3.295,10.06819,-1.20000
3.672,3.933,3.241,10.06819,-1.20000
3.563,3.834,3.122,10.06819,-1.20000
3.475,3.758,3.020,10.06819,-1.20000
3.404,3.700,2.933,10.06819,-1.20000
3.338,3.651,2.847,10.06819,-1.20000
3.281,3.610,2.773,10.06819,-1.20000
3.207,3.551,2.682,10.06819,-1.20000
3.123,3.478,2.587,10.06819,-1.20000
3.019,3.383,2.475,10.06819,-1.20000
3.000,3.364,2.454,10.06819,-1.20000
2.890,3.260,2.340,10.06819,-1.20000
2.789,3.163,2.235,10.06819,-1.20000
2.667,3.044,2.109,10.06819,-1.20000
2.544,2.925,1.982,10.06819,-1.20000
2.410,2.794,1.846,10.06819,-1.20000
2.281,2.667,1.713,10.06819,-1.20000
2.161,2.551,1.591,10.06819,-1.20000
2.060,2.452,1.487,10.06819,-1.20000
1.939,2.334,1.363,10.06819,-1.20000
1.812,2.210,1.233,10.06819,-1.20000
1.685,2.087,1.103,10.06819,-1.20000
1.565,1.970,0.979,10.06819,-1.20000
1.446,1.855,0.857,10.06819,-1.20000
1.330,1.742,0.736,10.06819,-1.20000
1.211,1.628,0.614,10.06819,-1.20000
1.097,1.517,0.496,10.06819,-1.20000
0.980,1.406,0.375,10.06819,-1.20000
0.868,1.298,0.259,10.06819,-1.20000
0.759,1.194,0.146,10.06819,-1.20000
0.649,1.088,0.032,10.06819,-1.20000
0.544,0.988,-0.078,10.06819,-1.20000
0.437,0.887,-0.190,10.06819,-1.20000
0.334,0.789,-0.297,10.06819,-1.20000
0.232,0.692,-0.404,10.06819,-1.20000
0.132,0.598,-0.508,10.06819,-1.20000
0.039,0.510,-0.606,10.06819,-1.20000
-0.017,0.456,-0.665,10.06819,-1.20000
0.024,0.494,-0.621,10.06819,-1.20000
0.039,0.508,-0.604,10.06819,-1.20000
-0.059,0.416,-0.708,10.06819,-1.20000
-0.156,0.325,-0.810,10.06819,-1.20000
-0.256,0.231,-0.916,10.06819,-1.20000
-0.357,0.138,-1.023,10.06819,-1.20000
-0.454,0.050,-1.125,10.06819,-1.20000
-0.549,-0.038,-1.228,10.06819,-1.20000
-0.644,-0.124,-1.329,10.06819,-1.20000
-0.739,-0.210,-1.431,10.06819,-1.20000
-0.830,-0.291,-1.529,10.06819,-1.20000
-0.920,-0.372,-1.627,10.06819,-1.20000
-1.030,-0.470,-1.746,10.06819,-1.20000
-1.138,-0.565,-1.863,10.06819,-1.20000
-1.244,-0.657,-1.978,10.06819,-1.20000
-1.344,-0.744,-2.088,10.06819,-1.20000
-1.443,-0.831,-2.196,10.06819,-1.20000
-1.545,-0.919,-2.307,10.06819,-1.20000
-1.638,-1.000,-2.410,10.06819,-1.20000
-1.734,-1.082,-2.515,10.06819,-1.20000
-1.830,-1.164,-2.621,10.06819,-1.20000
-1.917,-1.237,-2.718,10.06819,-1.20000
-2.008,-1.313,-2.819,10.06819,-1.20000
-2.099,-1.386,-2.920,10.06819,-1.20000
-2.180,-1.450,-3.011,10.06819,-1.20000
-2.264,-1.517,-3.106,10.06819,-1.20000
-2.350,-1.586,-3.203,10.06819,-1.20000
-2.429,-1.647,-3.293,10.06819,-1.20000
-2.512,-1.712,-3.387,10.06819,-1.20000
-2.592,-1.774,-3.478,10.06819,-1.20000
-2.670,-1.832,-3.566,10.06819,-1.20000
-2.747,-1.888,-3.656,10.06819,-1.20000
-2.823,-1.941,-3.744,10.06819,-1.20000
-2.895,-1.990,-3.827,10.06819,-1.20000
-2.947,-2.026,-3.888,10.06819,-1.20000
0.471,0.819,-0.058,10.06819,-1.20000
0.429,0.780,-0.103,10.06819,-1.20000
0.423,0.774,-0.109,10.06819,-1.20000
0.419,0.770,-0.112,10.06819,-1.20000
0.417,0.768,-0.114,10.06819,-1.20000
0.417,0.766,-0.113,10.06819,-1.20000
0.418,0.766,-0.110,10.06819,-1.20000
0.420,0.766,-0.107,10.06819,-1.20000
0.422,0.767,-0.102,10.06819,-1.20000
0.425,0.768,-0.098,10.06819,-1.20000
0.427,0.768,-0.095,10.06819,-1.20000
0.428,0.768,-0.091,10.06819,-1.20000
0.430,0.769,-0.088,10.06819,-1.20000
0.431,0.769,-0.085,10.06819,-1.20000
0.432,0.768,-0.083,10.06819,-1.20000
0.432,0.768,-0.083,10.06819,-1.20000
0.432,0.768,-0.083,10.06819,-1.20000
0.432,0.767,-0.082,10.06819,-1.20000
0.432,0.766,-0.082,10.06819,-1.20000
0.430,0.765,-0.083,10.06819,-1.20000
0.428,0.763,-0.085,10.06819,-1.20000
0.426,0.761,-0.088,10.06819,-1.20000
0.423,0.758,-0.092,10.06819,-1.20000
0.418,0.754,-0.097,10.06819,-1.20000
0.416,0.752,-0.100,10.06819,-1.20000
0.413,0.750,-0.104,10.06819,-1.20000
0.406,0.744,-0.112,10.06819,-1.20000
0.398,0.738,-0.121,10.06819,-1.20000
0.390,0.731,-0.132,10.06819,-1.20000
0.379,0.722,-0.145,10.06819,-1.20000
0.366,0.713,-0.160,10.06819,-1.20000
0.356,0.704,-0.171,10.06819,-1.20000
0.341,0.691,-0.190,10.06819,-1.20000
0.319,0.673,-0.216,10.06819,-1.20000
0.290,0.648,-0.250,10.06819,-1.20000
0.248,0.612,-0.297,10.06819,-1.20000
0.165,0.541,-0.391,10.06819,-1.20000
0.079,0.465,-0.488,10.06819,-1.20000
-0.007,0.390,-0.584,10.06819,-1.20000
-0.091,0.315,-0.678,10.06819,-1.20000
-0.177,0.240,-0.772,10.06819,-1.20000
-0.256,0.169,-0.860,10.06819,-1.20000
-0.276,0.152,-0.881,10.06819,-1.20000
-0.277,0.150,-0.883,10.06819,-1.20000
-0.371,0.066,-0.985,10.06819,-1.20000
-0.463,-0.017,-1.086,10.06819,-1.20000
-0.551,-0.096,-1.182,10.06819,-1.20000
-0.623,-0.160,-1.260,10.06819,-1.20000
-0.676,-0.209,-1.318,10.06819,-1.20000
-0.591,-0.133,-1.226,10.06819,-1.20000
-0.509,-0.058,-1.136,10.06819,-1.20000
-0.532,-0.079,-1.161,10.06819,-1.20000
-0.620,-0.157,-1.257,10.06819,-1.20000
-0.724,-0.251,-1.371,10.06819,-1.20000
-0.827,-0.343,-1.483,10.06819,-1.20000
-0.927,-0.431,-1.593,10.06819,-1.20000
-1.026,-0.518,-1.702,10.06819,-1.20000
-1.124,-0.603,-1.809,10.06819,-1.20000
-1.220,-0.686,-1.915,10.06819,-1.20000
-1.314,-0.766,-2.020,10.06819,-1.20000
-1.407,-0.843,-2.124,10.06819,-1.20000
-1.491,-0.904,-2.226,10.06819,-1.20000
-1.539,-0.925,-2.292,10.06819,-1.20000
-1.625,-0.996,-2.389,10.06819,-1.20000
-1.711,-1.069,-2.485,10.06819,-1.20000
-1.797,-1.140,-2.581,10.06819,-1.20000
-1.885,-1.213,-2.679,10.06819,-1.20000
-1.982,-1.298,-2.783,10.06819,-1.20000
-2.120,-1.453,-2.909,10.06819,-1.20000
-2.260,-1.663,-3.001,10.06819,-1.20000
30.143,31.007,29.227,10.06819,-1.20000
