Gmag,G_BPmag,G_RPmag,logAge,MH
13.678,15.594,12.404,10.05308,-1.50000
13.494,15.276,12.249,10.05308,-1.50000
12.736,14.076,11.613,10.05308,-1.50000
11.863,12.940,10.841,10.05308,-1.50000
11.338,12.320,10.360,10.05308,-1.50000
10.940,11.866,9.990,10.05308,-1.50000
10.337,11.198,9.421,10.05308,-1.50000
9.787,10.598,8.899,10.05308,-1.50000
9.368,10.144,8.502,10.05308,-1.50000
9.144,9.901,8.290,10.05308,-1.50000
9.030,9.777,8.181,10.05308,-1.50000
8.821,9.544,7.987,10.05308,-1.50000
8.639,9.343,7.818,10.05308,-1.50000
8.150,8.785,7.376,10.05308,-1.50000
7.592,8.140,6.882,10.05308,-1.50000
7.006,7.483,6.355,10.05308,-1.50000
6.450,6.864,5.857,10.05308,-1.50000
6.352,6.754,5.769,10.05308,-1.50000
6.203,6.588,5.637,10.05308,-1.50000
6.076,6.447,5.524,10.05308,-1.50000
5.955,6.313,5.416,10.05308,-1.50000
5.893,6.244,5.361,10.05308,-1.50000
5.816,6.159,5.292,10.05308,-1.50000
5.668,5.997,5.160,10.05308,-1.50000
5.531,5.848,5.036,10.05308,-1.50000
5.403,5.708,4.920,10.05308,-1.50000
5.332,5.632,4.856,10.05308,-1.50000
5.277,5.572,4.805,10.05308,-1.50000
5.150,5.437,4.689,10.05308,-1.50000
5.026,5.304,4.574,10.05308,-1.50000
4.911,5.182,4.467,10.05308,-1.50000
4.792,5.057,4.356,10.05308,-1.50000
4.684,4.944,4.255,10.05308,-1.50000
4.674,4.933,4.245,10.05308,-1.50000
4.623,4.879,4.197,10.05308,-1.50000
4.496,4.747,4.077,10.05308,-1.50000
4.370,4.617,3.958,10.05308,-1.50000
4.248,4.490,3.841,10.05308,-1.50000
4.128,4.367,3.725,10.05308,-1.50000
4.008,4.245,3.608,10.05308,-1.50000
3.923,4.159,3.525,10.05308,-1.50000
3.886,4.122,3.488,10.05308,-1.50000
3.732,3.969,3.331,10.05308,-1.50000
3.683,3.922,3.280,10.05308,-1.50000
3.596,3.838,3.189,10.05308,-1.50000
3.570,3.813,3.161,10.05308,-1.50000
3.544,3.789,3.132,10.05308,-1.50000
3.452,3.705,3.031,10.05308,-1.50000
3.372,3.634,2.940,10.05308,-1.50000
3.302,3.575,2.855,10.05308,-1.50000
3.241,3.527,2.781,10.05308,-1.50000
3.189,3.488,2.713,10.05308,-1.50000
3.139,3.450,2.649,10.05308,-1.50000
3.084,3.408,2.581,10.05308,-1.50000
3.013,3.349,2.495,10.05308,-1.50000
2.937,3.282,2.410,10.05308,-1.50000
2.845,3.198,2.310,10.05308,-1.50000
2.809,3.164,2.272,10.05308,-1.50000
2.709,3.068,2.167,10.05308,-1.50000
2.589,2.953,2.043,10.05308,-1.50000
2.479,2.846,1.929,10.05308,-1.50000
2.366,2.736,1.813,10.05308,-1.50000
2.242,2.615,1.686,10.05308,-1.50000
2.119,2.495,1.560,10.05308,-1.50000
1.999,2.378,1.437,10.05308,-1.50000
1.887,2.268,1.322,10.05308,-1.50000
1.767,2.151,1.200,10.05308,-1.50000
1.641,2.029,1.071,10.05308,-1.50000
1.526,1.917,0.953,10.05308,-1.50000
1.413,1.807,0.837,10.05308,-1.50000
1.297,1.694,0.718,10.05308,-1.50000
1.186,1.586,0.604,10.05308,-1.50000
1.070,1.474,0.485,10.05308,-1.50000
0.959,1.366,0.370,10.05308,-1.50000
0.852,1.262,0.260,10.05308,-1.50000
0.741,1.155,0.145,10.05308,-1.50000
0.631,1.049,0.031,10.05308,-1.50000
0.526,0.948,-0.077,10.05308,-1.50000
0.422,0.848,-0.185,10.05308,-1.50000
0.314,0.745,-0.298,10.05308,-1.50000
0.211,0.647,-0.404,10.05308,-1.50000
0.111,0.551,-0.509,10.05308,-1.50000
0.009,0.454,-0.615,10.05308,-1.50000
-0.085,0.364,-0.712,10.05308,-1.50000
-0.175,0.279,-0.806,10.05308,-1.50000
-0.254,0.203,-0.889,10.05308,-1.50000
-0.313,0.148,-0.950,10.05308,-1.50000
-0.274,0.184,-0.909,10.05308,-1.50000
-0.268,0.189,-0.903,10.05308,-1.50000
-0.332,0.128,-0.970,10.05308,-1.50000
-0.434,0.032,-1.077,10.05308,-1.50000
-0.535,-0.062,-1.183,10.05308,-1.50000
-0.635,-0.156,-1.288,10.05308,-1.50000
-0.730,-0.245,-1.389,10.05308,-1.50000
-0.830,-0.338,-1.495,10.05308,-1.50000
-0.924,-0.423,-1.595,10.05308,-1.50000
-1.021,-0.512,-1.698,10.05308,-1.50000
-1.112,-0.594,-1.796,10.05308,-1.50000
-1.227,-0.698,-1.919,10.05308,-1.50000
-1.336,-0.795,-2.039,10.05308,-1.50000
-1.428,-0.876,-2.138,10.05308,-1.50000
-1.532,-0.966,-2.252,10.05308,-1.50000
-1.621,-1.043,-2.350,10.05308,-1.50000
-1.720,-1.127,-2.460,10.05308,-1.50000
-1.821,-1.213,-2.571,10.05308,-1.50000
-1.922,-1.300,-2.682,10.05308,-1.50000
-2.015,-1.380,-2.785,10.05308,-1.50000
-2.113,-1.464,-2.892,10.05308,-1.50000
-2.202,-1.538,-2.991,10.05308,-1.50000
-2.294,-1.615,-3.094,10.05308,-1.50000
-2.385,-1.689,-3.196,10.05308,-1.50000
-2.469,-1.755,-3.290,10.05308,-1.50000
-2.556,-1.825,-3.387,10.05308,-1.50000
-2.640,-1.892,-3.483,10.05308,-1.50000
-2.722,-1.956,-3.575,10.05308,-1.50000
-2.808,-2.025,-3.672,10.05308,-1.50000
-2.889,-2.087,-3.764,10.05308,-1.50000
-2.968,-2.146,-3.854,10.05308,-1.50000
-3.030,-2.190,-3.926,10.05308,-1.50000
0.458,0.767,-0.028,10.05308,-1.50000
0.414,0.727,-0.076,10.05308,-1.50000
0.408,0.720,-0.083,10.05308,-1.50000
0.405,0.717,-0.085,10.05308,-1.50000
0.403,0.714,-0.086,10.05308,-1.50000
0.402,0.712,-0.085,10.05308,-1.50000
0.403,0.710,-0.082,10.05308,-1.50000
0.404,0.709,-0.079,10.05308,-1.50000
0.405,0.708,-0.074,10.05308,-1.50000
0.407,0.707,-0.070,10.05308,-1.50000
0.408,0.706,-0.065,10.05308,-1.50000
0.409,0.705,-0.061,10.05308,-1.50000
0.410,0.704,-0.058,10.05308,-1.50000
0.411,0.703,-0.055,10.05308,-1.50000
0.411,0.702,-0.054,10.05308,-1.50000
0.411,0.701,-0.054,10.05308,-1.50000
0.410,0.700,-0.053,10.05308,-1.50000
0.409,0.698,-0.054,10.05308,-1.50000
0.407,0.696,-0.057,10.05308,-1.50000
0.404,0.694,-0.061,10.05308,-1.50000
0.401,0.692,-0.065,10.05308,-1.50000
0.396,0.690,-0.073,10.05308,-1.50000
0.391,0.687,-0.081,10.05308,-1.50000
0.388,0.685,-0.084,10.05308,-1.50000
0.387,0.684,-0.086,10.05308,-1.50000
0.380,0.681,-0.097,10.05308,-1.50000
0.372,0.676,-0.108,10.05308,-1.50000
0.363,0.671,-0.121,10.05308,-1.50000
0.354,0.665,-0.134,10.05308,-1.50000
0.344,0.658,-0.148,10.05308,-1.50000
0.333,0.651,-0.162,10.05308,-1.50000
0.322,0.642,-0.178,10.05308,-1.50000
0.309,0.633,-0.194,10.05308,-1.50000
0.295,0.622,-0.211,10.05308,-1.50000
0.279,0.609,-0.232,10.05308,-1.50000
0.275,0.606,-0.236,10.05308,-1.50000
0.251,0.587,-0.265,10.05308,-1.50000
0.220,0.562,-0.302,10.05308,-1.50000
0.142,0.495,-0.393,10.05308,-1.50000
0.047,0.414,-0.502,10.05308,-1.50000
-0.053,0.327,-0.615,10.05308,-1.50000
-0.147,0.244,-0.719,10.05308,-1.50000
-0.232,0.167,-0.813,10.05308,-1.50000
-0.282,0.123,-0.867,10.05308,-1.50000
-0.381,0.032,-0.975,10.05308,-1.50000
-0.464,-0.044,-1.064,10.05308,-1.50000
-0.527,-0.102,-1.132,10.05308,-1.50000
-0.574,-0.145,-1.183,10.05308,-1.50000
-0.576,-0.147,-1.185,10.05308,-1.50000
-0.562,-0.134,-1.170,10.05308,-1.50000
-0.531,-0.106,-1.136,10.05308,-1.50000
-0.554,-0.126,-1.161,10.05308,-1.50000
-0.602,-0.170,-1.214,10.05308,-1.50000
-0.692,-0.252,-1.311,10.05308,-1.50000
-0.794,-0.345,-1.421,10.05308,-1.50000
-0.894,-0.436,-1.529,10.05308,-1.50000
-0.993,-0.527,-1.635,10.05308,-1.50000
-1.091,-0.616,-1.741,10.05308,-1.50000
-1.188,-0.705,-1.845,10.05308,-1.50000
-1.287,-0.793,-1.952,10.05308,-1.50000
-1.387,-0.881,-2.061,10.05308,-1.50000
-1.487,-0.968,-2.171,10.05308,-1.50000
-1.587,-1.054,-2.281,10.05308,-1.50000
-1.689,-1.141,-2.395,10.05308,-1.50000
-1.787,-1.224,-2.506,10.05308,-1.50000
-1.885,-1.305,-2.616,10.05308,-1.50000
-1.983,-1.384,-2.726,10.05308,-1.50000
-2.075,-1.459,-2.830,10.05308,-1.50000
-2.159,-1.529,-2.924,10.05308,-1.50000
-2.240,-1.596,-3.015,10.05308,-1.50000
-2.321,-1.661,-3.107,10.05308,-1.50000
-2.415,-1.736,-3.214,10.05308,-1.50000
-2.516,-1.816,-3.328,10.05308,-1.50000
-2.630,-1.904,-3.459,10.05308,-1.50000
-2.677,-1.940,-3.512,10.05308,-1.50000
-2.693,-1.952,-3.531,10.05308,-1.50000
-2.712,-1.966,-3.553,10.05308,-1.50000
-2.773,-2.012,-3.623,10.05308,-1.50000
-3.258,-2.376,-4.176,10.05308,-1.50000
-2.970,-2.161,-3.848,10.05308,-1.50000
-2.697,-1.960,-3.532,10.05308,-1.50000
-2.308,-1.661,-3.085,10.05308,-1.50000
-2.320,-1.670,-3.099,10.05308,-1.50000
-2.516,-1.822,-3.324,10.05308,-1.50000
-2.811,-2.043,-3.665,10.05308,-1.50000
-3.052,-2.212,-3.948,10.05308,-1.50000
-3.203,-2.307,-4.129,10.05308,-1.50000
-3.283,-2.356,-4.226,10.05308,-1.50000
-3.324,-2.378,-4.276,10.05308,-1.50000
-3.349,-2.390,-4.307,10.05308,-1.50000
30.139,30.148,30.106,10.05308,-1.50000
