Gmag,G_BPmag,G_RPmag,logAge,MH
13.813,15.730,12.539,10.02119,-1.65000
13.616,15.377,12.376,10.02119,-1.65000
12.787,14.092,11.674,10.02119,-1.65000
11.927,13.001,10.904,10.02119,-1.65000
11.412,12.400,10.430,10.02119,-1.65000
11.022,11.960,10.064,10.02119,-1.65000
10.429,11.308,9.502,10.02119,-1.65000
9.884,10.715,8.983,10.02119,-1.65000
9.468,10.264,8.587,10.02119,-1.65000
9.128,9.894,8.265,10.02119,-1.65000
8.762,9.489,7.923,10.02119,-1.65000
8.302,8.968,7.503,10.02119,-1.65000
7.785,8.378,7.038,10.02119,-1.65000
7.230,7.760,6.531,10.02119,-1.65000
6.695,7.165,6.047,10.02119,-1.65000
6.627,7.089,5.987,10.02119,-1.65000
6.469,6.912,5.845,10.02119,-1.65000
6.325,6.752,5.716,10.02119,-1.65000
6.203,6.616,5.607,10.02119,-1.65000
6.158,6.566,5.567,10.02119,-1.65000
6.103,6.505,5.517,10.02119,-1.65000
5.951,6.337,5.381,10.02119,-1.65000
5.807,6.179,5.250,10.02119,-1.65000
5.671,6.031,5.127,10.02119,-1.65000
5.622,5.978,5.082,10.02119,-1.65000
5.558,5.908,5.023,10.02119,-1.65000
5.421,5.761,4.897,10.02119,-1.65000
5.294,5.625,4.781,10.02119,-1.65000
5.169,5.492,4.665,10.02119,-1.65000
5.054,5.370,4.557,10.02119,-1.65000
5.015,5.329,4.521,10.02119,-1.65000
4.888,5.195,4.401,10.02119,-1.65000
4.762,5.063,4.282,10.02119,-1.65000
4.633,4.928,4.160,10.02119,-1.65000
4.505,4.795,4.039,10.02119,-1.65000
4.380,4.665,3.919,10.02119,-1.65000
4.257,4.540,3.800,10.02119,-1.65000
4.176,4.457,3.721,10.02119,-1.65000
4.073,4.352,3.620,10.02119,-1.65000
4.049,4.327,3.596,10.02119,-1.65000
4.003,4.281,3.551,10.02119,-1.65000
3.865,4.145,3.411,10.02119,-1.65000
3.731,4.016,3.271,10.02119,-1.65000
3.706,3.992,3.245,10.02119,-1.65000
3.680,3.968,3.216,10.02119,-1.65000
3.585,3.881,3.111,10.02119,-1.65000
3.502,3.808,3.017,10.02119,-1.65000
3.429,3.748,2.929,10.02119,-1.65000
3.364,3.698,2.849,10.02119,-1.65000
3.308,3.656,2.775,10.02119,-1.65000
3.255,3.618,2.707,10.02119,-1.65000
3.199,3.576,2.636,10.02119,-1.65000
3.123,3.515,2.547,10.02119,-1.65000
3.042,3.444,2.456,10.02119,-1.65000
2.947,3.356,2.353,10.02119,-1.65000
2.910,3.321,2.314,10.02119,-1.65000
2.807,3.223,2.206,10.02119,-1.65000
2.685,3.106,2.080,10.02119,-1.65000
2.573,2.998,1.965,10.02119,-1.65000
2.459,2.887,1.848,10.02119,-1.65000
2.334,2.765,1.720,10.02119,-1.65000
2.210,2.644,1.593,10.02119,-1.65000
2.090,2.526,1.470,10.02119,-1.65000
1.976,2.415,1.354,10.02119,-1.65000
1.855,2.298,1.231,10.02119,-1.65000
1.729,2.174,1.101,10.02119,-1.65000
1.614,2.062,0.983,10.02119,-1.65000
1.500,1.951,0.866,10.02119,-1.65000
1.383,1.837,0.747,10.02119,-1.65000
1.271,1.728,0.632,10.02119,-1.65000
1.154,1.616,0.512,10.02119,-1.65000
1.043,1.507,0.398,10.02119,-1.65000
0.935,1.403,0.287,10.02119,-1.65000
0.823,1.295,0.171,10.02119,-1.65000
0.712,1.188,0.057,10.02119,-1.65000
0.607,1.087,-0.051,10.02119,-1.65000
0.503,0.987,-0.159,10.02119,-1.65000
0.395,0.883,-0.271,10.02119,-1.65000
0.293,0.786,-0.377,10.02119,-1.65000
0.192,0.689,-0.481,10.02119,-1.65000
0.090,0.592,-0.587,10.02119,-1.65000
-0.005,0.502,-0.685,10.02119,-1.65000
-0.097,0.414,-0.781,10.02119,-1.65000
-0.179,0.336,-0.866,10.02119,-1.65000
-0.238,0.280,-0.927,10.02119,-1.65000
-0.199,0.316,-0.886,10.02119,-1.65000
-0.194,0.321,-0.881,10.02119,-1.65000
-0.259,0.259,-0.948,10.02119,-1.65000
-0.361,0.163,-1.055,10.02119,-1.65000
-0.462,0.068,-1.160,10.02119,-1.65000
-0.560,-0.025,-1.264,10.02119,-1.65000
-0.653,-0.112,-1.361,10.02119,-1.65000
-0.751,-0.203,-1.464,10.02119,-1.65000
-0.842,-0.287,-1.561,10.02119,-1.65000
-0.938,-0.375,-1.662,10.02119,-1.65000
-1.027,-0.456,-1.757,10.02119,-1.65000
-1.138,-0.557,-1.876,10.02119,-1.65000
-1.245,-0.651,-1.991,10.02119,-1.65000
-1.334,-0.730,-2.088,10.02119,-1.65000
-1.435,-0.818,-2.197,10.02119,-1.65000
-1.521,-0.893,-2.291,10.02119,-1.65000
-1.617,-0.975,-2.396,10.02119,-1.65000
-1.715,-1.058,-2.504,10.02119,-1.65000
-1.812,-1.138,-2.611,10.02119,-1.65000
-1.901,-1.215,-2.708,10.02119,-1.65000
-1.993,-1.295,-2.809,10.02119,-1.65000
-2.078,-1.366,-2.902,10.02119,-1.65000
-2.165,-1.438,-2.998,10.02119,-1.65000
-2.250,-1.507,-3.092,10.02119,-1.65000
-2.329,-1.573,-3.181,10.02119,-1.65000
-2.410,-1.639,-3.270,10.02119,-1.65000
-2.488,-1.700,-3.358,10.02119,-1.65000
-2.563,-1.760,-3.442,10.02119,-1.65000
-2.642,-1.823,-3.530,10.02119,-1.65000
-2.715,-1.880,-3.612,10.02119,-1.65000
-2.788,-1.936,-3.693,10.02119,-1.65000
-2.844,-1.980,-3.757,10.02119,-1.65000
0.699,1.029,0.188,10.02119,-1.65000
0.653,0.993,0.131,10.02119,-1.65000
0.646,0.987,0.124,10.02119,-1.65000
0.643,0.983,0.122,10.02119,-1.65000
0.641,0.979,0.121,10.02119,-1.65000
0.640,0.976,0.122,10.02119,-1.65000
0.640,0.974,0.124,10.02119,-1.65000
0.640,0.972,0.128,10.02119,-1.65000
0.641,0.970,0.131,10.02119,-1.65000
0.642,0.968,0.135,10.02119,-1.65000
0.643,0.966,0.139,10.02119,-1.65000
0.643,0.965,0.142,10.02119,-1.65000
0.644,0.963,0.144,10.02119,-1.65000
0.644,0.962,0.146,10.02119,-1.65000
0.643,0.961,0.146,10.02119,-1.65000
0.643,0.961,0.146,10.02119,-1.65000
0.643,0.961,0.146,10.02119,-1.65000
0.642,0.960,0.145,10.02119,-1.65000
0.641,0.959,0.142,10.02119,-1.65000
0.639,0.959,0.138,10.02119,-1.65000
0.636,0.958,0.133,10.02119,-1.65000
0.632,0.958,0.126,10.02119,-1.65000
0.628,0.957,0.118,10.02119,-1.65000
0.623,0.956,0.108,10.02119,-1.65000
0.620,0.956,0.103,10.02119,-1.65000
0.619,0.956,0.101,10.02119,-1.65000
0.613,0.955,0.088,10.02119,-1.65000
0.606,0.953,0.076,10.02119,-1.65000
0.597,0.950,0.062,10.02119,-1.65000
0.588,0.946,0.047,10.02119,-1.65000
0.579,0.941,0.032,10.02119,-1.65000
0.568,0.935,0.018,10.02119,-1.65000
0.557,0.927,0.003,10.02119,-1.65000
0.545,0.919,-0.013,10.02119,-1.65000
0.531,0.909,-0.031,10.02119,-1.65000
0.520,0.899,-0.045,10.02119,-1.65000
0.516,0.897,-0.049,10.02119,-1.65000
0.481,0.870,-0.092,10.02119,-1.65000
0.431,0.830,-0.151,10.02119,-1.65000
0.357,0.767,-0.238,10.02119,-1.65000
0.273,0.696,-0.333,10.02119,-1.65000
0.189,0.623,-0.428,10.02119,-1.65000
0.104,0.548,-0.522,10.02119,-1.65000
0.023,0.475,-0.611,10.02119,-1.65000
-0.028,0.430,-0.666,10.02119,-1.65000
-0.081,0.381,-0.724,10.02119,-1.65000
-0.190,0.281,-0.840,10.02119,-1.65000
-0.277,0.201,-0.933,10.02119,-1.65000
-0.357,0.128,-1.018,10.02119,-1.65000
-0.387,0.100,-1.050,10.02119,-1.65000
-0.317,0.163,-0.976,10.02119,-1.65000
-0.257,0.219,-0.911,10.02119,-1.65000
-0.341,0.142,-1.002,10.02119,-1.65000
-0.443,0.049,-1.111,10.02119,-1.65000
-0.539,-0.039,-1.213,10.02119,-1.65000
-0.644,-0.136,-1.325,10.02119,-1.65000
-0.746,-0.230,-1.434,10.02119,-1.65000
-0.845,-0.321,-1.539,10.02119,-1.65000
-0.943,-0.411,-1.643,10.02119,-1.65000
-1.039,-0.499,-1.745,10.02119,-1.65000
-1.136,-0.587,-1.849,10.02119,-1.65000
-1.233,-0.674,-1.954,10.02119,-1.65000
-1.330,-0.760,-2.059,10.02119,-1.65000
-1.425,-0.843,-2.163,10.02119,-1.65000
-1.519,-0.924,-2.266,10.02119,-1.65000
-1.613,-1.004,-2.369,10.02119,-1.65000
-1.705,-1.081,-2.471,10.02119,-1.65000
-1.796,-1.157,-2.573,10.02119,-1.65000
-1.888,-1.232,-2.676,10.02119,-1.65000
-1.981,-1.306,-2.781,10.02119,-1.65000
-2.074,-1.383,-2.884,10.02119,-1.65000
-2.163,-1.455,-2.984,10.02119,-1.65000
-2.245,-1.521,-3.075,10.02119,-1.65000
-2.328,-1.588,-3.169,10.02119,-1.65000
-2.410,-1.654,-3.261,10.02119,-1.65000
-2.513,-1.735,-3.377,10.02119,-1.65000
-2.571,-1.779,-3.444,10.02119,-1.65000
-2.630,-1.823,-3.511,10.02119,-1.65000
-2.718,-1.889,-3.610,10.02119,-1.65000
-2.812,-1.961,-3.718,10.02119,-1.65000
-2.831,-1.975,-3.739,10.02119,-1.65000
-2.894,-2.021,-3.811,10.02119,-1.65000
-2.550,-1.758,-3.421,10.02119,-1.65000
-2.251,-1.525,-3.083,10.02119,-1.65000
-1.810,-1.177,-2.582,10.02119,-1.65000
-1.816,-1.182,-2.588,10.02119,-1.65000
-2.015,-1.338,-2.817,10.02119,-1.65000
-2.351,-1.605,-3.197,10.02119,-1.65000
-2.635,-1.823,-3.519,10.02119,-1.65000
-2.816,-1.958,-3.725,10.02119,-1.65000
-2.908,-2.022,-3.832,10.02119,-1.65000
-2.950,-2.051,-3.880,10.02119,-1.65000
-2.971,-2.065,-3.905,10.02119,-1.65000
-2.725,-1.890,-3.621,10.02119,-1.65000
-2.347,-1.600,-3.192,10.02119,-1.65000
-1.918,-1.261,-2.705,10.02119,-1.65000
-1.930,-1.270,-2.720,10.02119,-1.65000
-2.131,-1.427,-2.949,10.02119,-1.65000
-2.469,-1.692,-3.333,10.02119,-1.65000
-2.753,-1.903,-3.658,10.02119,-1.65000
-2.934,-2.026,-3.868,10.02119,-1.65000
-3.030,-2.087,-3.982,10.02119,-1.65000
-3.078,-2.115,-4.041,10.02119,-1.65000
-3.108,-2.129,-4.077,10.02119,-1.65000
30.415,30.470,30.293,10.02119,-1.65000
