Gmag,G_BPmag,G_RPmag,logAge,MH
13.755,15.565,12.505,10.06070,-1.80000
13.486,15.106,12.280,10.06070,-1.80000
12.644,13.854,11.565,10.06070,-1.80000
11.788,12.796,10.796,10.06070,-1.80000
11.279,12.211,10.323,10.06070,-1.80000
10.889,11.776,9.958,10.06070,-1.80000
10.638,11.501,9.719,10.06070,-1.80000
10.300,11.134,9.398,10.06070,-1.80000
9.762,10.551,8.886,10.06070,-1.80000
9.349,10.103,8.493,10.06070,-1.80000
9.009,9.733,8.172,10.06070,-1.80000
8.658,9.348,7.843,10.06070,-1.80000
8.216,8.853,7.437,10.06070,-1.80000
7.725,8.301,6.990,10.06070,-1.80000
7.174,7.694,6.484,10.06070,-1.80000
6.633,7.093,5.994,10.06070,-1.80000
6.594,7.049,5.959,10.06070,-1.80000
6.449,6.888,5.829,10.06070,-1.80000
6.326,6.750,5.718,10.06070,-1.80000
6.207,6.619,5.612,10.06070,-1.80000
6.097,6.496,5.514,10.06070,-1.80000
6.080,6.477,5.498,10.06070,-1.80000
6.068,6.464,5.488,10.06070,-1.80000
5.922,6.303,5.356,10.06070,-1.80000
5.784,6.153,5.231,10.06070,-1.80000
5.655,6.013,5.113,10.06070,-1.80000
5.529,5.876,4.997,10.06070,-1.80000
5.508,5.853,4.978,10.06070,-1.80000
5.398,5.736,4.877,10.06070,-1.80000
5.271,5.600,4.759,10.06070,-1.80000
5.153,5.475,4.649,10.06070,-1.80000
5.030,5.345,4.534,10.06070,-1.80000
4.918,5.227,4.429,10.06070,-1.80000
4.803,5.107,4.320,10.06070,-1.80000
4.801,5.105,4.318,10.06070,-1.80000
4.722,5.021,4.243,10.06070,-1.80000
4.588,4.882,4.116,10.06070,-1.80000
4.456,4.745,3.990,10.06070,-1.80000
4.324,4.610,3.863,10.06070,-1.80000
4.194,4.477,3.736,10.06070,-1.80000
4.099,4.381,3.642,10.06070,-1.80000
4.063,4.345,3.606,10.06070,-1.80000
3.917,4.201,3.458,10.06070,-1.80000
3.790,4.078,3.325,10.06070,-1.80000
3.766,4.056,3.300,10.06070,-1.80000
3.739,4.031,3.271,10.06070,-1.80000
3.642,3.941,3.164,10.06070,-1.80000
3.554,3.864,3.064,10.06070,-1.80000
3.525,3.839,3.030,10.06070,-1.80000
3.479,3.801,2.976,10.06070,-1.80000
3.411,3.747,2.891,10.06070,-1.80000
3.349,3.700,2.814,10.06070,-1.80000
3.290,3.654,2.740,10.06070,-1.80000
3.226,3.604,2.662,10.06070,-1.80000
3.141,3.533,2.564,10.06070,-1.80000
3.056,3.456,2.470,10.06070,-1.80000
2.954,3.362,2.361,10.06070,-1.80000
2.917,3.327,2.322,10.06070,-1.80000
2.813,3.227,2.213,10.06070,-1.80000
2.689,3.108,2.085,10.06070,-1.80000
2.577,2.999,1.970,10.06070,-1.80000
2.462,2.888,1.853,10.06070,-1.80000
2.338,2.766,1.725,10.06070,-1.80000
2.214,2.645,1.598,10.06070,-1.80000
2.093,2.527,1.475,10.06070,-1.80000
1.979,2.416,1.358,10.06070,-1.80000
1.857,2.297,1.234,10.06070,-1.80000
1.730,2.173,1.104,10.06070,-1.80000
1.614,2.060,0.986,10.06070,-1.80000
1.499,1.948,0.868,10.06070,-1.80000
1.381,1.833,0.747,10.06070,-1.80000
1.267,1.722,0.630,10.06070,-1.80000
1.148,1.607,0.508,10.06070,-1.80000
1.034,1.496,0.391,10.06070,-1.80000
0.924,1.389,0.278,10.06070,-1.80000
0.808,1.277,0.159,10.06070,-1.80000
0.694,1.167,0.042,10.06070,-1.80000
0.586,1.062,-0.070,10.06070,-1.80000
0.478,0.959,-0.181,10.06070,-1.80000
0.365,0.850,-0.298,10.06070,-1.80000
0.259,0.748,-0.408,10.06070,-1.80000
0.153,0.647,-0.518,10.06070,-1.80000
0.045,0.543,-0.629,10.06070,-1.80000
-0.056,0.447,-0.734,10.06070,-1.80000
-0.156,0.351,-0.838,10.06070,-1.80000
-0.255,0.257,-0.940,10.06070,-1.80000
-0.314,0.201,-1.001,10.06070,-1.80000
-0.288,0.225,-0.974,10.06070,-1.80000
-0.284,0.228,-0.970,10.06070,-1.80000
-0.348,0.168,-1.036,10.06070,-1.80000
-0.449,0.072,-1.142,10.06070,-1.80000
-0.549,-0.023,-1.246,10.06070,-1.80000
-0.647,-0.115,-1.348,10.06070,-1.80000
-0.738,-0.201,-1.444,10.06070,-1.80000
-0.834,-0.290,-1.543,10.06070,-1.80000
-0.924,-0.373,-1.639,10.06070,-1.80000
-1.017,-0.460,-1.737,10.06070,-1.80000
-1.106,-0.541,-1.831,10.06070,-1.80000
-1.215,-0.640,-1.947,10.06070,-1.80000
-1.319,-0.734,-2.059,10.06070,-1.80000
-1.407,-0.811,-2.154,10.06070,-1.80000
-1.506,-0.899,-2.261,10.06070,-1.80000
-1.590,-0.972,-2.352,10.06070,-1.80000
-1.683,-1.052,-2.454,10.06070,-1.80000
-1.779,-1.134,-2.559,10.06070,-1.80000
-1.873,-1.213,-2.664,10.06070,-1.80000
-1.960,-1.286,-2.760,10.06070,-1.80000
-2.049,-1.360,-2.859,10.06070,-1.80000
-2.131,-1.429,-2.949,10.06070,-1.80000
-2.215,-1.498,-3.041,10.06070,-1.80000
-2.297,-1.566,-3.133,10.06070,-1.80000
-2.373,-1.629,-3.216,10.06070,-1.80000
-2.450,-1.692,-3.301,10.06070,-1.80000
-2.526,-1.755,-3.386,10.06070,-1.80000
-2.598,-1.813,-3.466,10.06070,-1.80000
-2.672,-1.872,-3.549,10.06070,-1.80000
-2.741,-1.927,-3.626,10.06070,-1.80000
-2.809,-1.980,-3.701,10.06070,-1.80000
-2.862,-2.022,-3.761,10.06070,-1.80000
0.775,1.007,0.384,10.06070,-1.80000
0.771,1.005,0.379,10.06070,-1.80000
0.719,0.967,0.307,10.06070,-1.80000
0.719,0.967,0.307,10.06070,-1.80000
0.716,0.963,0.305,10.06070,-1.80000
0.715,0.961,0.306,10.06070,-1.80000
0.715,0.958,0.308,10.06070,-1.80000
0.715,0.956,0.311,10.06070,-1.80000
0.715,0.954,0.314,10.06070,-1.80000
0.716,0.953,0.318,10.06070,-1.80000
0.717,0.952,0.322,10.06070,-1.80000
0.718,0.951,0.326,10.06070,-1.80000
0.719,0.950,0.328,10.06070,-1.80000
0.718,0.949,0.329,10.06070,-1.80000
0.718,0.948,0.329,10.06070,-1.80000
0.717,0.947,0.328,10.06070,-1.80000
0.715,0.947,0.325,10.06070,-1.80000
0.715,0.947,0.324,10.06070,-1.80000
0.713,0.946,0.319,10.06070,-1.80000
0.709,0.946,0.312,10.06070,-1.80000
0.705,0.945,0.302,10.06070,-1.80000
0.700,0.946,0.291,10.06070,-1.80000
0.694,0.946,0.278,10.06070,-1.80000
0.688,0.946,0.262,10.06070,-1.80000
0.680,0.946,0.245,10.06070,-1.80000
0.677,0.947,0.236,10.06070,-1.80000
0.675,0.947,0.232,10.06070,-1.80000
0.667,0.949,0.211,10.06070,-1.80000
0.658,0.951,0.190,10.06070,-1.80000
0.648,0.953,0.166,10.06070,-1.80000
0.637,0.953,0.142,10.06070,-1.80000
0.626,0.952,0.120,10.06070,-1.80000
0.614,0.948,0.097,10.06070,-1.80000
0.602,0.944,0.077,10.06070,-1.80000
0.588,0.937,0.055,10.06070,-1.80000
0.572,0.928,0.033,10.06070,-1.80000
0.552,0.915,0.004,10.06070,-1.80000
0.578,0.932,0.040,10.06070,-1.80000
0.543,0.909,-0.009,10.06070,-1.80000
0.500,0.878,-0.063,10.06070,-1.80000
0.430,0.822,-0.148,10.06070,-1.80000
0.347,0.754,-0.245,10.06070,-1.80000
0.260,0.680,-0.345,10.06070,-1.80000
0.171,0.603,-0.445,10.06070,-1.80000
0.082,0.525,-0.544,10.06070,-1.80000
0.023,0.472,-0.608,10.06070,-1.80000
0.022,0.471,-0.609,10.06070,-1.80000
-0.073,0.384,-0.711,10.06070,-1.80000
-0.159,0.305,-0.803,10.06070,-1.80000
-0.229,0.240,-0.878,10.06070,-1.80000
-0.266,0.206,-0.917,10.06070,-1.80000
-0.299,0.175,-0.952,10.06070,-1.80000
-0.271,0.200,-0.922,10.06070,-1.80000
-0.223,0.245,-0.871,10.06070,-1.80000
-0.281,0.192,-0.934,10.06070,-1.80000
-0.346,0.133,-1.003,10.06070,-1.80000
-0.452,0.035,-1.116,10.06070,-1.80000
-0.589,-0.092,-1.262,10.06070,-1.80000
-0.707,-0.202,-1.387,10.06070,-1.80000
-0.814,-0.300,-1.500,10.06070,-1.80000
-0.917,-0.396,-1.610,10.06070,-1.80000
-1.018,-0.489,-1.717,10.06070,-1.80000
-1.116,-0.580,-1.820,10.06070,-1.80000
-1.214,-0.670,-1.925,10.06070,-1.80000
-1.315,-0.760,-2.032,10.06070,-1.80000
-1.415,-0.850,-2.141,10.06070,-1.80000
-1.514,-0.937,-2.249,10.06070,-1.80000
-1.611,-1.021,-2.355,10.06070,-1.80000
-1.707,-1.103,-2.460,10.06070,-1.80000
-1.804,-1.185,-2.567,10.06070,-1.80000
-1.901,-1.266,-2.674,10.06070,-1.80000
-1.993,-1.342,-2.778,10.06070,-1.80000
-2.084,-1.415,-2.880,10.06070,-1.80000
-2.171,-1.482,-2.981,10.06070,-1.80000
-2.260,-1.554,-3.080,10.06070,-1.80000
-2.355,-1.630,-3.186,10.06070,-1.80000
-2.457,-1.713,-3.300,10.06070,-1.80000
-2.517,-1.761,-3.368,10.06070,-1.80000
-2.574,-1.807,-3.432,10.06070,-1.80000
-2.648,-1.865,-3.515,10.06070,-1.80000
-2.724,-1.924,-3.600,10.06070,-1.80000
-2.841,-1.997,-3.742,10.06070,-1.80000
-2.423,-1.672,-3.271,10.06070,-1.80000
-2.101,-1.416,-2.908,10.06070,-1.80000
-1.639,-1.046,-2.384,10.06070,-1.80000
-1.653,-1.057,-2.401,10.06070,-1.80000
-1.865,-1.228,-2.639,10.06070,-1.80000
-2.253,-1.531,-3.082,10.06070,-1.80000
-2.585,-1.791,-3.458,10.06070,-1.80000
-2.798,-1.950,-3.702,10.06070,-1.80000
-2.913,-2.028,-3.836,10.06070,-1.80000
-2.972,-2.065,-3.906,10.06070,-1.80000
-3.009,-2.085,-3.951,10.06070,-1.80000
30.418,30.473,30.296,10.06070,-1.80000
