Gmag,G_BPmag,G_RPmag,logAge,MH
13.744,15.545,12.497,10.13033,-1.80000
13.621,15.327,12.394,10.13033,-1.80000
12.639,13.847,11.561,10.13033,-1.80000
11.783,12.790,10.792,10.13033,-1.80000
11.270,12.201,10.315,10.13033,-1.80000
10.877,11.763,9.946,10.13033,-1.80000
10.794,11.672,9.867,10.13033,-1.80000
10.288,11.121,9.386,10.13033,-1.80000
9.754,10.542,8.877,10.13033,-1.80000
9.344,10.097,8.488,10.13033,-1.80000
9.005,9.728,8.169,10.13033,-1.80000
8.646,9.334,7.831,10.13033,-1.80000
8.195,8.830,7.418,10.13033,-1.80000
7.693,8.265,6.961,10.13033,-1.80000
7.118,7.632,6.432,10.13033,-1.80000
6.743,7.216,6.093,10.13033,-1.80000
6.547,6.998,5.915,10.13033,-1.80000
6.435,6.873,5.814,10.13033,-1.80000
6.321,6.747,5.712,10.13033,-1.80000
6.216,6.631,5.617,10.13033,-1.80000
6.113,6.517,5.525,10.13033,-1.80000
5.995,6.386,5.419,10.13033,-1.80000
5.952,6.339,5.380,10.13033,-1.80000
5.867,6.246,5.303,10.13033,-1.80000
5.739,6.107,5.186,10.13033,-1.80000
5.615,5.973,5.072,10.13033,-1.80000
5.495,5.844,4.961,10.13033,-1.80000
5.372,5.712,4.848,10.13033,-1.80000
5.283,5.617,4.766,10.13033,-1.80000
5.227,5.558,4.713,10.13033,-1.80000
5.113,5.437,4.606,10.13033,-1.80000
4.995,5.313,4.495,10.13033,-1.80000
4.869,5.181,4.375,10.13033,-1.80000
4.709,5.016,4.222,10.13033,-1.80000
4.544,4.846,4.063,10.13033,-1.80000
4.418,4.717,3.940,10.13033,-1.80000
4.299,4.596,3.823,10.13033,-1.80000
4.270,4.567,3.794,10.13033,-1.80000
4.260,4.558,3.785,10.13033,-1.80000
4.235,4.533,3.759,10.13033,-1.80000
4.089,4.388,3.611,10.13033,-1.80000
3.962,4.265,3.479,10.13033,-1.80000
3.938,4.242,3.454,10.13033,-1.80000
3.910,4.216,3.425,10.13033,-1.80000
3.810,4.124,3.316,10.13033,-1.80000
3.720,4.044,3.215,10.13033,-1.80000
3.639,3.974,3.120,10.13033,-1.80000
3.564,3.912,3.032,10.13033,-1.80000
3.495,3.856,2.949,10.13033,-1.80000
3.425,3.799,2.865,10.13033,-1.80000
3.348,3.734,2.776,10.13033,-1.80000
3.249,3.647,2.666,10.13033,-1.80000
3.153,3.558,2.563,10.13033,-1.80000
3.080,3.489,2.485,10.13033,-1.80000
3.043,3.454,2.446,10.13033,-1.80000
2.939,3.355,2.338,10.13033,-1.80000
2.817,3.237,2.212,10.13033,-1.80000
2.706,3.129,2.098,10.13033,-1.80000
2.593,3.019,1.983,10.13033,-1.80000
2.470,2.899,1.857,10.13033,-1.80000
2.347,2.779,1.731,10.13033,-1.80000
2.227,2.662,1.609,10.13033,-1.80000
2.114,2.551,1.493,10.13033,-1.80000
1.993,2.433,1.370,10.13033,-1.80000
1.867,2.309,1.241,10.13033,-1.80000
1.751,2.196,1.123,10.13033,-1.80000
1.635,2.084,1.004,10.13033,-1.80000
1.516,1.967,0.883,10.13033,-1.80000
1.401,1.855,0.765,10.13033,-1.80000
1.281,1.739,0.642,10.13033,-1.80000
1.165,1.626,0.523,10.13033,-1.80000
1.053,1.517,0.408,10.13033,-1.80000
0.936,1.404,0.288,10.13033,-1.80000
0.820,1.291,0.168,10.13033,-1.80000
0.708,1.184,0.053,10.13033,-1.80000
0.597,1.076,-0.062,10.13033,-1.80000
0.480,0.964,-0.182,10.13033,-1.80000
0.369,0.857,-0.297,10.13033,-1.80000
0.258,0.751,-0.411,10.13033,-1.80000
0.145,0.642,-0.529,10.13033,-1.80000
0.038,0.540,-0.639,10.13033,-1.80000
-0.069,0.438,-0.750,10.13033,-1.80000
-0.175,0.337,-0.860,10.13033,-1.80000
-0.237,0.278,-0.924,10.13033,-1.80000
-0.218,0.295,-0.904,10.13033,-1.80000
-0.236,0.278,-0.922,10.13033,-1.80000
-0.339,0.180,-1.030,10.13033,-1.80000
-0.440,0.084,-1.135,10.13033,-1.80000
-0.543,-0.013,-1.243,10.13033,-1.80000
-0.636,-0.100,-1.340,10.13033,-1.80000
-0.732,-0.191,-1.440,10.13033,-1.80000
-0.824,-0.276,-1.537,10.13033,-1.80000
-0.915,-0.361,-1.634,10.13033,-1.80000
-1.007,-0.446,-1.731,10.13033,-1.80000
-1.115,-0.544,-1.846,10.13033,-1.80000
-1.203,-0.623,-1.939,10.13033,-1.80000
-1.305,-0.714,-2.049,10.13033,-1.80000
-1.407,-0.804,-2.159,10.13033,-1.80000
-1.511,-0.896,-2.272,10.13033,-1.80000
-1.602,-0.975,-2.372,10.13033,-1.80000
-1.701,-1.059,-2.479,10.13033,-1.80000
-1.792,-1.136,-2.579,10.13033,-1.80000
-1.882,-1.212,-2.679,10.13033,-1.80000
-1.970,-1.284,-2.777,10.13033,-1.80000
-2.052,-1.355,-2.867,10.13033,-1.80000
-2.137,-1.425,-2.960,10.13033,-1.80000
-2.215,-1.490,-3.047,10.13033,-1.80000
-2.291,-1.553,-3.131,10.13033,-1.80000
-2.371,-1.619,-3.219,10.13033,-1.80000
-2.441,-1.677,-3.297,10.13033,-1.80000
-2.518,-1.740,-3.382,10.13033,-1.80000
-2.590,-1.798,-3.461,10.13033,-1.80000
-2.658,-1.852,-3.538,10.13033,-1.80000
-2.728,-1.908,-3.616,10.13033,-1.80000
-2.793,-1.959,-3.688,10.13033,-1.80000
-2.863,-2.015,-3.766,10.13033,-1.80000
0.907,1.038,0.665,10.13033,-1.80000
0.860,1.002,0.602,10.13033,-1.80000
0.839,0.984,0.574,10.13033,-1.80000
0.840,0.983,0.577,10.13033,-1.80000
0.841,0.983,0.582,10.13033,-1.80000
0.844,0.984,0.587,10.13033,-1.80000
0.846,0.985,0.591,10.13033,-1.80000
0.848,0.986,0.596,10.13033,-1.80000
0.850,0.987,0.599,10.13033,-1.80000
0.852,0.987,0.602,10.13033,-1.80000
0.852,0.987,0.603,10.13033,-1.80000
0.851,0.986,0.602,10.13033,-1.80000
0.848,0.984,0.598,10.13033,-1.80000
0.845,0.982,0.592,10.13033,-1.80000
0.839,0.979,0.583,10.13033,-1.80000
0.836,0.977,0.578,10.13033,-1.80000
0.832,0.975,0.571,10.13033,-1.80000
0.825,0.972,0.557,10.13033,-1.80000
0.815,0.968,0.539,10.13033,-1.80000
0.804,0.963,0.518,10.13033,-1.80000
0.792,0.959,0.493,10.13033,-1.80000
0.779,0.955,0.467,10.13033,-1.80000
0.765,0.952,0.438,10.13033,-1.80000
0.757,0.950,0.422,10.13033,-1.80000
0.745,0.948,0.393,10.13033,-1.80000
0.732,0.946,0.365,10.13033,-1.80000
0.718,0.944,0.335,10.13033,-1.80000
0.704,0.943,0.302,10.13033,-1.80000
0.690,0.942,0.273,10.13033,-1.80000
0.676,0.941,0.243,10.13033,-1.80000
0.663,0.940,0.213,10.13033,-1.80000
0.650,0.940,0.185,10.13033,-1.80000
0.635,0.938,0.155,10.13033,-1.80000
0.619,0.934,0.124,10.13033,-1.80000
0.607,0.932,0.102,10.13033,-1.80000
0.606,0.932,0.098,10.13033,-1.80000
0.577,0.919,0.053,10.13033,-1.80000
0.531,0.890,-0.012,10.13033,-1.80000
0.470,0.846,-0.091,10.13033,-1.80000
0.406,0.796,-0.170,10.13033,-1.80000
0.329,0.734,-0.262,10.13033,-1.80000
0.252,0.671,-0.351,10.13033,-1.80000
0.176,0.605,-0.438,10.13033,-1.80000
0.103,0.542,-0.519,10.13033,-1.80000
0.074,0.516,-0.550,10.13033,-1.80000
-0.000,0.449,-0.631,10.13033,-1.80000
-0.092,0.365,-0.730,10.13033,-1.80000
-0.180,0.285,-0.824,10.13033,-1.80000
-0.259,0.212,-0.909,10.13033,-1.80000
-0.344,0.133,-1.000,10.13033,-1.80000
-0.316,0.158,-0.969,10.13033,-1.80000
-0.245,0.224,-0.893,10.13033,-1.80000
-0.275,0.197,-0.927,10.13033,-1.80000
-0.357,0.123,-1.014,10.13033,-1.80000
-0.475,0.014,-1.140,10.13033,-1.80000
-0.580,-0.083,-1.252,10.13033,-1.80000
-0.684,-0.179,-1.363,10.13033,-1.80000
-0.784,-0.272,-1.470,10.13033,-1.80000
-0.885,-0.365,-1.576,10.13033,-1.80000
-0.984,-0.456,-1.681,10.13033,-1.80000
-1.081,-0.546,-1.784,10.13033,-1.80000
-1.179,-0.636,-1.888,10.13033,-1.80000
-1.277,-0.725,-1.994,10.13033,-1.80000
-1.375,-0.812,-2.100,10.13033,-1.80000
-1.473,-0.898,-2.206,10.13033,-1.80000
-1.569,-0.981,-2.311,10.13033,-1.80000
-1.665,-1.063,-2.416,10.13033,-1.80000
-1.761,-1.145,-2.523,10.13033,-1.80000
-1.857,-1.225,-2.629,10.13033,-1.80000
-1.950,-1.301,-2.733,10.13033,-1.80000
-2.042,-1.375,-2.837,10.13033,-1.80000
-2.131,-1.443,-2.939,10.13033,-1.80000
-2.222,-1.516,-3.042,10.13033,-1.80000
-2.309,-1.587,-3.139,10.13033,-1.80000
-2.404,-1.663,-3.245,10.13033,-1.80000
-2.378,-1.641,-3.216,10.13033,-1.80000
-2.393,-1.653,-3.233,10.13033,-1.80000
-2.427,-1.681,-3.272,10.13033,-1.80000
-2.471,-1.715,-3.320,10.13033,-1.80000
-2.568,-1.793,-3.430,10.13033,-1.80000
-2.659,-1.865,-3.532,10.13033,-1.80000
-2.773,-1.937,-3.670,10.13033,-1.80000
-2.331,-1.591,-3.172,10.13033,-1.80000
-1.994,-1.325,-2.791,10.13033,-1.80000
-1.536,-0.951,-2.275,10.13033,-1.80000
-1.548,-0.961,-2.290,10.13033,-1.80000
-1.767,-1.142,-2.535,10.13033,-1.80000
-2.165,-1.453,-2.988,10.13033,-1.80000
-2.500,-1.719,-3.366,10.13033,-1.80000
-2.715,-1.882,-3.611,10.13033,-1.80000
-2.831,-1.964,-3.744,10.13033,-1.80000
-2.886,-2.000,-3.809,10.13033,-1.80000
-2.919,-2.019,-3.849,10.13033,-1.80000
30.418,30.473,30.296,10.13033,-1.80000
