Gmag,G_BPmag,G_RPmag,logAge,MH
13.893,15.934,12.591,10.09691,-1.45000
13.798,15.770,12.510,10.09691,-1.45000
12.978,14.430,11.816,10.09691,-1.45000
12.108,13.278,11.045,10.09691,-1.45000
11.582,12.650,10.563,10.09691,-1.45000
11.184,12.192,10.191,10.09691,-1.45000
10.579,11.520,9.619,10.09691,-1.45000
10.032,10.922,9.099,10.09691,-1.45000
9.616,10.470,8.703,10.09691,-1.45000
9.279,10.103,8.383,10.09691,-1.45000
9.217,10.034,8.324,10.09691,-1.45000
8.883,9.662,8.012,10.09691,-1.45000
8.390,9.098,7.564,10.09691,-1.45000
7.822,8.437,7.059,10.09691,-1.45000
7.219,7.758,6.515,10.09691,-1.45000
6.651,7.122,6.002,10.09691,-1.45000
6.604,7.070,5.961,10.09691,-1.45000
6.474,6.924,5.844,10.09691,-1.45000
6.348,6.785,5.731,10.09691,-1.45000
6.233,6.656,5.627,10.09691,-1.45000
6.125,6.537,5.531,10.09691,-1.45000
6.077,6.483,5.487,10.09691,-1.45000
6.049,6.452,5.462,10.09691,-1.45000
5.911,6.300,5.338,10.09691,-1.45000
5.783,6.161,5.221,10.09691,-1.45000
5.657,6.024,5.106,10.09691,-1.45000
5.537,5.894,4.996,10.09691,-1.45000
5.481,5.834,4.944,10.09691,-1.45000
5.417,5.765,4.885,10.09691,-1.45000
5.279,5.619,4.757,10.09691,-1.45000
5.152,5.484,4.637,10.09691,-1.45000
5.024,5.349,4.517,10.09691,-1.45000
4.896,5.216,4.396,10.09691,-1.45000
4.768,5.082,4.274,10.09691,-1.45000
4.717,5.030,4.225,10.09691,-1.45000
4.620,4.929,4.132,10.09691,-1.45000
4.478,4.783,3.994,10.09691,-1.45000
4.343,4.645,3.862,10.09691,-1.45000
4.299,4.601,3.819,10.09691,-1.45000
4.262,4.564,3.782,10.09691,-1.45000
4.109,4.412,3.627,10.09691,-1.45000
3.975,4.283,3.488,10.09691,-1.45000
3.950,4.259,3.462,10.09691,-1.45000
3.899,4.212,3.407,10.09691,-1.45000
3.787,4.109,3.283,10.09691,-1.45000
3.691,4.026,3.172,10.09691,-1.45000
3.608,3.959,3.074,10.09691,-1.45000
3.535,3.902,2.985,10.09691,-1.45000
3.459,3.842,2.891,10.09691,-1.45000
3.378,3.775,2.797,10.09691,-1.45000
3.294,3.700,2.703,10.09691,-1.45000
3.206,3.618,2.609,10.09691,-1.45000
3.190,3.604,2.592,10.09691,-1.45000
3.169,3.584,2.571,10.09691,-1.45000
3.057,3.477,2.453,10.09691,-1.45000
2.953,3.377,2.346,10.09691,-1.45000
2.829,3.257,2.218,10.09691,-1.45000
2.704,3.135,2.090,10.09691,-1.45000
2.568,3.003,1.951,10.09691,-1.45000
2.437,2.875,1.818,10.09691,-1.45000
2.317,2.757,1.694,10.09691,-1.45000
2.214,2.657,1.590,10.09691,-1.45000
2.091,2.537,1.464,10.09691,-1.45000
1.962,2.411,1.332,10.09691,-1.45000
1.833,2.285,1.200,10.09691,-1.45000
1.710,2.165,1.074,10.09691,-1.45000
1.588,2.047,0.949,10.09691,-1.45000
1.468,1.931,0.826,10.09691,-1.45000
1.346,1.812,0.700,10.09691,-1.45000
1.226,1.697,0.577,10.09691,-1.45000
1.104,1.578,0.451,10.09691,-1.45000
0.986,1.465,0.330,10.09691,-1.45000
0.871,1.354,0.211,10.09691,-1.45000
0.754,1.242,0.090,10.09691,-1.45000
0.651,1.144,-0.017,10.09691,-1.45000
0.642,1.134,-0.027,10.09691,-1.45000
0.526,1.024,-0.146,10.09691,-1.45000
0.414,0.917,-0.263,10.09691,-1.45000
0.302,0.811,-0.379,10.09691,-1.45000
0.189,0.703,-0.496,10.09691,-1.45000
0.086,0.605,-0.604,10.09691,-1.45000
0.015,0.538,-0.678,10.09691,-1.45000
0.043,0.563,-0.648,10.09691,-1.45000
0.053,0.573,-0.637,10.09691,-1.45000
-0.042,0.482,-0.737,10.09691,-1.45000
-0.138,0.392,-0.837,10.09691,-1.45000
-0.237,0.299,-0.941,10.09691,-1.45000
-0.337,0.206,-1.045,10.09691,-1.45000
-0.433,0.117,-1.148,10.09691,-1.45000
-0.530,0.027,-1.250,10.09691,-1.45000
-0.625,-0.059,-1.350,10.09691,-1.45000
-0.719,-0.145,-1.450,10.09691,-1.45000
-0.809,-0.226,-1.546,10.09691,-1.45000
-0.898,-0.307,-1.642,10.09691,-1.45000
-1.007,-0.404,-1.759,10.09691,-1.45000
-1.111,-0.496,-1.871,10.09691,-1.45000
-1.215,-0.586,-1.985,10.09691,-1.45000
-1.315,-0.673,-2.093,10.09691,-1.45000
-1.410,-0.754,-2.199,10.09691,-1.45000
-1.509,-0.839,-2.305,10.09691,-1.45000
-1.600,-0.918,-2.405,10.09691,-1.45000
-1.691,-0.996,-2.504,10.09691,-1.45000
-1.782,-1.075,-2.603,10.09691,-1.45000
-1.865,-1.146,-2.695,10.09691,-1.45000
-1.950,-1.216,-2.789,10.09691,-1.45000
-2.034,-1.285,-2.882,10.09691,-1.45000
-2.111,-1.347,-2.967,10.09691,-1.45000
-2.188,-1.409,-3.053,10.09691,-1.45000
-2.267,-1.473,-3.142,10.09691,-1.45000
-2.339,-1.530,-3.222,10.09691,-1.45000
-2.414,-1.589,-3.306,10.09691,-1.45000
-2.487,-1.646,-3.388,10.09691,-1.45000
-2.558,-1.702,-3.467,10.09691,-1.45000
-2.628,-1.756,-3.546,10.09691,-1.45000
-2.695,-1.805,-3.622,10.09691,-1.45000
-2.758,-1.850,-3.694,10.09691,-1.45000
-2.803,-1.882,-3.746,10.09691,-1.45000
0.739,1.088,0.207,10.09691,-1.45000
0.698,1.053,0.160,10.09691,-1.45000
0.692,1.047,0.155,10.09691,-1.45000
0.690,1.043,0.154,10.09691,-1.45000
0.689,1.040,0.156,10.09691,-1.45000
0.689,1.037,0.159,10.09691,-1.45000
0.690,1.034,0.163,10.09691,-1.45000
0.691,1.031,0.169,10.09691,-1.45000
0.693,1.028,0.176,10.09691,-1.45000
0.694,1.025,0.183,10.09691,-1.45000
0.696,1.023,0.188,10.09691,-1.45000
0.697,1.020,0.194,10.09691,-1.45000
0.698,1.018,0.199,10.09691,-1.45000
0.699,1.016,0.202,10.09691,-1.45000
0.699,1.014,0.205,10.09691,-1.45000
0.699,1.014,0.205,10.09691,-1.45000
0.699,1.014,0.205,10.09691,-1.45000
0.698,1.012,0.205,10.09691,-1.45000
0.696,1.011,0.203,10.09691,-1.45000
0.694,1.010,0.200,10.09691,-1.45000
0.691,1.010,0.194,10.09691,-1.45000
0.687,1.009,0.186,10.09691,-1.45000
0.682,1.009,0.176,10.09691,-1.45000
0.676,1.008,0.164,10.09691,-1.45000
0.675,1.008,0.162,10.09691,-1.45000
0.674,1.008,0.160,10.09691,-1.45000
0.667,1.006,0.147,10.09691,-1.45000
0.659,1.004,0.133,10.09691,-1.45000
0.649,1.000,0.116,10.09691,-1.45000
0.638,0.995,0.099,10.09691,-1.45000
0.627,0.988,0.082,10.09691,-1.45000
0.613,0.980,0.063,10.09691,-1.45000
0.600,0.970,0.045,10.09691,-1.45000
0.587,0.961,0.028,10.09691,-1.45000
0.568,0.948,0.005,10.09691,-1.45000
0.544,0.929,-0.025,10.09691,-1.45000
0.514,0.905,-0.061,10.09691,-1.45000
0.442,0.846,-0.145,10.09691,-1.45000
0.367,0.782,-0.232,10.09691,-1.45000
0.285,0.712,-0.326,10.09691,-1.45000
0.206,0.644,-0.414,10.09691,-1.45000
0.120,0.568,-0.510,10.09691,-1.45000
0.038,0.495,-0.600,10.09691,-1.45000
-0.025,0.439,-0.668,10.09691,-1.45000
-0.052,0.414,-0.698,10.09691,-1.45000
-0.146,0.329,-0.799,10.09691,-1.45000
-0.226,0.256,-0.885,10.09691,-1.45000
-0.284,0.204,-0.948,10.09691,-1.45000
-0.313,0.177,-0.979,10.09691,-1.45000
-0.307,0.183,-0.973,10.09691,-1.45000
-0.292,0.196,-0.957,10.09691,-1.45000
-0.279,0.208,-0.942,10.09691,-1.45000
-0.319,0.172,-0.985,10.09691,-1.45000
-0.381,0.117,-1.052,10.09691,-1.45000
-0.489,0.018,-1.169,10.09691,-1.45000
-0.597,-0.080,-1.285,10.09691,-1.45000
-0.703,-0.176,-1.398,10.09691,-1.45000
-0.807,-0.270,-1.510,10.09691,-1.45000
-0.911,-0.364,-1.622,10.09691,-1.45000
-1.017,-0.459,-1.737,10.09691,-1.45000
-1.124,-0.552,-1.853,10.09691,-1.45000
-1.230,-0.644,-1.970,10.09691,-1.45000
-1.329,-0.714,-2.088,10.09691,-1.45000
-1.426,-0.781,-2.207,10.09691,-1.45000
-1.528,-0.863,-2.320,10.09691,-1.45000
-1.629,-0.952,-2.431,10.09691,-1.45000
-1.745,-1.062,-2.550,10.09691,-1.45000
-1.861,-1.202,-2.649,10.09691,-1.45000
-1.909,-1.274,-2.681,10.09691,-1.45000
30.530,31.724,29.457,10.09691,-1.45000
