Gmag,G_BPmag,G_RPmag,logAge,MH
14.080,16.350,12.734,10.05115,-1.25000
13.611,15.525,12.330,10.05115,-1.25000
13.200,14.845,11.983,10.05115,-1.25000
12.916,14.428,11.735,10.05115,-1.25000
12.303,13.584,11.197,10.05115,-1.25000
11.766,12.923,10.707,10.05115,-1.25000
11.366,12.455,10.337,10.05115,-1.25000
10.752,11.760,9.760,10.05115,-1.25000
10.197,11.149,9.232,10.05115,-1.25000
9.775,10.687,8.830,10.05115,-1.25000
9.431,10.313,8.503,10.05115,-1.25000
9.055,9.894,8.149,10.05115,-1.25000
9.024,9.860,8.121,10.05115,-1.25000
8.531,9.297,7.668,10.05115,-1.25000
8.459,9.212,7.605,10.05115,-1.25000
7.947,8.609,7.152,10.05115,-1.25000
7.324,7.888,6.600,10.05115,-1.25000
6.761,7.253,6.096,10.05115,-1.25000
6.639,7.116,5.987,10.05115,-1.25000
6.472,6.928,5.838,10.05115,-1.25000
6.331,6.771,5.711,10.05115,-1.25000
6.205,6.631,5.598,10.05115,-1.25000
6.060,6.470,5.467,10.05115,-1.25000
5.915,6.310,5.337,10.05115,-1.25000
5.780,6.162,5.215,10.05115,-1.25000
5.659,6.030,5.105,10.05115,-1.25000
5.576,5.940,5.029,10.05115,-1.25000
5.436,5.789,4.900,10.05115,-1.25000
5.302,5.646,4.775,10.05115,-1.25000
5.168,5.503,4.650,10.05115,-1.25000
5.045,5.374,4.535,10.05115,-1.25000
5.044,5.372,4.534,10.05115,-1.25000
4.954,5.278,4.449,10.05115,-1.25000
4.814,5.132,4.316,10.05115,-1.25000
4.676,4.989,4.185,10.05115,-1.25000
4.540,4.849,4.054,10.05115,-1.25000
4.411,4.716,3.928,10.05115,-1.25000
4.288,4.591,3.808,10.05115,-1.25000
4.250,4.553,3.771,10.05115,-1.25000
4.213,4.515,3.733,10.05115,-1.25000
4.201,4.503,3.721,10.05115,-1.25000
4.064,4.368,3.582,10.05115,-1.25000
3.931,4.239,3.445,10.05115,-1.25000
3.907,4.216,3.420,10.05115,-1.25000
3.857,4.169,3.365,10.05115,-1.25000
3.747,4.070,3.245,10.05115,-1.25000
3.658,3.993,3.142,10.05115,-1.25000
3.586,3.936,3.054,10.05115,-1.25000
3.518,3.886,2.967,10.05115,-1.25000
3.461,3.845,2.893,10.05115,-1.25000
3.386,3.786,2.803,10.05115,-1.25000
3.303,3.714,2.709,10.05115,-1.25000
3.200,3.619,2.597,10.05115,-1.25000
3.180,3.600,2.576,10.05115,-1.25000
3.069,3.495,2.461,10.05115,-1.25000
2.967,3.397,2.355,10.05115,-1.25000
2.844,3.278,2.229,10.05115,-1.25000
2.721,3.158,2.102,10.05115,-1.25000
2.586,3.027,1.964,10.05115,-1.25000
2.456,2.900,1.831,10.05115,-1.25000
2.336,2.783,1.709,10.05115,-1.25000
2.235,2.684,1.605,10.05115,-1.25000
2.113,2.565,1.480,10.05115,-1.25000
1.985,2.440,1.349,10.05115,-1.25000
1.858,2.317,1.219,10.05115,-1.25000
1.737,2.199,1.095,10.05115,-1.25000
1.617,2.084,0.972,10.05115,-1.25000
1.500,1.971,0.852,10.05115,-1.25000
1.381,1.856,0.729,10.05115,-1.25000
1.266,1.745,0.610,10.05115,-1.25000
1.149,1.632,0.490,10.05115,-1.25000
1.037,1.524,0.373,10.05115,-1.25000
0.927,1.419,0.260,10.05115,-1.25000
0.817,1.314,0.145,10.05115,-1.25000
0.711,1.213,0.035,10.05115,-1.25000
0.604,1.111,-0.076,10.05115,-1.25000
0.500,1.013,-0.184,10.05115,-1.25000
0.398,0.916,-0.290,10.05115,-1.25000
0.298,0.821,-0.395,10.05115,-1.25000
0.206,0.734,-0.491,10.05115,-1.25000
0.147,0.678,-0.552,10.05115,-1.25000
0.189,0.717,-0.508,10.05115,-1.25000
0.205,0.732,-0.491,10.05115,-1.25000
0.106,0.638,-0.594,10.05115,-1.25000
0.009,0.547,-0.696,10.05115,-1.25000
-0.092,0.453,-0.802,10.05115,-1.25000
-0.193,0.359,-0.909,10.05115,-1.25000
-0.290,0.271,-1.011,10.05115,-1.25000
-0.386,0.183,-1.113,10.05115,-1.25000
-0.481,0.096,-1.215,10.05115,-1.25000
-0.576,0.010,-1.316,10.05115,-1.25000
-0.667,-0.072,-1.414,10.05115,-1.25000
-0.758,-0.153,-1.511,10.05115,-1.25000
-0.868,-0.251,-1.629,10.05115,-1.25000
-0.975,-0.345,-1.745,10.05115,-1.25000
-1.081,-0.438,-1.860,10.05115,-1.25000
-1.181,-0.524,-1.968,10.05115,-1.25000
-1.279,-0.610,-2.075,10.05115,-1.25000
-1.380,-0.698,-2.185,10.05115,-1.25000
-1.473,-0.778,-2.287,10.05115,-1.25000
-1.567,-0.859,-2.389,10.05115,-1.25000
-1.663,-0.941,-2.494,10.05115,-1.25000
-1.749,-1.013,-2.589,10.05115,-1.25000
-1.838,-1.087,-2.687,10.05115,-1.25000
-1.928,-1.161,-2.786,10.05115,-1.25000
-2.007,-1.224,-2.876,10.05115,-1.25000
-2.089,-1.289,-2.967,10.05115,-1.25000
-2.174,-1.357,-3.062,10.05115,-1.25000
-2.251,-1.417,-3.149,10.05115,-1.25000
-2.332,-1.480,-3.240,10.05115,-1.25000
-2.411,-1.542,-3.328,10.05115,-1.25000
-2.487,-1.599,-3.414,10.05115,-1.25000
-2.562,-1.655,-3.499,10.05115,-1.25000
-2.636,-1.707,-3.583,10.05115,-1.25000
-2.705,-1.755,-3.663,10.05115,-1.25000
-2.756,-1.790,-3.721,10.05115,-1.25000
0.698,1.102,0.110,10.05115,-1.25000
0.655,1.061,0.065,10.05115,-1.25000
0.649,1.056,0.058,10.05115,-1.25000
0.645,1.052,0.055,10.05115,-1.25000
0.643,1.049,0.053,10.05115,-1.25000
0.642,1.047,0.054,10.05115,-1.25000
0.643,1.047,0.056,10.05115,-1.25000
0.645,1.047,0.060,10.05115,-1.25000
0.647,1.047,0.064,10.05115,-1.25000
0.649,1.048,0.067,10.05115,-1.25000
0.651,1.048,0.071,10.05115,-1.25000
0.653,1.048,0.074,10.05115,-1.25000
0.654,1.048,0.077,10.05115,-1.25000
0.655,1.048,0.080,10.05115,-1.25000
0.656,1.047,0.081,10.05115,-1.25000
0.656,1.047,0.082,10.05115,-1.25000
0.656,1.047,0.082,10.05115,-1.25000
0.656,1.046,0.083,10.05115,-1.25000
0.656,1.045,0.083,10.05115,-1.25000
0.654,1.044,0.082,10.05115,-1.25000
0.652,1.042,0.080,10.05115,-1.25000
0.650,1.039,0.077,10.05115,-1.25000
0.646,1.036,0.073,10.05115,-1.25000
0.642,1.033,0.067,10.05115,-1.25000
0.639,1.031,0.064,10.05115,-1.25000
0.636,1.028,0.060,10.05115,-1.25000
0.629,1.023,0.052,10.05115,-1.25000
0.621,1.016,0.042,10.05115,-1.25000
0.611,1.009,0.031,10.05115,-1.25000
0.603,1.002,0.020,10.05115,-1.25000
0.593,0.994,0.008,10.05115,-1.25000
0.588,0.989,0.003,10.05115,-1.25000
0.574,0.978,-0.014,10.05115,-1.25000
0.549,0.958,-0.043,10.05115,-1.25000
0.516,0.930,-0.081,10.05115,-1.25000
0.469,0.890,-0.135,10.05115,-1.25000
0.384,0.816,-0.231,10.05115,-1.25000
0.296,0.740,-0.328,10.05115,-1.25000
0.210,0.664,-0.424,10.05115,-1.25000
0.127,0.591,-0.516,10.05115,-1.25000
0.045,0.518,-0.606,10.05115,-1.25000
-0.032,0.449,-0.690,10.05115,-1.25000
-0.054,0.430,-0.714,10.05115,-1.25000
-0.149,0.344,-0.816,10.05115,-1.25000
-0.237,0.265,-0.911,10.05115,-1.25000
-0.320,0.190,-1.002,10.05115,-1.25000
-0.376,0.140,-1.061,10.05115,-1.25000
-0.384,0.132,-1.070,10.05115,-1.25000
-0.310,0.199,-0.990,10.05115,-1.25000
-0.246,0.256,-0.921,10.05115,-1.25000
-0.297,0.210,-0.977,10.05115,-1.25000
-0.379,0.137,-1.065,10.05115,-1.25000
-0.501,0.027,-1.197,10.05115,-1.25000
-0.574,-0.038,-1.276,10.05115,-1.25000
-0.606,-0.067,-1.311,10.05115,-1.25000
-0.702,-0.153,-1.414,10.05115,-1.25000
-0.798,-0.238,-1.519,10.05115,-1.25000
-0.892,-0.320,-1.621,10.05115,-1.25000
-0.983,-0.400,-1.721,10.05115,-1.25000
-1.074,-0.478,-1.821,10.05115,-1.25000
-1.163,-0.554,-1.919,10.05115,-1.25000
-1.250,-0.625,-2.017,10.05115,-1.25000
-1.315,-0.653,-2.106,10.05115,-1.25000
-1.397,-0.720,-2.198,10.05115,-1.25000
-1.479,-0.789,-2.289,10.05115,-1.25000
-1.562,-0.858,-2.381,10.05115,-1.25000
-1.644,-0.926,-2.472,10.05115,-1.25000
-1.724,-0.993,-2.561,10.05115,-1.25000
-1.812,-1.070,-2.655,10.05115,-1.25000
-1.928,-1.197,-2.764,10.05115,-1.25000
-2.036,-1.337,-2.850,10.05115,-1.25000
-2.117,-1.489,-2.884,10.05115,-1.25000
30.306,31.165,29.391,10.05115,-1.25000
