Gmag,G_BPmag,G_RPmag,logAge,MH
13.810,15.724,12.536,10.05115,-1.65000
13.420,15.051,12.211,10.05115,-1.65000
12.785,14.089,11.673,10.05115,-1.65000
11.925,12.999,10.903,10.05115,-1.65000
11.409,12.397,10.427,10.05115,-1.65000
11.018,11.956,10.060,10.05115,-1.65000
10.424,11.302,9.497,10.05115,-1.65000
9.881,10.711,8.980,10.05115,-1.65000
9.465,10.261,8.585,10.05115,-1.65000
9.127,9.892,8.264,10.05115,-1.65000
8.757,9.484,7.919,10.05115,-1.65000
8.294,8.959,7.496,10.05115,-1.65000
7.773,8.364,7.027,10.05115,-1.65000
7.209,7.738,6.512,10.05115,-1.65000
6.665,7.132,6.020,10.05115,-1.65000
6.572,7.027,5.936,10.05115,-1.65000
6.426,6.864,5.806,10.05115,-1.65000
6.302,6.727,5.694,10.05115,-1.65000
6.183,6.594,5.588,10.05115,-1.65000
6.116,6.520,5.528,10.05115,-1.65000
6.045,6.441,5.464,10.05115,-1.65000
5.899,6.281,5.332,10.05115,-1.65000
5.762,6.131,5.208,10.05115,-1.65000
5.634,5.992,5.092,10.05115,-1.65000
5.557,5.908,5.021,10.05115,-1.65000
5.508,5.855,4.976,10.05115,-1.65000
5.381,5.719,4.859,10.05115,-1.65000
5.255,5.586,4.742,10.05115,-1.65000
5.139,5.463,4.634,10.05115,-1.65000
5.019,5.335,4.521,10.05115,-1.65000
4.909,5.220,4.418,10.05115,-1.65000
4.891,5.201,4.401,10.05115,-1.65000
4.847,5.155,4.359,10.05115,-1.65000
4.717,5.019,4.236,10.05115,-1.65000
4.588,4.885,4.114,10.05115,-1.65000
4.461,4.753,3.992,10.05115,-1.65000
4.336,4.625,3.871,10.05115,-1.65000
4.212,4.498,3.750,10.05115,-1.65000
4.122,4.407,3.662,10.05115,-1.65000
4.086,4.371,3.625,10.05115,-1.65000
3.936,4.223,3.473,10.05115,-1.65000
3.854,4.144,3.388,10.05115,-1.65000
3.803,4.095,3.335,10.05115,-1.65000
3.778,4.071,3.309,10.05115,-1.65000
3.752,4.047,3.280,10.05115,-1.65000
3.658,3.960,3.176,10.05115,-1.65000
3.575,3.887,3.082,10.05115,-1.65000
3.500,3.825,2.994,10.05115,-1.65000
3.435,3.774,2.914,10.05115,-1.65000
3.378,3.730,2.841,10.05115,-1.65000
3.323,3.689,2.772,10.05115,-1.65000
3.264,3.643,2.699,10.05115,-1.65000
3.186,3.579,2.608,10.05115,-1.65000
3.105,3.507,2.518,10.05115,-1.65000
3.008,3.417,2.414,10.05115,-1.65000
2.971,3.383,2.375,10.05115,-1.65000
2.868,3.284,2.268,10.05115,-1.65000
2.747,3.167,2.142,10.05115,-1.65000
2.635,3.059,2.027,10.05115,-1.65000
2.521,2.949,1.910,10.05115,-1.65000
2.396,2.827,1.782,10.05115,-1.65000
2.273,2.706,1.656,10.05115,-1.65000
2.153,2.589,1.533,10.05115,-1.65000
2.039,2.478,1.417,10.05115,-1.65000
1.918,2.360,1.294,10.05115,-1.65000
1.792,2.237,1.165,10.05115,-1.65000
1.677,2.125,1.046,10.05115,-1.65000
1.562,2.013,0.929,10.05115,-1.65000
1.445,1.899,0.809,10.05115,-1.65000
1.332,1.790,0.694,10.05115,-1.65000
1.215,1.676,0.574,10.05115,-1.65000
1.103,1.567,0.458,10.05115,-1.65000
0.994,1.462,0.346,10.05115,-1.65000
0.881,1.352,0.230,10.05115,-1.65000
0.769,1.244,0.114,10.05115,-1.65000
0.662,1.142,0.004,10.05115,-1.65000
0.557,1.040,-0.105,10.05115,-1.65000
0.446,0.934,-0.219,10.05115,-1.65000
0.342,0.835,-0.327,10.05115,-1.65000
0.239,0.736,-0.433,10.05115,-1.65000
0.135,0.636,-0.542,10.05115,-1.65000
0.038,0.544,-0.642,10.05115,-1.65000
-0.057,0.454,-0.741,10.05115,-1.65000
-0.145,0.370,-0.832,10.05115,-1.65000
-0.204,0.314,-0.893,10.05115,-1.65000
-0.170,0.345,-0.858,10.05115,-1.65000
-0.166,0.349,-0.853,10.05115,-1.65000
-0.230,0.288,-0.920,10.05115,-1.65000
-0.332,0.192,-1.026,10.05115,-1.65000
-0.432,0.097,-1.131,10.05115,-1.65000
-0.531,0.004,-1.235,10.05115,-1.65000
-0.624,-0.083,-1.332,10.05115,-1.65000
-0.722,-0.174,-1.436,10.05115,-1.65000
-0.814,-0.259,-1.533,10.05115,-1.65000
-0.910,-0.347,-1.634,10.05115,-1.65000
-1.000,-0.429,-1.730,10.05115,-1.65000
-1.112,-0.530,-1.850,10.05115,-1.65000
-1.219,-0.625,-1.965,10.05115,-1.65000
-1.310,-0.705,-2.063,10.05115,-1.65000
-1.411,-0.794,-2.173,10.05115,-1.65000
-1.498,-0.869,-2.267,10.05115,-1.65000
-1.594,-0.952,-2.374,10.05115,-1.65000
-1.694,-1.036,-2.483,10.05115,-1.65000
-1.791,-1.117,-2.591,10.05115,-1.65000
-1.881,-1.194,-2.689,10.05115,-1.65000
-1.975,-1.275,-2.791,10.05115,-1.65000
-2.061,-1.347,-2.886,10.05115,-1.65000
-2.149,-1.420,-2.983,10.05115,-1.65000
-2.236,-1.492,-3.079,10.05115,-1.65000
-2.316,-1.558,-3.169,10.05115,-1.65000
-2.398,-1.624,-3.260,10.05115,-1.65000
-2.478,-1.688,-3.349,10.05115,-1.65000
-2.555,-1.749,-3.435,10.05115,-1.65000
-2.636,-1.813,-3.526,10.05115,-1.65000
-2.710,-1.871,-3.609,10.05115,-1.65000
-2.785,-1.929,-3.692,10.05115,-1.65000
-2.843,-1.973,-3.758,10.05115,-1.65000
0.727,1.032,0.245,10.05115,-1.65000
0.679,0.995,0.185,10.05115,-1.65000
0.674,0.989,0.180,10.05115,-1.65000
0.672,0.985,0.179,10.05115,-1.65000
0.670,0.982,0.179,10.05115,-1.65000
0.670,0.980,0.181,10.05115,-1.65000
0.670,0.978,0.184,10.05115,-1.65000
0.671,0.976,0.188,10.05115,-1.65000
0.672,0.975,0.192,10.05115,-1.65000
0.673,0.974,0.196,10.05115,-1.65000
0.674,0.973,0.200,10.05115,-1.65000
0.675,0.972,0.202,10.05115,-1.65000
0.675,0.971,0.204,10.05115,-1.65000
0.675,0.970,0.205,10.05115,-1.65000
0.675,0.969,0.205,10.05115,-1.65000
0.675,0.969,0.205,10.05115,-1.65000
0.674,0.968,0.203,10.05115,-1.65000
0.672,0.968,0.200,10.05115,-1.65000
0.669,0.967,0.195,10.05115,-1.65000
0.666,0.967,0.188,10.05115,-1.65000
0.662,0.967,0.180,10.05115,-1.65000
0.657,0.966,0.169,10.05115,-1.65000
0.651,0.966,0.157,10.05115,-1.65000
0.648,0.965,0.152,10.05115,-1.65000
0.647,0.965,0.149,10.05115,-1.65000
0.640,0.965,0.134,10.05115,-1.65000
0.632,0.964,0.119,10.05115,-1.65000
0.623,0.962,0.101,10.05115,-1.65000
0.613,0.959,0.083,10.05115,-1.65000
0.602,0.955,0.066,10.05115,-1.65000
0.590,0.949,0.048,10.05115,-1.65000
0.578,0.942,0.031,10.05115,-1.65000
0.565,0.933,0.012,10.05115,-1.65000
0.550,0.923,-0.007,10.05115,-1.65000
0.532,0.910,-0.030,10.05115,-1.65000
0.544,0.917,-0.013,10.05115,-1.65000
0.514,0.896,-0.052,10.05115,-1.65000
0.477,0.867,-0.098,10.05115,-1.65000
0.401,0.804,-0.187,10.05115,-1.65000
0.311,0.728,-0.290,10.05115,-1.65000
0.218,0.648,-0.396,10.05115,-1.65000
0.126,0.567,-0.498,10.05115,-1.65000
0.037,0.488,-0.595,10.05115,-1.65000
-0.015,0.441,-0.652,10.05115,-1.65000
-0.016,0.440,-0.654,10.05115,-1.65000
-0.111,0.354,-0.756,10.05115,-1.65000
-0.196,0.276,-0.847,10.05115,-1.65000
-0.264,0.213,-0.920,10.05115,-1.65000
-0.301,0.179,-0.958,10.05115,-1.65000
-0.310,0.171,-0.968,10.05115,-1.65000
-0.296,0.183,-0.953,10.05115,-1.65000
-0.263,0.213,-0.918,10.05115,-1.65000
-0.300,0.180,-0.958,10.05115,-1.65000
-0.356,0.129,-1.018,10.05115,-1.65000
-0.455,0.038,-1.124,10.05115,-1.65000
-0.577,-0.074,-1.254,10.05115,-1.65000
-0.688,-0.176,-1.372,10.05115,-1.65000
-0.792,-0.272,-1.483,10.05115,-1.65000
-0.894,-0.365,-1.591,10.05115,-1.65000
-0.993,-0.457,-1.697,10.05115,-1.65000
-1.091,-0.546,-1.801,10.05115,-1.65000
-1.192,-0.636,-1.910,10.05115,-1.65000
-1.292,-0.726,-2.019,10.05115,-1.65000
-1.393,-0.813,-2.128,10.05115,-1.65000
-1.493,-0.900,-2.238,10.05115,-1.65000
-1.592,-0.984,-2.348,10.05115,-1.65000
-1.690,-1.067,-2.456,10.05115,-1.65000
-1.788,-1.148,-2.565,10.05115,-1.65000
-1.884,-1.226,-2.672,10.05115,-1.65000
-1.973,-1.297,-2.774,10.05115,-1.65000
-2.057,-1.367,-2.867,10.05115,-1.65000
-2.142,-1.436,-2.962,10.05115,-1.65000
-2.235,-1.510,-3.066,10.05115,-1.65000
-2.333,-1.589,-3.176,10.05115,-1.65000
-2.446,-1.680,-3.304,10.05115,-1.65000
-2.502,-1.723,-3.366,10.05115,-1.65000
-2.531,-1.746,-3.399,10.05115,-1.65000
-2.577,-1.782,-3.451,10.05115,-1.65000
-2.654,-1.840,-3.539,10.05115,-1.65000
-2.673,-1.854,-3.560,10.05115,-1.65000
-2.957,-2.061,-3.886,10.05115,-1.65000
-2.612,-1.801,-3.495,10.05115,-1.65000
-2.314,-1.571,-3.157,10.05115,-1.65000
-1.888,-1.235,-2.673,10.05115,-1.65000
-1.900,-1.244,-2.688,10.05115,-1.65000
-2.106,-1.404,-2.922,10.05115,-1.65000
-2.446,-1.671,-3.309,10.05115,-1.65000
-2.731,-1.884,-3.634,10.05115,-1.65000
-2.913,-2.009,-3.845,10.05115,-1.65000
-3.010,-2.071,-3.959,10.05115,-1.65000
-3.059,-2.101,-4.019,10.05115,-1.65000
-3.090,-2.117,-4.057,10.05115,-1.65000
30.415,30.470,30.293,10.05115,-1.65000
